FILE_INFO
ListSeparator=,
DecimalSeparator=.

SESSION_INFO
TimeZone,UTC
TimeZoneOffset,0
DateTimeFormat,nnnnnnnnnnnnnnnnnnn
StartTime,04/29/26 21:38:25.022139392
TimeFormat,Unix

DEVICE_INFO
Address,*

CHANNEL_INFO
Channel,Type,SampleRate,Equation,Coefficients,Unit,UnitSymbol,WhereApplied,WhenApplied
inertial-6286.188861:roll,Timeseries,100Hz,,,,,,
inertial-6286.188861:pitch,Timeseries,100Hz,,,,,,
inertial-6286.188861:yaw,Timeseries,100Hz,,,,,,

DATA_START
Time,inertial-6286.188861:roll,inertial-6286.188861:pitch,inertial-6286.188861:yaw
1777498705022139392,0.0003831830399576575,-0.0002708742977119982,-0.0007360795279964805
1777498705032243200,0.0003818257246166468,-0.0002719638287089765,-0.0007347121136263013
1777498705042327040,0.000383380422135815,-0.0002696651790756732,-0.0007352677057497203
1777498705052390912,0.0003837455587927252,-0.0002716747403610498,-0.0007327669882215559
1777498705062434816,0.000383044098271057,-0.0002707052626647055,-0.0007381670875474811
1777498705072459008,0.0003787469177041203,-0.0002737433824222535,-0.000739847426302731
1777498705082463488,0.0003711040189955384,-0.0002854587219189852,-0.0007439344772137702
1777498705092448256,0.0003683609538711607,-0.0002832806494552642,-0.0007440052577294409
1777498705102413056,0.0003622145741246641,-0.0002843688416760415,-0.000747096142731607
1777498705112358400,0.0003537019074428827,-0.0002847519936040044,-0.0007452731369994581
1777498705122284032,0.0003499185550026596,-0.0002871712786145508,-0.0007466563256457448
1777498705132190208,0.0003487428184598684,-0.0002824692055583,-0.0007462609792128205
1777498705142077184,0.0003492396208457649,-0.0002781382645480335,-0.0007396140717901289
1777498705151944192,0.0003492475370876491,-0.0002882048429455608,-0.0007349984371103346
1777498705161792512,0.0003494874981697649,-0.0002840450033545494,-0.0007342704921029508
1777498705171621632,0.0003476982819847763,-0.000277905201073736,-0.0007313295500352979
1777498705181431296,0.0003490221861284226,-0.0002807521377690136,-0.0007283348822966218
1777498705191221248,0.0003486209316179156,-0.0002795461914502084,-0.0007298162090592086
1777498705200992000,0.0003515194403007627,-0.0002854471968021244,-0.0007356832502409816
1777498705210984192,0.0003474082914181054,-0.0002830627199728042,-0.000740165647584945
1777498705221197312,0.0003380967536941171,-0.0002873048943001777,-0.0007446239469572902
1777498705231390464,0.000340383849106729,-0.0002832951431628317,-0.0007503098458983004
1777498705241563392,0.0003406523901503533,-0.0002862284891307354,-0.0007515815668739378
1777498705251716608,0.0003394361701793969,-0.0002822335518430918,-0.0007477433537133038
1777498705261849600,0.0003363314608577639,-0.0002837771025951952,-0.0007461885688826442
1777498705271962880,0.000343106483342126,-0.0002907738962676376,-0.0007438433240167797
1777498705282055936,0.0003485326305963099,-0.0002890598843805492,-0.0007296396652236581
1777498705292129024,0.0003503268526401371,-0.0002756254689302295,-0.0007210903568193316
1777498705302182144,0.0003497311263345182,-0.000264652248006314,-0.0007070234860293567
1777498705312216832,0.0003505622153170407,-0.0002528289041947573,-0.0006971099064685404
1777498705322232064,0.000352682953234762,-0.0002458019589539617,-0.0006850672652944922
1777498705332227328,0.000359972647856921,-0.000243086731643416,-0.0006800577393732965
1777498705342202880,0.000362490100087598,-0.000246794312261045,-0.0006822430295869708
1777498705352158464,0.0003614416054915637,-0.0002422811812721193,-0.0006867017364129424
1777498705362094848,0.0003553566348273307,-0.000236920895986259,-0.0006921557360328734
1777498705372011264,0.0003485252091195434,-0.0002363604871788993,-0.0007026619859971106
1777498705381907968,0.000339218502631411,-0.0002353638410568237,-0.0007115345797501504
1777498705391785472,0.0003246702253818512,-0.0002314519952051342,-0.0007163057452999055
1777498705401643776,0.0003095588472206146,-0.0002273771387990564,-0.0007209882605820894
1777498705411482112,0.0002938901598099619,-0.0002165923797292635,-0.0007223337888717651
1777498705421301504,0.0002825457777362317,-0.0002023034321609885,-0.0007250792696140707
1777498705431101184,0.0002688343520276248,-0.0001844379148678854,-0.000725561345461756
1777498705440881408,0.000248779688263312,-0.0001669035118538886,-0.0007274813833646476
1777498705450879232,0.0002233265986433253,-0.0001496070617577061,-0.0007324856705963612
1777498705461093888,0.0002032846969086677,-0.0001445982343284413,-0.0007474554004147649
1777498705471288832,0.0001869519910542294,-0.0001351725368294865,-0.0007720669964328408
1777498705481463296,0.0001629447942832485,-0.0001227618049597368,-0.0008022706024348736
1777498705491618048,0.0001351264945697039,-0.0001146475915447809,-0.0008479121024720371
1777498705501753344,0.0001014741865219548,-0.0001085576441255398,-0.0009051533997990191
1777498705511869184,8.072364289546385e-05,-0.0001214719304698519,-0.0009646336548030376
1777498705521965824,6.133878196123987e-05,-0.0001307783531956375,-0.001023648888804018
1777498705532042752,4.364883716334589e-05,-0.0001278784329770133,-0.001075034379027784
1777498705542099456,2.680991565284785e-05,-0.0001286893675569445,-0.001132026081904769
1777498705552136704,2.019945895881392e-05,-0.0001332056417595595,-0.001180010964162648
1777498705562154240,5.825333573739044e-06,-0.0001315603003604338,-0.00121890811715275
1777498705572152320,7.175187306529551e-07,-0.0001351801620330662,-0.001240228652022779
1777498705582130688,-1.61960724653909e-06,-0.0001390115357935429,-0.00124798237811774
1777498705592089600,1.502177292422857e-05,-0.0001295396068599075,-0.001241712481714785
1777498705602029056,3.811912029050291e-05,-0.0001307001220993698,-0.001223530969582498
1777498705611949056,6.690205918857828e-05,-0.0001117851643357426,-0.001188602880574763
1777498705621849344,9.034892718773335e-05,-0.0001090347504941747,-0.001143752131611109
1777498705631730176,0.000119636046292726,-8.919370156945661e-05,-0.001096079242415726
1777498705641591296,0.0001698565611150116,-7.871327397879213e-05,-0.001048064092174172
1777498705651433216,0.0002146173646906391,-6.947500514797866e-05,-0.0009912705281749368
1777498705661255424,0.000249881821218878,-4.778644870384596e-05,-0.0009267686400562525
1777498705671058688,0.0002814383187796921,-3.193492375430651e-05,-0.0008688273373991251
1777498705680842752,0.0003159665793646127,-2.871434844564646e-05,-0.0008200713782571256
1777498705690844160,0.0003485887718852609,-8.306355084641837e-06,-0.0007837370503693819
1777498705701061888,0.0003734397178050131,1.712319544822094e-06,-0.0007533324533142149
1777498705711259392,0.0003876037371810526,2.277843850606587e-05,-0.0007388594676740468
1777498705721437952,0.0003968661767430604,2.690318979148287e-05,-0.00072757329326123
1777498705731596544,0.0004092101589776576,3.062375253648497e-05,-0.0007250777562148869
1777498705741735424,0.0004134447954129428,3.863936217385344e-05,-0.0007252987707033753
1777498705751854592,0.0004243123985361308,4.599753447109833e-05,-0.0007316968403756618
1777498705761954048,0.0004386699292808771,6.098506128182635e-05,-0.000736954971216619
1777498705772033792,0.0004340463783591986,7.903984806034714e-05,-0.0007436808082275093
1777498705782093824,0.0004221904382575303,9.746250725584105e-05,-0.0007513838936574757
1777498705792134400,0.0004273237427696586,0.0001011597632896155,-0.0007658989052288234
1777498705802155264,0.0004331911623012275,9.30192691157572e-05,-0.0007816454162821174
1777498705812158208,0.0004349141963757575,8.37384577607736e-05,-0.0008019680972211063
1777498705822142720,0.0004333301330916584,7.359267328865826e-05,-0.0008308146498166025
1777498705832107520,0.0004156469076406211,6.88349173287861e-05,-0.0008808798156678677
1777498705842052608,0.0003990963741671294,6.935299461474642e-05,-0.0009511046227999032
1777498705851978240,0.0003945162461604923,6.356388621497899e-05,-0.001018817303702235
1777498705861884160,0.0004074432654306293,3.188180198776536e-05,-0.00108363782055676
1777498705871770112,0.0004143331607338041,4.729809006676078e-06,-0.001133296987973154
1777498705881637120,0.0004275050887372345,-1.672913822403643e-05,-0.001145257265307009
1777498705891484416,0.0004786649660672992,-4.332784374128096e-05,-0.001120831002481282
1777498705901312768,0.0005301188793964684,-4.284187889425084e-05,-0.001058214460499585
1777498705911121408,0.0006062043830752373,-4.002717832918279e-05,-0.0009554917924106121
1777498705920910592,0.0007114359177649021,-2.607106580398977e-05,-0.0008241428877227008
1777498705930680832,0.0008198919240385294,-3.574347647372633e-05,-0.000660369114484638
1777498705940898816,0.0009159350302070379,-1.441512904420961e-05,-0.0004730294458568096
1777498705951096832,0.001058018649928272,-3.823974566330435e-06,-0.0002682296035345644
1777498705961274880,0.001174805569462478,-6.080960702092852e-06,-3.163475048495457e-05
1777498705971432448,0.001269425498321652,1.492053343099542e-05,0.0002344898093724623
1777498705981570560,0.001373880659230053,5.721468369301874e-06,0.000492909864988178
1777498705991689216,0.001477406360208988,-1.16929932119092e-05,0.0007125430274754763
1777498706001788160,0.001578097930178046,-1.268814799004758e-06,0.0009153499267995358
1777498706011866880,0.001612030901014805,-1.988633812288754e-05,0.00110662030056119
1777498706021926144,0.001673378865234554,1.453894128644606e-05,0.001259825192391872
1777498706031965696,0.001706956420093775,5.139292989042588e-05,0.001360685448162258
1777498706041985280,0.001723311841487885,4.79705813631881e-05,0.001415067352354527
1777498706051985152,0.001718594343401492,4.234765219734982e-05,0.001416600774973631
1777498706061965056,0.00170071329921484,1.603557575435843e-05,0.001366304350085557
1777498706071925504,0.001646497985348105,-9.512443284620531e-06,0.001262777135707438
1777498706081866240,0.001582965953275561,-3.949165693484247e-05,0.001113708363845944
1777498706091787520,0.001521817175671458,-5.811826122226194e-05,0.0009545200737193227
1777498706101689088,0.001463298569433391,-6.907854549353942e-05,0.0007952762534841895
1777498706111571200,0.001399412052705884,-6.672635936411098e-05,0.0006417695549316704
1777498706121433600,0.001345215132459998,-7.388539233943447e-05,0.0005029718740843236
1777498706131276800,0.001317656016908586,-5.928903192398138e-05,0.0003929350641556084
1777498706141100288,0.001295552588999271,-7.263227598741651e-05,0.0003276777570135891
1777498706150905344,0.00128311337903142,-6.903779285494238e-05,0.0003067535872105509
1777498706160691968,0.001309948973357677,-7.414035644615069e-05,0.0003389916382730007
1777498706170461184,0.001348554971627891,-6.069453593227081e-05,0.0004202377458568662
1777498706180685312,0.001393006416037679,-4.303267996874638e-05,0.00054726074449718
1777498706190889472,0.001449258183129132,-2.058153404504992e-05,0.000714581401553005
1777498706201073152,0.001512176939286292,1.340522067039274e-05,0.000906632689293474
1777498706211237376,0.001587436883710325,4.449891639524139e-05,0.001113205449655652
1777498706221381632,0.001658286200836301,7.355566776823252e-05,0.0013244254514575
1777498706231505920,0.001709813484922051,9.463838796364143e-05,0.001525223720818758
1777498706241610752,0.001750985276885331,0.0001022528813336976,0.001701527857221663
1777498706251695104,0.001770396600477397,0.0001005651793093421,0.001826755120418966
1777498706261760000,0.001758559257723391,8.877261279849336e-05,0.001883031334728003
1777498706271804672,0.001722108805552125,8.479027746943757e-05,0.001875009038485587
1777498706281829888,0.001671624719165266,6.489266525022686e-05,0.001810664311051369
1777498706291835136,0.001613952917978168,5.557305848924443e-05,0.001697018044069409
1777498706301820672,0.001540575991384685,3.553060741978697e-05,0.001548491767607629
1777498706311787008,0.001440695021301508,1.665958370722365e-05,0.00138265744317323
1777498706321733376,0.001320098876021802,4.264759922989469e-07,0.001205702777951956
1777498706331660288,0.001241438440047204,-9.14334123081062e-06,0.001026402460411191
1777498706341567232,0.001174488803371787,-2.643333755258936e-05,0.0008512707427144051
1777498706351454464,0.001085038296878338,-1.893262742669322e-05,0.0007118353969417512
1777498706361322496,0.001017581904307008,-5.059213435743004e-05,0.0006111236289143562
1777498706371170816,0.0009469513897784054,-2.665254214662127e-05,0.0005373468738980591
1777498706380999680,0.0008931165211834013,-2.800925722112879e-05,0.000482665142044425
1777498706390812416,0.0008472726913169026,-3.333857603138313e-05,0.0004407069063745439
1777498706400605696,0.0008251940016634762,-2.489654434612021e-05,0.000421081465901807
1777498706410379776,0.0008027564617805183,1.917675263030105e-07,0.0004313412064220756
1777498706420374272,0.000770454469602555,5.893428806302836e-06,0.0004764006589539349
1777498706430588672,0.0007592643960379064,2.178670183639042e-05,0.0005395271582528949
1777498706440783104,0.000776943750679493,2.675990799616557e-05,0.0006262373644858599
1777498706450957056,0.0007795019773766398,4.595168138621375e-05,0.0007316517876461148
1777498706461111296,0.0007654371438547969,6.350857438519597e-05,0.0008609383949078619
1777498706471245312,0.0007547794375568628,7.244198786793277e-05,0.0009646356338635087
1777498706481359360,0.0007337085553444922,7.773582910886034e-05,0.001026810379698873
1777498706491453440,0.0006995906005613506,7.353594264714047e-05,0.00105089764110744
1777498706501527808,0.0006472242530435324,7.049148553051054e-05,0.001015965361148119
1777498706511581952,0.0005980514106340706,5.573091038968414e-05,0.000914211617782712
1777498706521616640,0.0005285927909426391,3.607697726693004e-05,0.0007666915189474821
1777498706531631104,0.0004252747748978436,5.126640826347284e-05,0.0006062013562768698
1777498706541625856,0.0003407353651709855,5.971623249934055e-05,0.0004397815791890025
1777498706551602432,0.000211698017665185,6.858506822027266e-05,0.0002591220254544169
1777498706561559552,9.68875247053802e-05,8.977643301477656e-05,4.529754733084701e-05
1777498706571497216,4.763184278999688e-06,5.775749741587788e-05,-0.0002079318946925923
1777498706581415168,-0.0001214885269291699,4.870937118539587e-05,-0.0004801838658750057
1777498706591314176,-0.0002513888757675886,4.066522888024338e-05,-0.0007425551884807646
1777498706601193472,-0.0003194869786966592,6.755796493962407e-05,-0.0009538751910440624
1777498706611053568,-0.0003971833793912083,8.414596959482878e-05,-0.001103095361031592
1777498706620893952,-0.0004633603966794908,8.243144111474976e-05,-0.001200573984533548
1777498706630715136,-0.0004901454085484147,6.549169484060258e-05,-0.001252887421287596
1777498706640516864,-0.0004875061858911067,5.665510616381653e-05,-0.001253266585990787
1777498706650299392,-0.0004699407436419278,4.505285687628202e-05,-0.001208326895721257
1777498706660298240,-0.0004515204927884042,4.259526758687571e-05,-0.001122787361964583
1777498706670513152,-0.0004420685581862926,4.26371734647546e-05,-0.001021310454234481
1777498706680708096,-0.0004216418892610818,5.405948104453273e-05,-0.0009351298213005066
1777498706690882560,-0.0004114400362595916,6.353006028803065e-05,-0.0008643680484965444
1777498706701037056,-0.0004067628760822117,4.999172597308643e-05,-0.0008321376517415047
1777498706711172864,-0.0004101781523786485,3.103581184404902e-05,-0.0008594651590101421
1777498706721289728,-0.0004439864424057305,1.946327756741084e-05,-0.0009328605374321342
1777498706731386880,-0.0004968952853232622,9.916723684000317e-06,-0.001038078567944467
1777498706741464576,-0.0005623342003673315,3.755452780751511e-06,-0.001183699001558125
1777498706751522816,-0.0006341906846500933,-5.120215064380318e-06,-0.001366136944852769
1777498706761561344,-0.0006667421548627317,-1.331213479716098e-05,-0.001546212937682867
1777498706771580416,-0.0007173439953476191,-3.341487536090426e-05,-0.001680244226008654
1777498706781579264,-0.0007351716631092131,-4.861031629843637e-05,-0.001774025498889387
1777498706791558656,-0.0007225382141768932,-6.522267358377576e-05,-0.001819839118979871
1777498706801518080,-0.000698875926900655,-7.500157516915351e-05,-0.001803649007342756
1777498706811458304,-0.000649833120405674,-7.857002492528409e-05,-0.001737748621962965
1777498706821378816,-0.0006208406412042677,-5.175045225769281e-05,-0.001647524884901941
1777498706831279872,-0.00058699183864519,-4.881764107267372e-05,-0.001552143250592053
1777498706841161472,-0.0005223163170740008,-5.686985605279915e-05,-0.001449066796340048
1777498706851023360,-0.0004629757313523442,-5.746721217292361e-05,-0.001349347876384854
1777498706860866048,-0.0004020702908746898,-5.866095307283103e-05,-0.001250239321961999
1777498706870689536,-0.0003526576037984341,-5.404938565334305e-05,-0.001162901753559709
1777498706880494080,-0.0003348620084580034,-4.3189873395022e-05,-0.001096581807360053
1777498706890279168,-0.0003231712616980076,-4.069025817443617e-05,-0.001065630582161248
1777498706900280064,-0.0003374530933797359,-2.864681482606102e-05,-0.001056683133356273
1777498706910496768,-0.0003539928875397891,-3.577896495698951e-05,-0.001068824320100248
1777498706920693760,-0.0003573274880181998,-4.163977428106591e-05,-0.001108117983676493
1777498706930871552,-0.0003726751310750842,-7.009241380728781e-05,-0.00117116910405457
1777498706941029632,-0.0003957570297643542,-9.873294766293839e-05,-0.001257045660167933
1777498706951167232,-0.0004241163260303438,-0.0001179647661047056,-0.001347624463960528
1777498706961285120,-0.0004460072086658329,-0.0001312341773882508,-0.001416506478562951
1777498706971382784,-0.0004543011891655624,-0.0001417960011167452,-0.001451600342988968
1777498706981460736,-0.0004377467266749591,-0.0001574850757606328,-0.001455200952477753
1777498706991518464,-0.0004181662225164473,-0.000160332812811248,-0.001430192729458213
1777498707001556224,-0.0003883070312440395,-0.000166554658790119,-0.001377358217723668
1777498707011575808,-0.0003547450760379434,-0.0001546450657770038,-0.001321935560554266
1777498707021576448,-0.0003316962393000722,-0.0001620432740310207,-0.00127617153339088
1777498707031557632,-0.0003302994009573013,-0.000154220120748505,-0.001247703796252608
1777498707041518848,-0.0003326333244331181,-0.0001439267653040588,-0.001253973809070885
1777498707051460608,-0.000337517325533554,-0.0001340755261480808,-0.00127568980678916
1777498707061382656,-0.0003528663073666394,-0.0001390448596794158,-0.001309583080001175
1777498707071285504,-0.0003732059558387846,-0.0001486226392444223,-0.001358900452032685
1777498707081168384,-0.0003935055865440518,-0.0001550656306790188,-0.001416430459357798
1777498707091031808,-0.00042632085387595,-0.0001688593620201573,-0.001477221376262605
1777498707100875776,-0.0004478547198232263,-0.0001692794758128002,-0.00152094685472548
1777498707110700544,-0.0004631274496205151,-0.0001735479163471609,-0.001545161125250161
1777498707120505600,-0.0004676544631365687,-0.0001839198666857556,-0.001546301529742777
1777498707130291200,-0.000461988034658134,-0.0002030560135608539,-0.001531980815343559
1777498707140057856,-0.0004470581188797951,-0.0002058860845863819,-0.001506702392362058
1777498707150276352,-0.0004298636049497873,-0.0002047232410404831,-0.001462089014239609
1777498707160474368,-0.0004258253611624241,-0.000210983183933422,-0.001418044324964285
1777498707170652416,-0.0004352749674580991,-0.0002040564868366346,-0.001396774896420538
1777498707180810240,-0.0004412420094013214,-0.0002180892624892294,-0.001401619287207723
1777498707190948608,-0.0004568924778141081,-0.0002194300177507102,-0.001440362888388336
1777498707201067008,-0.0004812919942196459,-0.0002280742046423256,-0.001502496539615095
1777498707211165440,-0.0005074645741842687,-0.0002472249034326524,-0.00158708868548274
1777498707221243904,-0.0005413851467892528,-0.0002625889901537448,-0.001681559020653367
1777498707231302400,-0.0005747679970227182,-0.0002760826027952135,-0.001772255171090364
1777498707241340928,-0.0006069767405278981,-0.0002687840606085956,-0.001856715534813702
1777498707251359488,-0.0006185759557411075,-0.0002782008377835155,-0.001923828851431608
1777498707261358336,-0.000622719875536859,-0.0002827247662935406,-0.001962245441973209
1777498707271337728,-0.0006142574129626155,-0.000295949139399454,-0.001971757272258401
1777498707281297152,-0.0005876977229490876,-0.0003067242505494505,-0.001957436325028539
1777498707291236864,-0.0005579544231295586,-0.0003230177680961788,-0.001932286657392979
1777498707301157120,-0.000519296620041132,-0.0003416305407881737,-0.001891560154035687
1777498707311057408,-0.0004673772782552987,-0.000374666036805138,-0.001843699719756842
1777498707320940544,-0.0004203938005957752,-0.0004008596879430115,-0.001788435387425125
1777498707330806528,-0.0003612070868257433,-0.0004461446951609105,-0.00173205987084657
1777498707340653312,-0.0003027758793905377,-0.0005024923593737185,-0.00167927099391818
1777498707350481408,-0.0002361781662330031,-0.0005641253665089607,-0.001643819618038833
1777498707360290560,-0.0001586701400810853,-0.0006664370885118842,-0.001603375771082938
1777498707370080512,-8.974302909336984e-05,-0.0007554856711067259,-0.001538646058179438
1777498707379851776,-1.291895387112163e-05,-0.0008359973435290158,-0.001430844538845122
1777498707390071808,8.31356446724385e-05,-0.0009215077734552324,-0.001268119900487363
1777498707400271872,0.000180075250682421,-0.0009770400356501341,-0.001059165806509554
1777498707410451712,0.0002855081402231008,-0.00102392875123769,-0.0008115664240904152
1777498707420612096,0.0003891174565069377,-0.001072342856787145,-0.0005479672108776867
1777498707430752768,0.000483979529235512,-0.001168928109109402,-0.0003015608235727996
1777498707440873984,0.0005896756192669272,-0.001273731817491353,-6.790817133150995e-05
1777498707450975232,0.0006726220017299056,-0.001344172284007072,0.000160579991643317
1777498707461056512,0.0007401040056720376,-0.001417773426510394,0.0003915462584700435
1777498707471117824,0.0007713126833550632,-0.001470223418436944,0.0006172886351123452
1777498707481159424,0.0007911831489764154,-0.001540095894597471,0.0008133447845466435
1777498707491181312,0.0008099510450847447,-0.001586397411301732,0.0009571505361236632
1777498707501183232,0.0008346425020135939,-0.001621566247195005,0.001034046057611704
1777498707511165440,0.0008491587359458208,-0.001634638989344239,0.001035277149640024
1777498707521128192,0.0008283828501589596,-0.001655877102166414,0.0009836457902565598
1777498707531071488,0.0007745245820842683,-0.001675733714364469,0.0009210556745529175
1777498707540994816,0.0007329563377425075,-0.001703975605778396,0.0008506610756739974
1777498707550898432,0.000684101483784616,-0.001723720459267497,0.0007765221525914967
1777498707560782592,0.0006422670558094978,-0.001746699796058238,0.0007027025567367673
1777498707570647552,0.0006051999516785145,-0.001759096863679588,0.0006177990580908954
1777498707580492800,0.0005492524360306561,-0.001779685146175325,0.0005138621781952679
1777498707590318848,0.0005065364530310035,-0.00179295486304909,0.0004136895295232534
1777498707600129024,0.0004731687076855451,-0.001800190773792565,0.0003378760593477637
1777498707609919744,0.0004502392839640379,-0.001795899122953415,0.0002935052907560021
1777498707619691008,0.0004409875255078077,-0.001808144035749137,0.0002746535174082965
1777498707629916416,0.0004353884723968804,-0.001811802037991583,0.0002735928865149617
1777498707640121600,0.0004350445524323732,-0.001825309474952519,0.0002787833800539374
1777498707650307072,0.0004437135939951986,-0.001828422653488815,0.0002839380758814514
1777498707660472832,0.0004507714475039393,-0.001833600224927068,0.0002968232438433915
1777498707670618624,0.0004671220376621932,-0.001834648544900119,0.0003163481596857309
1777498707680744448,0.000488109712023288,-0.001848134328611195,0.0003521460457704961
1777498707690850304,0.0005133599042892456,-0.001849826308898628,0.0004008659161627293
1777498707700936192,0.000532880425453186,-0.00184462359175086,0.0004610698670148849
1777498707711002112,0.0005585180479101837,-0.001843519043177366,0.0005150557844899595
1777498707721048064,0.0005748256808146834,-0.001840927405282855,0.0005569665809161961
1777498707731074560,0.0005847794818691909,-0.001850931672379375,0.0005863521946594119
1777498707741081856,0.0005895287031307817,-0.001855661044828594,0.0006083108601160347
1777498707751070208,0.0005972514045424759,-0.001856175716966391,0.0006204425590112805
1777498707761038848,0.0005986926844343543,-0.001856135670095682,0.0006246441625989974
1777498707770987776,0.0005945420125499368,-0.001867203158326447,0.0006200550706125796
1777498707780917248,0.0005810674047097564,-0.001874530571512878,0.0006001541623845696
1777498707790827008,0.0005506875459104776,-0.001875923480838537,0.0005723594222217798
1777498707800717312,0.0005352945881895721,-0.001879157614894211,0.0005352224688977003
1777498707810587904,0.0005130908102728426,-0.00188953906763345,0.0005047657177783549
1777498707820439040,0.0004927871632389724,-0.001895393012091517,0.0004740148724522442
1777498707830271232,0.0004788964288309216,-0.001899190014228225,0.0004445177619345486
1777498707840083456,0.0004664674343075603,-0.001901975716464221,0.0004172368790023029
1777498707849876224,0.0004545673436950892,-0.001900440081954002,0.0003934561682399362
1777498707859650048,0.0004438063479028642,-0.001898864400573075,0.0003771640185732394
1777498707869877248,0.0004481270152609795,-0.001905961893498898,0.000373282702639699
1777498707880083968,0.000448036880698055,-0.00190728553570807,0.0003738804662134498
1777498707890270720,0.0004542743845377117,-0.001904678181745112,0.0003872937522828579
1777498707900437504,0.0004610645119100809,-0.001906252582557499,0.0004075589240528643
1777498707910584576,0.0004676538810599595,-0.001912231557071209,0.0004333070537541062
1777498707920711424,0.0004841210029553622,-0.001918571535497904,0.0004571886092890054
1777498707930818304,0.0005087088793516159,-0.001914518303237855,0.0004881677741650492
1777498707940905728,0.0005241449107415974,-0.00191072269808501,0.000515204737894237
1777498707950972928,0.0005338200717233121,-0.001913485932163894,0.0005377941415645182
1777498707961020160,0.0005445819115266204,-0.00192170322407037,0.0005556578398682177
1777498707971047680,0.0005485021392814815,-0.001919843605719507,0.0005618743016384542
1777498707981055744,0.0005435322527773678,-0.001926487311720848,0.0005593697424046695
1777498707991043584,0.0005364835960790515,-0.001923653297126293,0.0005545485182665288
1777498708001011712,0.0005324324010871351,-0.001927779987454414,0.0005387059063650668
1777498708010960384,0.0005184550536796451,-0.00193149852566421,0.0005186841008253396
1777498708020889088,0.0005123380105942488,-0.001936500542797148,0.0004956840421073139
1777498708030799872,0.0005021161632612348,-0.001940932124853134,0.0004717147094197571
1777498708040692480,0.0004924288368783891,-0.001946213305927813,0.0004495327302720398
1777498708050565376,0.000486706878291443,-0.001948579330928624,0.0004334061522968113
1777498708060419072,0.0004832773120142519,-0.001959748333320022,0.0004120482190046459
1777498708070252800,0.0004740731965284795,-0.001959936926141381,0.0004006659728474915
1777498708080067584,0.0004718794662039727,-0.001963327173143625,0.0003966643416788429
1777498708089862912,0.0004739679570775479,-0.00196586106903851,0.000399575917981565
1777498708099638784,0.0004799641901627183,-0.001965895993635058,0.0004109893052373081
1777498708109635072,0.0004860264016315341,-0.001965172588825226,0.0004244855081196874
1777498708119851520,0.0004953378229402006,-0.001962638692930341,0.0004400957259349525
1777498708130048000,0.0003332416526973248,-0.002077670069411397,0.0004170306783635169
1777498708140225280,0.0004741383600048721,-0.002036621561273932,0.0004067982081323862
1777498708150383360,0.0006340121617540717,-0.002039562445133924,0.0004583264235407114
1777498708160521472,0.0005044779391027987,-0.001941375900059938,0.0004725897742900997
1777498708170639872,0.0004917630576528609,-0.001972151687368751,0.0004645222215913236
1777498708180738816,0.0007234501536004245,-0.001721579232253134,0.0004500494978856295
1777498708190817792,0.0006014438695274293,-0.00202945270575583,0.0004324721812736243
1777498708200877056,0.0004363625193946064,-0.001835922594182193,0.0004540120717138052
1777498708210916864,0.0005073805805295706,-0.002098806435242295,0.0004589610325638205
1777498708220937472,0.0005472712800838053,-0.001880400814116001,0.0004280247958377004
1777498708230938624,0.0005699138855561614,-0.002008908428251743,0.000400632678065449
1777498708240920064,0.0005201186868362129,-0.001892332104034722,0.0003848454216495156
1777498708250882048,0.0004448661638889462,-0.002004431560635567,0.0003773710050154477
1777498708260824320,0.0004770437080878764,-0.001971537014469504,0.0003698585496749729
1777498708270747392,0.0004944537067785859,-0.001947055221535265,0.0003885625628754497
1777498708280651520,0.0005111959762871265,-0.001992180710658431,0.0003936594002880156
1777498708290540544,0.0005272211856208742,-0.001938565750606358,0.000401887868065387
1777498708300410368,0.0005173748941160738,-0.001998560503125191,0.0004132079484406859
1777498708310260992,0.0005220741149969399,-0.00193217396736145,0.0004259305715095252
1777498708320092416,0.0005385407130233943,-0.001995517173781991,0.0004458098264876753
1777498708329904640,0.0005534688243642449,-0.001931070117279887,0.0004577607905957848
1777498708339697920,0.0005600467557087541,-0.001984789734706283,0.0004614435019902885
1777498708349703680,0.0005310219712555408,-0.001969203585758805,0.0004701461584772915
1777498708359921152,0.0005279075703583658,-0.002004391280934215,0.0004781108000315726
1777498708370119680,0.000540630891919136,-0.001979166409000754,0.00047759831068106
1777498708380298752,0.0005525652086362243,-0.002006949158385396,0.0004817172884941101
1777498708390457600,0.0005470491596497595,-0.001994394231587648,0.0004860858316533267
1777498708400596736,0.0005597242270596325,-0.001999255968257785,0.0004791635146830231
1777498708410716160,0.0004666618478950113,-0.002009531715884805,0.0004672372597269714
1777498708420815360,0.000511025486048311,-0.00200035166926682,0.0004653515643440187
1777498708430895104,0.0005517309764400125,-0.002046158304437995,0.0004823426424991339
1777498708440954624,0.0005739012849517167,-0.002052644966170192,0.0004725077014882118
1777498708450994688,0.0005474636564031243,-0.001998148392885923,0.0004746036138385534
1777498708461015296,0.0005220631137490273,-0.002036151476204395,0.0004861537890974432
1777498708471016192,0.0005245291395112872,-0.002003746805712581,0.0004842680064029992
1777498708480997376,0.0005641239113174379,-0.002021538559347391,0.0004889390547759831
1777498708490962944,0.000585091533139348,-0.002013680059462786,0.0004861062334384769
1777498708500908800,0.0005534198717214167,-0.002038006205111742,0.0004807216464541852
1777498708510834944,0.0005508651956915855,-0.002013399032875896,0.0004756329290103167
1777498708520741376,0.000562006956897676,-0.002015373902395368,0.0004700356512330472
1777498708530628352,0.0005535281961783767,-0.00202550389803946,0.0004575678030960262
1777498708540495616,0.0005501082632690668,-0.002020119922235608,0.000447464466560632
1777498708550343680,0.0005317023023962975,-0.002037215512245893,0.0004293502133805305
1777498708560172032,0.0005426325951702893,-0.002013001125305891,0.0004205054428894073
1777498708569981184,0.0005432175239548087,-0.00202403892762959,0.0004125357663724571
1777498708579770880,0.0005482459673658013,-0.002017673337832093,0.0004068266716785729
1777498708589541632,0.0005317702307365835,-0.002117700641974807,0.0003930974053218961
1777498708599760384,0.0005557152326218784,-0.00201585260219872,0.0003992651763837785
1777498708609959168,0.0005615563713945448,-0.002101522870361805,0.0004269392229616642
1777498708620137728,0.000537872954737395,-0.002044700318947434,0.0004280346329323947
1777498708630295808,0.0005498385289683938,-0.002082564868032932,0.0004390809335745871
1777498708640434688,0.0005890135653316975,-0.002017388353124261,0.000450854713562876
1777498708650553344,0.0006155769806355238,-0.002050056355074048,0.0004754909605253488
1777498708660652288,0.0006060107261873782,-0.002003873232752085,0.0004975137999281287
1777498708670731008,0.0006094597629271448,-0.002049393253400922,0.0005230876849964261
1777498708680790016,0.0006205608951859176,-0.002010791329666972,0.0005372130544856191
1777498708690829056,0.0006302185938693583,-0.002044727560132742,0.0005502895801328123
1777498708700847872,0.000636857352219522,-0.00202685734257102,0.000547388568520546
1777498708710847232,0.0006332917837426066,-0.002051878022029996,0.0005398750072345138
1777498708720827136,0.0006209848797880113,-0.002044502412900329,0.0005207740468904376
1777498708730787072,0.0006148144602775574,-0.002055927878245711,0.0005036457441747189
1777498708740727552,0.000596043944824487,-0.002056314377114177,0.0004981731763109565
1777498708750648320,0.0005884812562726438,-0.00205514975823462,0.0004811036342289299
1777498708760549120,0.0005803097737953067,-0.002050239825621247,0.0004671338538173586
1777498708770432000,0.0005774382734671235,-0.002052960218861699,0.0004533500177785754
1777498708780296448,0.0005671909311786294,-0.002061929786577821,0.0004421827616170049
1777498708790141440,0.0005618187133222818,-0.002060641534626484,0.0004305785987526178
1777498708799966976,0.0005595677648670971,-0.002062020823359489,0.0004221789713483304
1777498708809773312,0.0005611224332824349,-0.002067799679934978,0.0004181746335234493
1777498708819559936,0.0005642130854539573,-0.002065935870632529,0.0004172711924184114
1777498708829327104,0.0005685561336576939,-0.002070579677820206,0.0004254175873938948
1777498708839547392,0.0005821205559186637,-0.002070470014587045,0.0004363059997558594
1777498708849747968,0.0005844841944053769,-0.002063118852674961,0.000447394821094349
1777498708859928064,0.0005854304763488472,-0.002064494183287024,0.0004520044021774083
1777498708870089728,0.000592050957493484,-0.002068354515358806,0.0004626211011782289
1777498708880231936,0.000600120285525918,-0.002071465365588665,0.0004785352211911231
1777498708890354176,0.0006097709410823882,-0.002068988513201475,0.0004892598371952772
1777498708900457216,0.0006176079623401165,-0.002068406203761697,0.0005008357111364603
1777498708910540544,0.00061162153724581,-0.002067959867417812,0.0005000062519684434
1777498708920604672,0.0006193490116856992,-0.002074587158858776,0.0005025380523875356
1777498708930649344,0.0006210210849530995,-0.002072089584544301,0.0004991127643734217
1777498708940674560,0.0006172097055241466,-0.002076247474178672,0.0004923135275021195
1777498708950681344,0.0006066564819775522,-0.002082999562844634,0.0004797365400008857
1777498708960668672,0.0006038840510882437,-0.002078094985336065,0.0004725657927338034
1777498708970637568,0.000598425860516727,-0.002070036251097918,0.0004588240699376911
1777498708980587264,0.0005890598986297846,-0.002067589899525046,0.0004406221269164234
1777498708990517504,0.0005783879314549267,-0.002072216011583805,0.0004286902258172631
1777498709000428032,0.0005716446321457624,-0.002074116840958595,0.0004196979571133852
1777498709010319104,0.0005689801182597876,-0.002074441872537136,0.0004125640843994915
1777498709020190720,0.0005656910943798721,-0.002074405550956726,0.0004100550140719861
1777498709030042624,0.0005671236431226134,-0.002072499832138419,0.000406977953389287
1777498709039875328,0.0005739378975704312,-0.002070429502055049,0.0004129127191845328
1777498709049688320,0.0005711750127375126,-0.002073050709441304,0.0004165023856330663
1777498709059482112,0.0005763662047684193,-0.002074767369776964,0.0004284832684788853
1777498709069256448,0.0005828288267366588,-0.00207584910094738,0.0004415767034515738
1777498709079483392,0.0005924627766944468,-0.002077697543427348,0.0004525288240984082
1777498709089690880,0.0005984882009215653,-0.002073256298899651,0.000461366114905104
1777498709099878912,0.0006004677852615714,-0.002080509904772043,0.0004677115939557552
1777498709110047232,0.0005980903515592217,-0.002081283368170261,0.000467826786916703
1777498709120195840,0.0006072206888347864,-0.00208465289324522,0.0004699276760220528
1777498709130324480,0.0005802703090012074,-0.002108183922246099,0.0004414123250171542
1777498709140432896,0.0005403704708442092,-0.002184869488701224,0.0002846977731678635
1777498709150521856,0.000408423540648073,-0.002306382171809673,-7.063393422868103e-05
1777498709160590848,0.0004450659907888621,-0.00230903085321188,-0.0005725174560211599
1777498709170640384,0.0003580254269763827,-0.002249314216896892,-0.0009851916693150997
1777498709180670208,-8.892540790839121e-05,-0.002133789006620646,-0.001283014193177223
1777498709190680832,-4.288495620130561e-05,-0.002185507211834192,-0.001486267661675811
1777498709200671744,-6.949505041120574e-05,-0.002195243956521153,-0.001632251311093569
1777498709210643200,-8.517524838680401e-05,-0.00238865939900279,-0.001617999980226159
1777498709220595200,-3.194790042471141e-05,-0.002344151260331273,-0.001478783669881523
1777498709230532096,-3.903406195604475e-06,-0.002315818332135677,-0.001317896065302193
1777498709240449792,-0.000108022170024924,-0.00226881168782711,-0.001257824711501598
1777498709250348800,-0.0001544140832265839,-0.002276331186294556,-0.001299594761803746
1777498709260228352,-0.0002206476056016982,-0.002283980837091804,-0.001481756800785661
1777498709270089472,-0.0002603037573862821,-0.002124867169186473,-0.001694662612862885
1777498709279931392,-0.0001856849703472108,-0.002050284063443542,-0.001811794238165021
1777498709289754368,-0.000191827435628511,-0.002096725860610604,-0.001776569755747914
1777498709299558400,-5.759972918895073e-05,-0.002247670199722052,-0.001638923771679401
1777498709309344512,9.966740617528558e-05,-0.002297906437888741,-0.001411439036019146
1777498709319580416,0.0002171699306927621,-0.002284257672727108,-0.00111736764665693
1777498709329796352,0.0003220959042664617,-0.002302696229889989,-0.0008048497256822884
1777498709339992064,0.0003615547611843795,-0.002216091379523277,-0.0005484592402353883
1777498709350168064,0.0004376417782623321,-0.002221451140940189,-0.0003713276237249374
1777498709360323840,0.0004471646971069276,-0.002102891681715846,-0.0001960282970685512
1777498709370459904,0.0004547630669549108,-0.002111451933160424,-2.403228063485585e-05
1777498709380575744,0.0005245060892775655,-0.002046127570793033,0.0001418987376382574
1777498709390671872,0.0006388404290191829,-0.002102670725435019,0.0002922135463450104
1777498709400747776,0.0006474309484474361,-0.002158959629014134,0.0003930055536329746
1777498709410803968,0.0006286772550083697,-0.002248770091682673,0.0004218685207888484
1777498709420840448,0.0006231850129552186,-0.002189052989706397,0.0003867587947752327
1777498709430858496,0.0005629182560369372,-0.002168623264878988,0.0003196257748641074
1777498709440857088,0.0005047153681516647,-0.002124287188053131,0.0002264025242766365
1777498709450835712,0.000482449191622436,-0.002160602016374469,0.0001326770579908043
1777498709460794880,0.0004601132241077721,-0.002171355998143554,4.933140007779002e-05
1777498709470734080,0.0004198230453766882,-0.002179039409384131,-2.741169009823352e-05
1777498709480653568,0.0003793635405600071,-0.002153608482331038,-0.0001252663496416062
1777498709490553600,0.0003405243332963437,-0.002154971938580275,-0.0002403860708000138
1777498709500433920,0.0002759084163699299,-0.002180869923904538,-0.0003674031759146601
1777498709510294784,0.0002295680169481784,-0.002208078280091286,-0.0004731090448331088
1777498709520136704,0.0002172380482079461,-0.002203021897003055,-0.000553434481844306
1777498709529958656,0.0002203790645580739,-0.002204177202656865,-0.0005938141839578748
1777498709539761408,0.0002173012180719525,-0.002219976158812642,-0.0005923506105318666
1777498709549544960,0.0002138628624379635,-0.002247116528451443,-0.0005640661111101508
1777498709559545088,0.0002356468030484393,-0.002226534765213728,-0.0005190247320570052
1777498709569761280,0.0002610152296256274,-0.002197596710175276,-0.0004624380962923169
1777498709579957504,0.0003067140933126211,-0.002190238330513239,-0.000399903190555051
1777498709590133760,0.0003455267287790775,-0.002212052466347814,-0.0003264977422077209
1777498709600290560,0.0003913987020496279,-0.002224317286163568,-0.0002567146730143577
1777498709610427904,0.0004286673793103546,-0.002225228818133473,-0.0001896872272482142
1777498709620545536,0.0004465567180886865,-0.002210678532719612,-0.0001315856643486768
1777498709630643456,0.0004605452122632414,-0.002206906210631132,-8.762346988078207e-05
1777498709640722944,0.0004779263981617987,-0.002213829662650824,-6.105771171860397e-05
1777498709650782720,0.0004935925244353712,-0.002216472988948226,-4.054308010381646e-05
1777498709660823040,0.0004930534050799906,-0.002206955570727587,-3.388305412954651e-05
1777498709670843904,0.0004842892230954021,-0.002203518524765968,-4.111219459446147e-05
1777498709680845568,0.0004638854588847607,-0.00221091415733099,-6.577002932317555e-05
1777498709690828032,0.0004414364229887724,-0.00222109816968441,-0.0001005702360998839
1777498709700792064,0.000419239018810913,-0.002225190168246627,-0.0001447970571462065
1777498709710736128,0.0003993312129750848,-0.002219805028289557,-0.0001923349627759308
1777498709720660992,0.0003752185439225286,-0.002220190363004804,-0.0002355228789383546
1777498709730565888,0.0003576978342607617,-0.002233444713056087,-0.0002737948962021619
1777498709740451328,0.0003357146633788943,-0.002244194503873587,-0.000302740401821211
1777498709750317312,0.000320462801028043,-0.002245805226266384,-0.0003216242475900799
1777498709760163840,0.0003183325752615929,-0.002240105997771025,-0.0003322042466606945
1777498709769990912,0.0003223906096536666,-0.00224110740236938,-0.0003409406053833663
1777498709779798528,0.0003339732647873461,-0.002247057156637311,-0.0003413694794289768
1777498709789586688,0.0003464644833002239,-0.002247624099254608,-0.0003312482149340212
1777498709799590144,0.000353044451912865,-0.002238933928310871,-0.0003100964822806418
1777498709809807872,0.0003651758015621454,-0.002228016266599298,-0.0002872418554034084
1777498709820005376,0.0003694416955113411,-0.002235210500657558,-0.000269528798526153
1777498709830182912,0.0003733624471351504,-0.00223674438893795,-0.0002581612498033792
1777498709840340480,0.0003842799342237413,-0.002245290903374553,-0.0002447138540446758
1777498709850478848,0.0003939350135624409,-0.002242969581857324,-0.0002306899259565398
1777498709860596992,0.0003964480420108885,-0.00223848782479763,-0.0002159477153327316
1777498709870695680,0.0003980146429967135,-0.002241204027086496,-0.0002166803169529885
1777498709880773888,0.0004057361511513591,-0.002244021045044065,-0.00022038773749955
1777498709890832640,0.0004049030831083655,-0.002243221970275044,-0.0002215029235230759
1777498709900871168,0.0004067245463375002,-0.002240261062979698,-0.0002150024083675817
1777498709910889984,0.0004070097638759762,-0.002240100409835577,-0.00020908287842758
1777498709920889088,0.0004074375610798597,-0.00224383338354528,-0.0002069824695354328
1777498709930868480,0.0004050499992445111,-0.002245211973786354,-0.0002016612124862149
1777498709940828160,0.0004117110511288047,-0.002245419891551137,-0.0001988685398828238
1777498709950768384,0.0004211480263620615,-0.00223826989531517,-0.0001941821101354435
1777498709960688640,0.0004271491779945791,-0.002241600304841995,-0.0001891460706247017
1777498709970589184,0.0004299583088140935,-0.002243495779111981,-0.00019252990023233
1777498709980470528,0.0004288082418497652,-0.002246785676106811,-0.0001874908193713054
1777498709990331904,0.0004264492599759251,-0.002246117917820811,-0.0001817131997086108
1777498710000174080,0.0004242256982252002,-0.002244575414806604,-0.0001812175032682717
1777498710009999872,0.0004302691086195409,-0.002249595243483782,-0.0001775524578988552
1777498710019807232,0.0004307114577386528,-0.002258251886814833,-0.0001801249018171802
1777498710029595648,0.0004307769995648414,-0.002270408207550645,-0.0001802900660550222
1777498710039364864,0.000432416214607656,-0.002267716219648719,-0.0001773903932189569
1777498710049584128,0.0004357464786153287,-0.002259087283164263,-0.0001644296862650663
1777498710059783424,0.0004416186129674315,-0.00227407063357532,-0.0001516965276096016
1777498710069963008,0.0004429979308042675,-0.002278671367093921,-0.0001440298656234518
1777498710080122624,0.0004482613876461983,-0.002275407081469893,-0.0001293418172281235
1777498710090262272,0.0004548210999928415,-0.002275873208418489,-0.0001221244310727343
1777498710100381696,0.0004592142358887941,-0.002280340762808919,-0.0001074027895811014
1777498710110481408,0.0004647375026252121,-0.002284181769937277,-9.472816600464284e-05
1777498710120560896,0.0004707853950094432,-0.00228012865409255,-7.959945651236922e-05
1777498710130621184,0.0004711755027528852,-0.002273238031193614,-6.739817035850137e-05
1777498710140662016,0.0004772449028678238,-0.002271546516567469,-5.732956560677849e-05
1777498710150682880,0.0004829778627026826,-0.0022763442248106,-6.662718078587204e-05
1777498710160684032,0.0004748821083921939,-0.002275807084515691,-7.871812704252079e-05
1777498710170665216,0.0004668724723160267,-0.002272463170811534,-0.00010079412459163
1777498710180626688,0.0004527682904154062,-0.002274072263389826,-0.0001304763427469879
1777498710190568448,0.000441723212134093,-0.002277870196849108,-0.0001515338371973485
1777498710200491008,0.000431936263339594,-0.002280245069414377,-0.0001733789249556139
1777498710210394112,0.0004297906416468322,-0.002287715673446655,-0.0001901973882922903
1777498710220277504,0.0004217101959511638,-0.002290256787091494,-0.0002021026011789218
1777498710230141184,0.000416675815358758,-0.002287719864398241,-0.0002154899993911386
1777498710239985664,0.0004131260211579502,-0.002289054449647665,-0.0002246890217065811
1777498710249810432,0.0004095202602911741,-0.002293450757861137,-0.0002334693417651579
1777498710259615488,0.0004066719266120344,-0.002299628686159849,-0.00024133910483215
1777498710269401600,0.0004079340142197907,-0.002296649618074298,-0.0002423241530777887
1777498710279168256,0.0004045814566779882,-0.002299126470461488,-0.0002477470552548766
1777498710289389056,0.0004023712826892734,-0.002306686714291573,-0.0002556016552262008
1777498710299590144,0.0003874060930684209,-0.00231683743186295,-0.0002683415077626705
1777498710309771264,0.000373087270418182,-0.002307875547558069,-0.0002769950951915234
1777498710319932416,0.0003646727127488703,-0.002305597765371203,-0.000287251896224916
1777498710330073600,0.0003515364951454103,-0.002310494193807244,-0.0002956359821837395
1777498710340194816,0.0003444931644480675,-0.002312676515430212,-0.0002988341730087996
1777498710350296064,0.00033104422618635,-0.002318349434062839,-0.0003133878344669938
1777498710360377344,0.000329196045640856,-0.002323073567822576,-0.0003378158726263791
1777498710370438912,0.000318238337058574,-0.002324555302038789,-0.0003478211292531341
1777498710380480256,0.0003176964237354696,-0.002328940434381366,-0.0003603443910833448
1777498710390502144,0.000309176102746278,-0.002336742589250207,-0.0003634036693256348
1777498710400505344,0.0003090570971835405,-0.002339680213481188,-0.0003590016276575625
1777498710410489344,0.0003227484703529626,-0.002329154638573527,-0.0003444879839662462
1777498710420454400,0.0003366702294442803,-0.00232553225941956,-0.0003185529494658113
1777498710430400000,0.0003413615631870925,-0.002315716585144401,-0.0002916724479291588
1777498710440326400,0.0003496960562188178,-0.002313551027327776,-0.0002576854021754116
1777498710450234368,0.0003706878633238375,-0.002309737727046013,-0.0002063111169263721
1777498710460122880,0.0003859650751110166,-0.00230107712559402,-0.0001462285727029666
1777498710469992192,0.000404500839067623,-0.002311191987246275,-9.496966958977282e-05
1777498710479842816,0.0004241077695041895,-0.00230736774392426,-5.612171662505716e-05
1777498710489674752,0.0004455742600839585,-0.002306273672729731,-2.059101097984239e-05
1777498710499487488,0.0004604234709404409,-0.002292258199304342,7.12866994945216e-06
1777498710509281280,0.0004659609985537827,-0.002287463052198291,3.443983587203547e-05
1777498710519055872,0.000481554219732061,-0.002272967249155045,6.878144631627947e-05
1777498710529282048,0.0004752018139697611,-0.002278416650369763,0.0001033797743730247
1777498710539488768,0.0004755198897328228,-0.002299441490322351,0.0001146921422332525
1777498710549676032,0.0004829786485061049,-0.002302630105987191,8.724231156520545e-05
1777498710559843328,0.0004874980077147484,-0.002297248691320419,4.48912542196922e-05
1777498710569990656,0.0004268662596587092,-0.002295607468113303,2.260308247059584e-05
1777498710580118272,0.0003883638710249215,-0.002290259813889861,2.642510708028567e-06
1777498710590226688,0.0003972448466811329,-0.002304020104929805,-4.476618414628319e-06
1777498710600315392,0.0003755119978450239,-0.00231275986880064,-2.00015383597929e-05
1777498710610384640,0.0003818294208031148,-0.00231753452681005,-4.480006828089245e-05
1777498710620434176,0.0003704471746459603,-0.002313713077455759,-7.165848364820704e-05
1777498710630464256,0.0003507787187118083,-0.002288894727826118,-8.698058809386566e-05
1777498710640474624,0.0003438063431531191,-0.0023035469930619,-8.442255784757435e-05
1777498710650465536,0.0003538748132996261,-0.002291374839842319,-5.995716492179781e-05
1777498710660437760,0.0003692327009048313,-0.002293214900419116,-2.872655386454426e-05
1777498710670391296,0.0003881423035636544,-0.002294376958161592,-7.022383101684682e-07
1777498710680325376,0.0004104492836631835,-0.002306479960680008,1.788394911272917e-05
1777498710690240000,0.0004159371019341052,-0.002301370492205024,3.784530053962953e-05
1777498710700135424,0.0004178667149972171,-0.002283931942656636,5.124111339682713e-05
1777498710710011648,0.0004293103993404657,-0.002284754766151309,6.829469202784821e-05
1777498710719868416,0.0004335626144893467,-0.002272759098559618,9.046436753123999e-05
1777498710729706240,0.0004399954341351986,-0.002290892647579312,0.0001054296735674143
1777498710739525376,0.0004427783715073019,-0.002292924793437123,0.0001094916806323454
1777498710749325312,0.0004313761892262846,-0.002280938206240535,9.986079385271296e-05
1777498710759106304,0.0004280259308870882,-0.00227517681196332,8.190997323254123e-05
1777498710769334016,0.0004179893876425922,-0.00227103685028851,6.175967428134754e-05
1777498710779542016,0.0004072053998243064,-0.002277377527207136,4.161239121458493e-05
1777498710789730304,0.0003994617436546832,-0.002286849310621619,2.620554732857272e-05
1777498710799898880,0.0003910201485268772,-0.002287467243149877,1.30208700284129e-05
1777498710810048000,0.0003820709243882447,-0.002276263199746609,-5.844866336701671e-06
1777498710820176896,0.0003711872559506446,-0.002277028979733586,-2.361278711759951e-05
1777498710830285824,0.0003554146678652614,-0.00227603199891746,-3.210298018530011e-05
1777498710840374784,0.0003468602080829442,-0.002263344125822186,-3.747034133994021e-05
1777498710850444032,0.0003471910895314068,-0.002265196992084384,-3.949779784306884e-05
1777498710860493056,0.0003473555552773178,-0.002258771564811468,-3.244712570449337e-05
1777498710870522112,0.0003577604074962437,-0.002260939450934529,-2.173413122363854e-05
1777498710880531712,0.0003657701308839023,-0.002259826520457864,-1.377776811750664e-06
1777498710890521600,0.0003693524340633303,-0.002257945248857141,2.008083902182989e-05
1777498710900491520,0.0003828075714409351,-0.002255494240671396,3.544057108229026e-05
1777498710910441984,0.0003899821604136378,-0.002261138753965497,5.451447577797808e-05
1777498710920374784,0.0004054596065543592,-0.002259152941405773,6.66955384076573e-05
1777498710930287616,0.0004137665964663029,-0.002260358771309257,7.845943764550611e-05
1777498710940181248,0.0004172281187493354,-0.002261820714920759,8.372888987651095e-05
1777498710950055168,0.00041912731830962,-0.002260720357298851,8.704922220204026e-05
1777498710959909888,0.0004122301761526614,-0.002256045117974281,8.153006638167426e-05
1777498710969744640,0.0004153639602009207,-0.002267804928123951,7.21833057468757e-05
1777498710979560448,0.0004171960754320025,-0.002264994662255049,6.108201341703534e-05
1777498710989356544,0.0004087129491381347,-0.002260934095829725,4.946927583659999e-05
1777498710999133440,0.0004040309286210686,-0.00226528849452734,4.279177301214077e-05
1777498711009130752,0.0003894170513376594,-0.002261965302750468,2.924769796663895e-05
1777498711019348480,0.0003813195507973433,-0.002260657027363777,1.546507519378792e-05
1777498711029546496,0.0003708606818690896,-0.002262786496430635,4.306504706619307e-06
1777498711039724800,0.0003585520607884973,-0.0022608598228544,2.305248081313493e-08
1777498711049883648,0.0003591669956222177,-0.002264306414872408,-1.424926949766814e-06
1777498711060022528,0.0003541070618666708,-0.002258297055959702,1.29197587739327e-06
1777498711070142720,0.0003501720784697682,-0.002258696826174855,8.991632967081387e-06
1777498711080244736,0.0003544467326719314,-0.002252151491120458,1.782438266673125e-05
1777498711090327040,0.0003599697665777057,-0.002251392463222146,2.647447763592936e-05
1777498711100389632,0.0003685140691231936,-0.002251258818432689,4.433231879374944e-05
1777498711110433024,0.0003739409730769694,-0.002255768515169621,5.648114893119782e-05
1777498711120456704,0.0003760367690119892,-0.002254158025607467,7.413277489831671e-05
1777498711130460928,0.0003745969734154642,-0.002249356592074037,8.136265387292951e-05
1777498711140445696,0.0003785299486480653,-0.002243586583063006,8.562085713492706e-05
1777498711150411520,0.0003822342841885984,-0.002253308659419417,9.266794222639874e-05
1777498711160358144,0.0003786168526858091,-0.002254948951303959,9.494661935605109e-05
1777498711170285312,0.0003745638823602349,-0.002249777317047119,9.196847531711683e-05
1777498711180193280,0.0003650969883892685,-0.002244349801912904,8.523807628080249e-05
1777498711190081792,0.0003586119564715773,-0.002252361504361033,7.983746036188677e-05
1777498711199951104,0.0003547570086084306,-0.002254469320178032,6.941114406799898e-05
1777498711209800960,0.0003472549724392593,-0.00225519435480237,6.194523302838206e-05
1777498711219631616,0.0003396824176888913,-0.002249001758173108,5.64607726118993e-05
1777498711229444096,0.0003309635212644935,-0.002252077683806419,4.195630754111335e-05
1777498711239237376,0.0003292484034318477,-0.002251354046165943,3.257398566347547e-05
1777498711249243904,0.0003282383840996772,-0.002249232493340969,3.226940316380933e-05
1777498711259463168,0.0003264051920268685,-0.002249074634164572,3.468525028438307e-05
1777498711269662720,0.0003254321636632085,-0.002253188751637936,3.40056540153455e-05
1777498711279843072,0.0003280855889897794,-0.002254821825772524,3.552204361767508e-05
1777498711290003968,0.0003279063093941659,-0.002259086584672332,4.155875649303198e-05
1777498711300145152,0.0003324660065118223,-0.002255799947306514,4.68066027679015e-05
1777498711310266368,0.000334855547407642,-0.002260277280583978,5.768052142229863e-05
1777498711320368384,0.0003356907691340894,-0.00225830590352416,6.192424189066514e-05
1777498711330450688,0.00034665985731408,-0.002262051915749907,6.816188397351652e-05
1777498711340513024,0.0003512750554364175,-0.002263090573251247,7.146225834731013e-05
1777498711350555904,0.0003446874616201967,-0.002266608411446214,7.569332956336439e-05
1777498711360580096,0.0003444177855271846,-0.002265268703922629,8.194288238883018e-05
1777498711370584832,0.0003387083997949958,-0.002264267532154918,8.186171908164397e-05
1777498711380571648,0.0003410671779420227,-0.002258970867842436,8.287734817713499e-05
1777498711390540800,0.0003351756022311747,-0.002258559921756387,7.795109559083357e-05
1777498711400490752,0.0003336716035846621,-0.002259096130728722,7.33338893041946e-05
1777498711410421248,0.0002724662190303206,-0.002307789167389274,6.102536281105131e-05
1777498711420332288,0.0002531800710130483,-0.002296316437423229,7.476931386918295e-06
1777498711430224128,0.0002080413541989401,-0.002288857707753778,-5.211237294133753e-05
1777498711440096768,0.0001855763111962005,-0.002317925682291389,-0.0001375562569592148
1777498711449950208,0.0001598488743184134,-0.002302471548318863,-0.0001889797713374719
1777498711459784704,0.0001958741340786219,-0.002349876100197434,-0.0001931648293975741
1777498711469600256,0.0001746632042340934,-0.0023104811552912,-0.00018124288180843
1777498711479396608,0.0001805012580007315,-0.002342940540984273,-0.000152677166624926
1777498711489173760,0.0002241082402179018,-0.002271964680403471,-9.29384768824093e-05
1777498711499393024,0.000247095653321594,-0.002306530717760324,1.206050637847511e-05
1777498711509592576,0.0002824853581842035,-0.002292470308020711,0.000102301848528441
1777498711519772416,0.0003385130839888006,-0.002308558207005262,0.0001766776404110715
1777498711529933312,0.0004362433683127165,-0.002251780824735761,0.0002502930583432317
1777498711540075264,0.0001330765371676534,-0.002231199992820621,0.0002868503797799349
1777498711550197504,0.0002734663721639663,-0.002156166359782219,0.0002341133513255045
1777498711560300288,0.0003756489313673228,-0.002209831960499287,0.0001951919985003769
1777498711570383616,0.0002753307635430247,-0.002247894881293178,0.0001643403666093946
1777498711580447488,0.0002100389683619142,-0.002207324607297778,0.0001306968333665282
1777498711590491648,0.0003948202065657824,-0.002074823249131441,0.0001234123192261904
1777498711600516352,0.0003882652090396732,-0.002043397398665547,0.0001569455343997106
1777498711610525440,0.0003056318673770875,-0.002124808030202985,0.0001734571123961359
1777498711620515072,0.0003428863128647208,-0.002042477019131184,0.0001150203825091012
1777498711630485504,0.0002722567587625235,-0.002024817280471325,1.571389111632016e-05
1777498711640436480,0.0001247503532795236,-0.001934205531142652,-0.0001184750872198492
1777498711650368512,1.954327672137879e-05,-0.001855858019553125,-0.0002862616966012865
1777498711660281088,0.0004308345378376544,-0.001861843164078891,-0.0003355168155394495
1777498711670174208,0.0004332305688876659,-0.001869203289970756,-0.0003127094823867083
1777498711680048384,0.0003382514696568251,-0.001997321844100952,-0.0002472799678798765
1777498711689903616,0.0003752690681722015,-0.00184146361425519,-0.000163802964380011
1777498711699739904,0.0003722297551576048,-0.001804346218705177,-9.578056778991595e-05
1777498711709556480,0.0003011910303030163,-0.001817003008909523,-2.191742714785505e-05
1777498711719354368,0.0003347406454849988,-0.001887702965177596,3.803803701885045e-05
1777498711729133056,0.0004056977631989866,-0.001820110366679728,0.0001173216514871456
1777498711739354368,0.0004489369166549295,-0.001985794166103005,0.0002024356945184991
1777498711749555968,0.0005244266358204186,-0.001813680049963295,0.0003281614335719496
1777498711759738368,0.0004582500550895929,-0.001939657609909773,0.0004847293312195688
1777498711769901312,0.0004789332742802799,-0.001851814100518823,0.0006393077783286572
1777498711780044544,0.000580791209358722,-0.001870550098828971,0.0007853079005144536
1777498711790168320,0.000690477667376399,-0.001839443924836814,0.0009249639115296304
1777498711800271872,0.0006539229652844369,-0.001870385720394552,0.001053514308296144
1777498711810355968,0.000596697733271867,-0.001857097144238651,0.001150451716966927
1777498711820420608,0.0005235442076809704,-0.001876240829005837,0.001243941485881805
1777498711830465280,0.0004510603321250528,-0.001881540869362652,0.001313691376708448
1777498711840490752,0.000453928776551038,-0.00191234378144145,0.001359650865197182
1777498711850497280,0.0005405334522947669,-0.001886722049675882,0.001384188421070576
1777498711860483840,0.0006732377223670483,-0.001893379609100521,0.001372324069961905
1777498711870450944,0.0006228178390301764,-0.001813507755286992,0.001309840939939022
1777498711880403456,0.0009903700556606054,-0.001866197562776506,0.001197598641738296
1777498711890336768,0.001721643842756748,-0.001771157723851502,0.001034080516546965
1777498711900250880,0.002155998488888144,-0.001786420471034944,0.000787910248618573
1777498711910146048,0.00224612164311111,-0.001595852547325194,0.0005617514834739268
1777498711920022016,0.002772082341834903,-0.001377534121274948,0.0004490932042244822
1777498711929879040,0.003236681688576937,-0.001118912594392896,0.0003035123809240758
1777498711939716864,0.00409987336024642,-0.001140180509537458,-5.288494867272675e-05
1777498711949536256,0.004937428515404463,-0.0005621923482976854,-0.000597759906668216
1777498711959337216,0.005022450815886259,-0.0005996441468596458,-0.001182982698082924
1777498711969118976,0.005511612631380558,-2.49604054260999e-05,-0.001910126535221934
1777498711979345664,0.00526119489222765,2.357688026677351e-05,-0.002690857741981745
1777498711989552384,0.004869240801781416,0.0004369662492536008,-0.003473095130175352
1777498711999738624,0.004425181075930595,0.0005807029665447772,-0.004287172108888626
1777498712009904896,0.004380767699331045,0.001086794072762132,-0.005162685178220272
1777498712020051456,0.004508244805037975,0.001265984144993126,-0.006109746173024178
1777498712030178304,0.004806174896657467,0.001557355164550245,-0.007157668005675077
1777498712040285184,0.005249244160950184,0.001869381172582507,-0.008311477489769459
1777498712050372096,0.00574315432459116,0.002282055327668786,-0.009586709551513195
1777498712060439296,0.00623246980831027,0.002624396467581391,-0.01095029525458813
1777498712070486528,0.006869683507829905,0.00304938037879765,-0.01235350035130978
1777498712080513792,0.007603409700095654,0.003347720019519329,-0.01375831384211779
1777498712090521344,0.00823887437582016,0.003755534067749977,-0.01515467278659344
1777498712100509184,0.008782493881881237,0.004281433764845133,-0.01655108295381069
1777498712110477312,0.009074459783732891,0.004937913734465837,-0.01793227903544903
1777498712120425472,0.01020419131964445,0.006519186776131392,-0.0192186925560236
1777498712130354432,0.01104295626282692,0.007311853114515543,-0.02037445642054081
1777498712140263424,0.01122082583606243,0.008628793060779572,-0.02135429903864861
1777498712150152704,0.01116382144391537,0.009910203516483307,-0.0222434401512146
1777498712160022784,0.01130825374275446,0.012094940058887,-0.02305317670106888
1777498712169872896,0.01159377209842205,0.01365361362695694,-0.02375601232051849
1777498712179704064,0.01187410950660706,0.01542617753148079,-0.02420769445598125
1777498712189518336,0.01230424176901579,0.01703544333577156,-0.02446566708385944
1777498712199313664,0.01269378513097763,0.01891044899821281,-0.02456878870725632
1777498712209089536,0.01290754973888397,0.02058894000947475,-0.02450087666511536
1777498712219325440,0.01290387567132711,0.02222617343068123,-0.02421823143959045
1777498712229541376,0.01265903562307358,0.023550009354949,-0.02375590428709984
1777498712239736832,0.012438646517694,0.02498364076018333,-0.02312808483839035
1777498712249912576,0.01207433268427849,0.02616702206432819,-0.02232814207673073
1777498712260068352,0.01136987842619419,0.02724238857626915,-0.02135468646883965
1777498712270204416,0.01041769422590733,0.02818444930016994,-0.0202338732779026
1777498712280320512,0.009482931345701218,0.02902075089514256,-0.01904389820992947
1777498712290416896,0.008691916242241859,0.02963612414896488,-0.01780228689312935
1777498712300493056,0.008148686960339546,0.02988206595182419,-0.01656839065253735
1777498712310549760,0.008092106319963932,0.02996293641626835,-0.01538591179996729
1777498712320586240,0.008500157855451107,0.03001333959400654,-0.01437862776219845
1777498712330603264,0.009066557511687279,0.02989794500172138,-0.01351377461105585
1777498712340601856,0.009611404500901699,0.02956897579133511,-0.01276323385536671
1777498712350580736,0.009991778060793877,0.02900519967079163,-0.01210312638431787
1777498712360539904,0.01040789857506752,0.02848870307207108,-0.01151640340685844
1777498712370479616,0.01074469368904829,0.02774500846862793,-0.01095386873930693
1777498712380399872,0.01103935204446316,0.02701900340616703,-0.01035816967487335
1777498712390300672,0.0109978336840868,0.02597452513873577,-0.009804431349039078
1777498712400182016,0.010720438323915,0.0252302773296833,-0.009260848164558411
1777498712410043392,0.01059859711676836,0.02444091811776161,-0.00873976107686758
1777498712419885568,0.01025679334998131,0.02375513501465321,-0.008257125504314899
1777498712429708032,0.009915451519191265,0.02290953136980534,-0.007842033170163631
1777498712439511552,0.009970652870833874,0.02212239243090153,-0.007475118618458509
1777498712449295616,0.01018751971423626,0.02135536074638367,-0.007180291227996349
1777498712459296512,0.01036625355482101,0.02066050656139851,-0.006943423766642809
1777498712469514240,0.01070412434637547,0.02014392614364624,-0.006777714006602764
1777498712479712512,0.01097775157541037,0.01991577632725239,-0.006707312073558569
1777498712489891328,0.01148055866360664,0.01993124559521675,-0.0067337267100811
1777498712500050176,0.01205428317189217,0.01993145421147346,-0.006787915248423815
1777498712510188800,0.0123620517551899,0.02007840201258659,-0.006854560226202011
1777498712520307968,0.01265102718025446,0.02059494704008102,-0.006951610092073679
1777498712530406912,0.01307209674268961,0.0214494913816452,-0.007000205107033253
1777498712540486144,0.01324793137609959,0.02242799662053585,-0.006983404513448477
1777498712550545920,0.01317759789526463,0.02342186309397221,-0.006850584875792265
1777498712560586496,0.01296062208712101,0.02469223365187645,-0.006643980741500854
1777498712570607360,0.01260974910110235,0.02618981525301933,-0.006369609851390123
1777498712580608768,0.01214793510735035,0.02780653163790703,-0.005959019530564547
1777498712590590208,0.01150396373122931,0.0293683260679245,-0.005460409447550774
1777498712600551936,0.01086688321083784,0.03102603554725647,-0.004854785744100809
1777498712610493952,0.0101038720458746,0.03264886885881424,-0.004231464583426714
1777498712620416512,0.009415684267878532,0.0344683974981308,-0.003555645002052188
1777498712630319616,0.008682443760335445,0.03646789118647575,-0.002860789187252522
1777498712640203008,0.008101279847323895,0.03847845643758774,-0.002176269888877869
1777498712650067200,0.008305232040584087,0.04045470431447029,-0.001516150427050889
1777498712659911680,0.008421991020441055,0.04157895222306252,-0.0008763595833443105
1777498712669736960,0.008600672706961632,0.0429677926003933,-0.0002377459459239617
1777498712679542528,0.008961128070950508,0.04428903758525848,0.0002916966623160988
1777498712689328640,0.009558986872434616,0.04606382176280022,0.0007481053471565247
1777498712699331072,0.01004746835678816,0.04716239869594574,0.00120173825416714
1777498712709549312,0.01050829980522394,0.04801734536886215,0.001686031464487314
1777498712719747328,0.0106718298047781,0.04865584149956703,0.002170995809137821
1777498712729925376,0.01083624083548784,0.04978786781430244,0.002547064097598195
1777498712740082944,0.01102080754935741,0.05083566531538963,0.002901868196204305
1777498712750221056,0.01080889534205198,0.05152426287531853,0.003208267269656062
1777498712760338944,0.01063876133412123,0.05195391550660133,0.003529818262904882
1777498712770436864,0.01051562651991844,0.05252889916300774,0.003760275663807988
1777498712780514560,0.01057049166411161,0.0532539077103138,0.003913470078259706
1777498712790575104,0.01059114001691341,0.05372985079884529,0.003972840495407581
1777498712800617216,0.01062602736055851,0.05400211736559868,0.004012366756796837
1777498712810639616,0.0103017371147871,0.05411151051521301,0.003943110816180706
1777498712820642048,0.01012757699936628,0.05457600206136703,0.003786337561905384
1777498712830625024,0.009852351620793343,0.05498805642127991,0.00353399314917624
1777498712840588544,0.009799744933843613,0.05519691854715347,0.003215999342501163
1777498712850532096,0.00992292445152998,0.05476054549217224,0.002823634073138237
1777498712860455936,0.010140142403543,0.05432575941085815,0.002313290722668171
1777498712870360320,0.0108802504837513,0.0540359728038311,0.001710110926069319
1777498712880245504,0.01170116849243641,0.05405889824032784,0.001064347685314715
1777498712890110976,0.01247294526547194,0.05373576655983925,0.0004503157688304782
1777498712899956480,0.01321636512875557,0.05346352607011795,-0.0001699159620329738
1777498712909783296,0.0140132512897253,0.05298329144716263,-0.0007317400304600596
1777498712919590656,0.01442611124366522,0.05262831225991249,-0.001301393611356616
1777498712929378304,0.01488817296922207,0.05214635282754898,-0.001862768782302737
1777498712939382272,0.01562008541077375,0.05181177332997322,-0.002449766732752323
1777498712949602048,0.01641353406012058,0.0509495735168457,-0.003176787402480841
1777498712959802112,0.01706844568252563,0.04985766857862473,-0.004002689383924007
1777498712969982720,0.01772727631032467,0.04835642874240875,-0.004933577496558428
1777498712980144128,0.0178427305072546,0.04752257838845253,-0.005893453024327755
1777498712990285824,0.01754167675971985,0.04694009199738503,-0.006884614937007427
1777498713000407552,0.01718233339488506,0.04711384326219559,-0.007691372651606798
1777498713010509824,0.0173921212553978,0.04663166776299477,-0.008140391670167446
1777498713020592896,0.01686969399452209,0.0456317700445652,-0.008172348141670227
1777498713030657280,0.01584072783589363,0.04405196756124496,-0.008114643394947052
1777498713040701696,0.01552297547459602,0.04347443953156471,-0.007968206889927387
1777498713050726400,0.01524889096617699,0.04254040494561195,-0.007914349436759949
1777498713060731904,0.01474135648459196,0.04179957136511803,-0.007815167307853699
1777498713070717696,0.01404188107699156,0.04037217795848846,-0.00773968081921339
1777498713080683776,0.01386491395533085,0.03976269438862801,-0.007692097686231136
1777498713090630656,0.01376503705978394,0.03913624584674835,-0.007789565250277519
1777498713100558336,0.01374721899628639,0.03862937912344933,-0.00786205567419529
1777498713110466560,0.01345435064285994,0.03785598650574684,-0.007918313145637512
1777498713120355328,0.01346550323069096,0.03742733597755432,-0.007956995628774166
1777498713130224896,0.01362999435514212,0.03727960214018822,-0.008024477399885654
1777498713140075008,0.01402278523892164,0.03721999004483223,-0.008025703020393848
1777498713149905664,0.01431161910295486,0.03682845830917358,-0.007987820543348789
1777498713159717120,0.01467507053166628,0.03664940223097801,-0.00785546749830246
1777498713169509376,0.01496461872011423,0.03651378303766251,-0.007665495853871107
1777498713179282688,0.01531972456723452,0.03669465705752373,-0.007421789690852165
1777498713189503488,0.0153449596837163,0.03683668002486229,-0.007028594147413969
1777498713199704832,0.0149955153465271,0.03706853464245796,-0.006509688217192888
1777498713209886464,0.01485223323106766,0.03728720545768738,-0.005853485316038132
1777498713220048128,0.01412294059991837,0.03741705417633057,-0.0051239849999547
1777498713230189824,0.01299927197396755,0.0376184768974781,-0.004302237648516893
1777498713240311552,0.01203281432390213,0.0380544550716877,-0.003452963661402464
1777498713250414080,0.01138404477387667,0.03852152824401855,-0.002559914952144027
1777498713260496896,0.01058516558259726,0.03874450176954269,-0.001655297237448394
1777498713270559744,0.009956193156540394,0.03887001425027847,-0.0007274108938872814
1777498713280602880,0.009821709245443344,0.03903065994381905,0.000203750969376415
1777498713290626560,0.009831287898123264,0.03911135718226433,0.001071819104254246
1777498713300630016,0.009703969582915306,0.0391119010746479,0.001910342834889889
1777498713310613504,0.009852895513176918,0.03910694271326065,0.002714239759370685
1777498713320577536,0.01012768596410751,0.03906475380063057,0.003500706516206264
1777498713330522368,0.01007270999252796,0.03893556818366051,0.004262440372258425
1777498713340447232,0.009727361612021923,0.03887033835053444,0.005040789488703012
1777498713350352128,0.009440436027944088,0.03892028331756592,0.00582768814638257
1777498713360237824,0.009082986041903496,0.0389564223587513,0.006676750257611275
1777498713370103808,0.008678448386490345,0.03888244926929474,0.007541676051914692
1777498713379950336,0.008568226359784603,0.03875762969255447,0.008351847529411316
1777498713389777408,0.00848790816962719,0.03887712955474854,0.009059800766408443
1777498713399585024,0.008499562740325928,0.03897224366664886,0.009639868512749672
1777498713409375232,0.008736726827919483,0.03919131681323051,0.01015524566173553
1777498713419148288,0.00885541457682848,0.03913521394133568,0.01063527259975672
1777498713429374976,0.008935082703828812,0.03910575062036514,0.01102092023938894
1777498713439581696,0.008916324004530907,0.03916139900684357,0.01134052872657776
1777498713449767936,0.008763835765421391,0.03951715305447578,0.01164782512933016
1777498713459934208,0.008693426847457886,0.03967148065567017,0.01194701809436083
1777498713470080512,0.008634631521999836,0.03939929232001305,0.01226652227342129
1777498713480206848,0.008574748411774635,0.03895458206534386,0.01258609257638454
1777498713490313728,0.0084733497351408,0.03865543380379677,0.0127858379855752
1777498713500401152,0.008548419922590256,0.03872218355536461,0.01287477929145098
1777498713510468608,0.008582071401178837,0.03877025842666626,0.01284373365342617
1777498713520516096,0.008673273958265781,0.03850618749856949,0.01273630931973457
1777498713530543616,0.008580164983868599,0.03807931393384933,0.01257830020040274
1777498713540551424,0.008560915477573872,0.03761814907193184,0.01235637813806534
1777498713550539776,0.008485259488224983,0.03733770176768303,0.01210983842611313
1777498713560508416,0.008320380933582783,0.03691644966602325,0.01184423547238111
1777498713570457344,0.008368215523660183,0.03646832332015038,0.01153892558068037
1777498713580386816,0.008476470597088337,0.03578361123800278,0.01113926339894533
1777498713590296832,0.008796504698693752,0.03525206074118614,0.01067856512963772
1777498713600187392,0.008972875773906708,0.03455615043640137,0.01015173457562923
1777498713610058496,0.009597904048860073,0.03403789922595024,0.009631587192416191
1777498713619910144,0.009959075599908829,0.03326007723808289,0.009039413183927536
1777498713629742592,0.01019114535301924,0.03255760297179222,0.008466882631182671
1777498713639555328,0.01022345200181007,0.03206086531281471,0.007854162715375423
1777498713649349120,0.01025585178285837,0.03176622837781906,0.00724351592361927
1777498713659123968,0.01040378306061029,0.0312902070581913,0.006704861298203468
1777498713669115648,0.01023764815181494,0.03061255812644958,0.006211529020220041
1777498713679323392,0.010096350684762,0.03024106286466122,0.00578377116471529
1777498713689511168,0.01015564240515232,0.03030090034008026,0.00534092029556632
1777498713699678976,0.01043051294982433,0.03022313676774502,0.00492321839556098
1777498713709826304,0.01025877706706524,0.02961359731853008,0.004554328043013811
1777498713719953920,0.009978525340557098,0.02867624163627625,0.004247590899467468
1777498713730061312,0.009557062759995461,0.02804061397910118,0.00398061191663146
1777498713740149504,0.009070561267435551,0.02774769440293312,0.003715154249221087
1777498713750218496,0.008675660938024521,0.0277965497225523,0.003512196475639939
1777498713760267776,0.008669019676744938,0.02755649574100971,0.003330490551888943
1777498713770297088,0.009078342467546463,0.02704525552690029,0.003200734732672572
1777498713780306688,0.009249487891793251,0.02633627131581306,0.003052784595638514
1777498713790296576,0.009706941433250904,0.02593920193612576,0.002885468071326613
1777498713800266496,0.01021604891866446,0.02566844969987869,0.00268427119590342
1777498713810216960,0.01027706265449524,0.02539049461483955,0.002496082801371813
1777498713820147712,0.009971221908926964,0.0252060629427433,0.002372373826801777
1777498713830059008,0.009836972691118717,0.02527829818427563,0.002362276893109083
1777498713839950848,0.009653289802372456,0.0251290425658226,0.002417551819235086
1777498713849822976,0.00916123203933239,0.02485468238592148,0.002494911663234234
1777498713859675904,0.008886215277016163,0.02477849647402763,0.0025796287227422
1777498713869509120,0.008519371040165424,0.0250742994248867,0.002609629649668932
1777498713879323136,0.00849870964884758,0.02562916092574596,0.002612076234072447
1777498713889117440,0.008293113671243191,0.02596459910273552,0.002626815345138311
1777498713898892800,0.008223435841500759,0.02595432847738266,0.002685640472918749
1777498713908889856,0.008253907784819603,0.02594636939466,0.002769565675407648
1777498713919107840,0.008232912980020046,0.02587585337460041,0.002775629516690969
1777498713929306368,0.00803840160369873,0.02605541609227657,0.002745886333286762
1777498713939484928,0.007986538112163544,0.0261430200189352,0.002690310357138515
1777498713949643520,0.008458872325718403,0.02610516361892223,0.002606869908049703
1777498713959783168,0.008586369454860687,0.02562109753489494,0.002478244714438915
1777498713969902848,0.008783267810940742,0.0254366360604763,0.002275100443512201
1777498713980003072,0.009202671237289906,0.02530133910477161,0.001965624978765845
1777498713990083328,0.009723090566694736,0.02520930394530296,0.001666045398451388
1777498714000144640,0.009737991727888584,0.02456711418926716,0.001359369372949004
1777498714010186752,0.01011475082486868,0.02400161512196064,0.001072406652383506
1777498714020209664,0.01065236981958151,0.02330936305224895,0.0007170414901338518
1777498714030212864,0.01099002733826637,0.02275230549275875,0.0003421384317334741
1777498714040196608,0.01141545549035072,0.02204751223325729,-2.653464798640925e-05
1777498714050161152,0.01205269806087017,0.0213017612695694,-0.0003947609220631421
1777498714060106496,0.01210213825106621,0.02022524736821651,-0.0007720980793237686
1777498714070032384,0.01144490949809551,0.01868590712547302,-0.0009925465565174818
1777498714079938816,0.009894941933453083,0.01730087213218212,-0.0008582088630646467
1777498714089827328,0.008368805982172489,0.01659267954528332,-0.0003137171152047813
1777498714099697152,0.006722285877913237,0.01584058441221714,0.0002106223691953346
1777498714109548032,0.005111832171678543,0.01508236210793257,0.0008169054053723812
1777498714119379712,0.004014553967863321,0.01428594999015331,0.001515337848104537
1777498714129192448,0.003159931860864162,0.01367227453738451,0.00228573102504015
1777498714138986240,0.00210658903233707,0.01298399269580841,0.00308252451941371
1777498714148992768,0.0009832732612267137,0.01266555581241846,0.00386092416010797
1777498714159211520,0.0006023911410011351,0.01211903430521488,0.00467565655708313
1777498714169410816,0.0002334493328817189,0.01134116109460592,0.005485939793288708
1777498714179590144,-0.0001573381887283176,0.01062637753784657,0.006307585630565882
1777498714189749760,-0.0001644408621359617,0.01058546639978886,0.006982263177633286
1777498714199890432,0.0002719466865528375,0.01090848259627819,0.007594955619424582
1777498714210011648,0.000291947100777179,0.01182848867028952,0.008171852678060532
1777498714220113408,-0.0002280204498674721,0.01265139691531658,0.008889948949217796
1777498714230194688,-0.001051699626259506,0.014065763913095,0.009865100495517254
1777498714240256512,-0.002106526400893927,0.01514608599245548,0.011055295355618
1777498714250298624,-0.002611370757222176,0.01581426896154881,0.0126254390925169
1777498714260320768,-0.004315532743930817,0.01608905382454395,0.01433844491839409
1777498714270323456,-0.006018974352627993,0.01670235767960548,0.01605970971286297
1777498714280306432,-0.006925405003130436,0.01826201006770134,0.01765108108520508
1777498714290269952,-0.007063339930027723,0.01946901716291904,0.01903868094086647
1777498714300213760,-0.008000672794878483,0.02007053792476654,0.02028731256723404
1777498714310137600,-0.008579825051128864,0.02037043683230877,0.02145910449326038
1777498714320041984,-0.008509745821356773,0.02116724848747253,0.02241690829396248
1777498714329926656,-0.008015116676688194,0.02241199277341366,0.02326530590653419
1777498714339792128,-0.007874828763306141,0.02299086004495621,0.02406898140907288
1777498714349637888,-0.008054554462432861,0.02324271388351917,0.02496220543980598
1777498714359464448,-0.008039850741624832,0.0235860925167799,0.02586348541080952
1777498714369272064,-0.008023700676858425,0.02442780137062073,0.02668531239032745
1777498714379059968,-0.008294112980365753,0.0251065269112587,0.02753499150276184
1777498714388828672,-0.008702515624463558,0.02537674084305763,0.02845224738121033
1777498714399049472,-0.009257692843675613,0.02536098845303059,0.02939372509717941
1777498714409250816,-0.009858420118689537,0.02551730163395405,0.03029722534120083
1777498714419432448,-0.01046059001237154,0.02580986544489861,0.03115381300449371
1777498714429594624,-0.01090937294065952,0.02617360278964043,0.03198396787047386
1777498714439737344,-0.01109402719885111,0.02612331695854664,0.03271741047501564
1777498714449860096,-0.01113866828382015,0.02558051981031895,0.03335990756750107
1777498714459962880,-0.01133918669074774,0.02474604733288288,0.03388235718011856
1777498714470045440,-0.01187406945973635,0.02445539459586143,0.03426971659064293
1777498714480108288,-0.01237899251282215,0.02461796253919601,0.03452903777360916
1777498714490151168,-0.01243915315717459,0.02482127957046032,0.03466357663273811
1777498714500174336,-0.01247659139335155,0.02434973418712616,0.03483778983354568
1777498714510177536,-0.01267041359096766,0.02376593835651875,0.03498103842139244
1777498714520161280,-0.01253476459532976,0.0232823770493269,0.03506099432706833
1777498714530125056,-0.01247333362698555,0.02327276952564716,0.03503796458244324
1777498714540070144,-0.01260461378842592,0.02298912219703197,0.03500159084796906
1777498714549996032,-0.0130284670740366,0.02266165614128113,0.03494580462574959
1777498714559902720,-0.0134107256308198,0.02217312715947628,0.03487683087587357
1777498714569789696,-0.01370148174464703,0.02177580446004868,0.03477587550878525
1777498714579657216,-0.01414812263101339,0.02134474739432335,0.034654401242733
1777498714589505024,-0.01450272835791111,0.02091630734503269,0.03455027192831039
1777498714599333632,-0.01455354504287243,0.02052684500813484,0.03447378426790237
1777498714609142784,-0.01485348399728537,0.02021641656756401,0.03437655419111252
1777498714618932480,-0.014492510817945,0.0202489048242569,0.03426023945212364
1777498714628703232,-0.01287396997213364,0.02024844288825989,0.03407314419746399
1777498714638924800,-0.01054484117776155,0.01989161409437656,0.03380228951573372
1777498714649126400,-0.006587142590433359,0.01878786459565163,0.03334533050656319
1777498714659308032,-0.002115421695634723,0.0202705804258585,0.0319029688835144
1777498714669470720,0.000955626426730305,0.02119634859263897,0.03022350184619427
1777498714679614208,0.003710311139002442,0.01897435449063778,0.02830303274095058
1777498714689737728,0.003419487504288554,0.02020201273262501,0.02638104744255543
1777498714699842048,0.00266353553161025,0.01982726342976093,0.02424862235784531
1777498714709926656,0.003007093677297235,0.02076011896133423,0.02261172980070114
1777498714719992064,0.002576994011178613,0.02073031105101109,0.02159184031188488
1777498714730037760,0.001687366981059313,0.02015818282961845,0.02070092782378197
1777498714740064000,0.001483122701756656,0.0197819396853447,0.02013993635773659
1777498714750071296,0.001759931561537087,0.0201832503080368,0.0197096262127161
1777498714760059136,0.002279465552419424,0.02020837739109993,0.01934186555445194
1777498714770027776,0.001888078870251775,0.02028691023588181,0.01893895678222179
1777498714779977216,0.001733992714434862,0.0199370626360178,0.01852024160325527
1777498714789907456,0.0015443773008883,0.01994628086686134,0.01815551705658436
1777498714799818240,0.00162847968749702,0.01978424377739429,0.01774176023900509
1777498714809712896,0.00158813176676631,0.01991929672658443,0.01730234362185001
1777498714819590912,0.001662024878896773,0.02026041969656944,0.01698263734579086
1777498714829449472,0.002176351379603148,0.02055647782981396,0.01667290553450584
1777498714839289344,0.002480668248608708,0.020997678861022,0.01640976220369339
1777498714849109760,0.002599942730739713,0.02142122760415077,0.01621899753808975
1777498714858911232,0.002768498379737139,0.02204089425504208,0.01605886965990067
1777498714868693760,0.002525042043998837,0.02281574904918671,0.01595421135425568
1777498714878921472,0.002355968812480569,0.02364032529294491,0.01588493399322033
1777498714889129216,0.001952478662133217,0.02446838840842247,0.01582445576786995
1777498714899316992,0.001526584848761559,0.02543105557560921,0.01575893722474575
1777498714909484544,0.0010533866006881,0.02639049664139748,0.0156850777566433
1777498714919632128,0.0009458158747293055,0.02776986174285412,0.01561344228684902
1777498714929761024,0.0007784694316796958,0.02881940640509129,0.01548383757472038
1777498714939869952,0.001066426048055291,0.03008449077606201,0.01532713044434786
1777498714949959424,0.001329673337750137,0.0310501828789711,0.01517797075212002
1777498714960030720,0.001590345869772136,0.03213653713464737,0.01505197212100029
1777498714970083840,0.001734969322569668,0.03291808441281319,0.01494076568633318
1777498714980117504,0.001736267586238682,0.03381694108247757,0.01485432870686054
1777498714990131456,0.001720763160847127,0.03449541702866554,0.01485213544219732
1777498715000126208,0.001608561025932431,0.03519213199615479,0.01488213054835796
1777498715010101248,0.001689241849817336,0.03554273396730423,0.01495777536183596
1777498715020056832,0.001473013893701136,0.03574408963322639,0.01507185399532318
1777498715029992960,0.001284075318835676,0.03576666116714478,0.01521536521613598
1777498715039910144,0.0009509077644906938,0.03582374006509781,0.01541436463594437
1777498715049807872,0.0004670085327234119,0.0358603335916996,0.01560451183468103
1777498715059686144,-0.0001131750686909072,0.03564217314124107,0.01584969088435173
1777498715069545216,-0.000416457187384367,0.0353240892291069,0.01614232361316681
1777498715079385088,-0.0007308961939997971,0.03471706435084343,0.0164406280964613
1777498715089205760,-0.0008985301246866584,0.03441338613629341,0.01669061556458473
1777498715099006976,-0.0006487183272838593,0.03394506126642227,0.01685231924057007
1777498715108789248,0.0004373026022221893,0.03308840841054916,0.01690308749675751
1777498715119017472,0.0005874896887689829,0.03114548325538635,0.01691867969930172
1777498715129225984,0.0002763667434919626,0.02968957833945751,0.01695033349096775
1777498715139414784,0.000344728963682428,0.02899871952831745,0.01687138713896275
1777498715149583616,0.0005517269601114094,0.02897387929260731,0.01670148782432079
1777498715159732736,0.0008014421910047531,0.02797971107065678,0.01660029217600822
1777498715169861888,0.001104746013879776,0.02679334953427315,0.01648089662194252
1777498715179971328,0.001603712211363018,0.02550148591399193,0.01637901552021503
1777498715190061056,0.002385488944128156,0.0251836720854044,0.01617979258298874
1777498715200130816,0.003222481114789844,0.0248562004417181,0.01592252776026726
1777498715210181120,0.003237600438296795,0.02416808716952801,0.01570518314838409
1777498715220211968,0.003339261282235384,0.02357478626072407,0.01554540172219276
1777498715230223104,0.003359039314091206,0.02329663187265396,0.01534760650247335
1777498715240214528,0.003367049852386117,0.02339408732950687,0.01515099126845598
1777498715250190080,0.003331932006403804,0.02343144454061985,0.01499470975250006
1777498715260146176,0.003533407114446163,0.02372774668037891,0.0149153396487236
1777498715270083072,0.003510406706482172,0.02383625507354736,0.01481972355395555
1777498715280000512,0.003980171866714954,0.02446544170379639,0.01474250946193933
1777498715289898752,0.004439371172338724,0.02478793635964394,0.01474362425506115
1777498715299777280,0.005011355970054865,0.02526885271072388,0.01488510984927416
1777498715309636352,0.005458800587803125,0.02562530897557735,0.01508148014545441
1777498715319476224,0.006027187220752239,0.02614956721663475,0.01539950631558895
1777498715329297664,0.006328443065285683,0.02632542513310909,0.01585898362100124
1777498715339099392,0.006532712839543819,0.02679787948727608,0.0165342204272747
1777498715348882176,0.006271522957831621,0.02686499059200287,0.01732352562248707
1777498715358882816,0.0061101159080863,0.02726270630955696,0.01822376810014248
1777498715369101312,0.005798793863505125,0.02737630158662796,0.01926546357572079
1777498715379300352,0.005147487390786409,0.02727238461375237,0.02036399953067303
1777498715389479680,0.004465098027139902,0.02710485458374023,0.02158706821501255
1777498715399639296,0.003787963418290019,0.02716252580285072,0.02277097851037979
1777498715409779456,0.00354561279527843,0.02736740373075008,0.02393949218094349
1777498715419899904,0.00337037374265492,0.02733415924012661,0.02502464689314365
1777498715430000384,0.003726405557245016,0.02722795493900776,0.02610895782709122
1777498715440081152,0.003723938716575503,0.02687683887779713,0.02707504294812679
1777498715450141952,0.004122164566069841,0.02693110331892967,0.02801869250833988
1777498715460184576,0.00398955587297678,0.02684276178479195,0.02885872311890125
1777498715470209280,0.004075133241713047,0.02711235918104649,0.0297746304422617
1777498715480214272,0.003860775846987963,0.02697909064590931,0.03062724880874157
1777498715490199808,0.004103523679077625,0.02714440040290356,0.03154883533716202
1777498715500165888,0.003799950703978539,0.02680213749408722,0.03239963576197624
1777498715510113024,0.003832763759419322,0.02687841467559338,0.03323525190353394
1777498715520040448,0.003678392851725221,0.02671060897409916,0.03402041643857956
1777498715529948416,0.003526114393025637,0.02676616795361042,0.03481101617217064
1777498715539837440,0.00312503962777555,0.02634375542402267,0.03552529960870743
1777498715549708032,0.002764885313808918,0.02607806771993637,0.03623580560088158
1777498715559558656,0.002289442345499992,0.02565861493349075,0.03684669733047485
1777498715569390336,0.002014279365539551,0.02553968690335751,0.03740626946091652
1777498715579202816,0.00177635729778558,0.02510821633040905,0.03785820677876472
1777498715588996096,0.002307599643245339,0.02477122470736504,0.03822368383407593
1777498715599002112,0.002577151404693723,0.02414635941386223,0.03842084482312202
1777498715609220608,0.002857553772628307,0.02419395186007023,0.03850582242012024
1777498715619419136,0.003391513833776116,0.02432794682681561,0.03840499371290207
1777498715629598464,0.004141363315284252,0.02430249378085136,0.03817619010806084
1777498715639758592,0.004220515955239534,0.02378265000879765,0.03800135850906372
1777498715649899520,0.004060902167111635,0.02325545810163021,0.03779533877968788
1777498715660020736,0.004555940162390471,0.02307071909308434,0.03754112496972084
1777498715670122752,0.005113519262522459,0.02296709455549717,0.03724129870533943
1777498715680205056,0.005186613649129868,0.02242016233503819,0.03692653030157089
1777498715690267904,0.005035760346800089,0.02180344052612782,0.03660426661372185
1777498715700311040,0.0051416358910501,0.02132202684879303,0.03631060197949409
1777498715710335232,0.005143862217664719,0.02139958925545216,0.0360247939825058
1777498715720340224,0.004857041407376528,0.0208195224404335,0.03576652705669403
1777498715730326016,0.004335732664912939,0.02030490897595882,0.03557083383202553
1777498715740295936,0.004052838776260614,0.01959728263318539,0.03537943214178085
1777498715750246400,0.004003352019935846,0.01962479017674923,0.03513014689087868
1777498715760178176,0.004272212740033865,0.01936702057719231,0.03479131311178207
1777498715770090240,0.00463798874989152,0.01891482807695866,0.03440842032432556
1777498715779983616,0.005166758317500353,0.01785540580749512,0.03398453816771507
1777498715789857792,0.005286034196615219,0.01713063940405846,0.03354683890938759
1777498715799712512,0.005484211724251509,0.01698529161512852,0.03303638473153114
1777498715809548288,0.005544185638427734,0.01738910190761089,0.03249837830662727
1777498715819365120,0.005724025424569845,0.01752559095621109,0.03202754631638527
1777498715829163008,0.005520891863852739,0.01731325872242451,0.03162948787212372
1777498715839172096,0.005224810447543859,0.01710950955748558,0.0312800295650959
1777498715849392128,0.004779266659170389,0.01728192344307899,0.03091814927756786
1777498715859592448,0.004624364897608757,0.01797057501971722,0.03055260330438614
1777498715869773312,0.004509521648287773,0.01814216189086437,0.030198834836483
1777498715879934464,0.004595926962792873,0.01820379681885242,0.0298822782933712
1777498715890075904,0.004484772682189941,0.01803341880440712,0.02952177636325359
1777498715900197632,0.004863840527832508,0.01856024377048016,0.02912660874426365
1777498715910299648,0.005156124010682106,0.01915384829044342,0.02873731032013893
1777498715920381696,0.005575972143560648,0.01966957934200764,0.02843069657683372
1777498715930443776,0.005925942212343216,0.01988407969474792,0.02814646810293198
1777498715940485888,0.006085220724344254,0.02039568312466145,0.02799719944596291
1777498715950508544,0.006422999780625105,0.02077964507043362,0.02790467441082001
1777498715960511488,0.006376099772751331,0.02123002894222736,0.02789175696671009
1777498715970494976,0.005944062955677509,0.02144961804151535,0.02802725322544575
1777498715980462336,0.005623132456094027,0.02208919264376163,0.02822125516831875
1777498715990410496,0.005464247893542051,0.02259510383009911,0.02849377691745758
1777498716000339712,0.004949960857629776,0.02285065315663815,0.02882985211908817
1777498716010249472,0.004135265480726957,0.02307448908686638,0.02925420179963112
1777498716020140288,0.00366809475235641,0.02345934137701988,0.02969441376626492
1777498716030011904,0.003692877246066928,0.0237364899367094,0.03009305894374847
1777498716039864320,0.003082227427512407,0.02342800423502922,0.03048215433955193
1777498716049698048,0.002546190051361918,0.0234407689422369,0.03082006797194481
1777498716059512832,0.002337330486625433,0.02362545765936375,0.03106147982180119
1777498716069308672,0.002771810628473759,0.02411575615406036,0.03122998587787151
1777498716079085568,0.003704405622556806,0.02333410643041134,0.0313054621219635
1777498716089307136,0.004350740928202868,0.02223179489374161,0.0313652940094471
1777498716099508992,0.004089337773621082,0.02172750793397427,0.03122447617352009
1777498716109690880,0.004552566912025213,0.02273648045957088,0.03091072104871273
1777498716119854080,0.005700173787772655,0.02349449321627617,0.03045847825706005
1777498716129997056,0.005493099335581064,0.02279295399785042,0.03029689937829971
1777498716140120576,0.004878819454461336,0.02161339484155178,0.03022476099431515
1777498716150223872,0.005369662772864103,0.02164406515657902,0.03019653260707855
1777498716160307968,0.005634518805891275,0.02183893695473671,0.03006400726735592
1777498716170372096,0.005716995801776648,0.02156905271112919,0.02996263466775417
1777498716180416512,0.005076439119875431,0.0203674640506506,0.03002985939383507
1777498716190441472,0.004592902027070522,0.0196063444018364,0.03016582690179348
1777498716200447488,0.004664749838411808,0.01923784427344799,0.03019009344279766
1777498716210433792,0.004861002322286367,0.0190307442098856,0.03022372350096703
1777498716220400640,0.00466252164915204,0.01778881810605526,0.03038900718092918
1777498716230348288,0.004311457742005587,0.01691963151097298,0.03056803531944752
1777498716240276224,0.004678715951740742,0.01605965383350849,0.03076306916773319
1777498716250185216,0.005004345905035734,0.01576920039951801,0.03091623820364475
1777498716260078080,0.00488503510132432,0.01514939032495022,0.03110562451183796
1777498716269954816,0.004932523239403963,0.01455185282975435,0.03138584643602371
1777498716279812352,0.005381817929446697,0.01379798073321581,0.0317094586789608
1777498716289650176,0.005847977939993143,0.0133180795237422,0.03201313689351082
1777498716299468800,0.005825018044561148,0.01290643308311701,0.03228915482759476
1777498716309268736,0.005927999038249254,0.01288278214633465,0.03266429901123047
1777498716319049216,0.006179283373057842,0.01277684886008501,0.03302612528204918
1777498716329276416,0.006326391827315092,0.01248575374484062,0.03343957662582397
1777498716339483648,0.006063146982342005,0.01210056524723768,0.03390296176075935
1777498716349670912,0.006211007479578257,0.01254155952483416,0.03442727029323578
1777498716359839488,0.006544255185872316,0.01293957699090242,0.03497451916337013
1777498716369988608,0.006869117263704538,0.01336388941854239,0.03569236397743225
1777498716380117760,0.006858982145786285,0.0129771064966917,0.03649239614605904
1777498716390227712,0.006943518295884132,0.01331491302698851,0.03741065785288811
1777498716400317952,0.007014089729636908,0.01380363572388887,0.03830896317958832
1777498716410388992,0.007180218584835529,0.01461589243263006,0.03921939060091972
1777498716420440320,0.007172765675932169,0.01422252971678972,0.04024531692266464
1777498716430472192,0.006568163633346558,0.01384020503610373,0.04140337556600571
1777498716440484864,0.00602256041020155,0.01395951397716999,0.04258518666028976
1777498716450478848,0.005432766396552324,0.01503659039735794,0.04370114952325821
1777498716460453376,0.005515725817531347,0.01605581678450108,0.04484888538718224
1777498716470408704,0.005139709915965796,0.01612024381756783,0.04606617242097855
1777498716480344832,0.004781456664204597,0.01582969538867474,0.04737899824976921
1777498716490261504,0.004637153819203377,0.01602093875408173,0.04858994483947754
1777498716500162304,0.004285457544028759,0.01693540066480637,0.04965166002511978
1777498716510046976,0.003899839473888278,0.01774459145963192,0.05056437477469444
1777498716519912448,0.003366204909980297,0.01840503327548504,0.05144809931516647
1777498716529758720,0.002677767770364881,0.01887933351099491,0.05229172483086586
1777498716539586048,0.002743331948295236,0.01944010332226753,0.05302134156227112
1777498716549394688,0.003847400890663266,0.01982696168124676,0.05359283462166786
1777498716559183616,0.003944072872400284,0.01989222504198551,0.05397825688123703
1777498716569410560,0.004015023354440928,0.02103937044739723,0.0542278103530407
1777498716579617792,0.004988099448382854,0.02231362648308277,0.05414355918765068
1777498716589805056,0.006154850590974092,0.02335719577968121,0.05391279980540276
1777498716599973376,0.006039800122380257,0.02271186374127865,0.0537588894367218
1777498716610122240,0.005301060155034065,0.0226434338837862,0.05359258875250816
1777498716620251392,0.005876467097550631,0.02327228151261806,0.05326264351606369
1777498716630361088,0.006620584987103939,0.02448762208223343,0.05281517282128334
1777498716640451328,0.006253466010093689,0.02414658106863499,0.05233608558773994
1777498716650521856,0.006008809432387352,0.02380061335861683,0.05186132714152336
1777498716660573184,0.006173304282128811,0.02349730767309666,0.05133672058582306
1777498716670604800,0.006682004779577255,0.02400288358330727,0.05072386562824249
1777498716680617216,0.006818709895014763,0.02372029051184654,0.05019311979413033
1777498716690610432,0.007099187467247248,0.02351664751768112,0.04988651722669601
1777498716700584192,0.007557650562375784,0.02274655736982822,0.04964282736182213
1777498716710538496,0.007803956046700478,0.02256442792713642,0.04941324517130852
1777498716720477184,0.008126578293740749,0.02223774418234825,0.04915387183427811
1777498716730396672,0.008155298419296741,0.0220202524214983,0.04894837737083435
1777498716740296704,0.007843208499252796,0.0213328879326582,0.0488382987678051
1777498716750177536,0.007663779892027378,0.02105837315320969,0.04875023290514946
1777498716760039424,0.007817155681550503,0.02087725512683392,0.04869980737566948
1777498716769882112,0.007748843636363745,0.02064283192157745,0.04871996119618416
1777498716779705600,0.007790597155690193,0.02007466554641724,0.04871692880988121
1777498716789510144,0.007828698493540287,0.01967895403504372,0.048743836581707
1777498716799295744,0.007807865273207426,0.01935090683400631,0.04877789691090584
1777498716809297408,0.007446881849318743,0.01922218129038811,0.04871883988380432
1777498716819514368,0.007252251729369164,0.01929950527846813,0.04861559718847275
1777498716829712128,0.007388180587440729,0.01902271248400211,0.0485607422888279
1777498716839890176,0.007179339416325092,0.01884029619395733,0.04846487939357758
1777498716850048768,0.007125344593077898,0.01867087557911873,0.04833686351776123
1777498716860188416,0.006929465569555759,0.01919200085103512,0.04814336076378822
1777498716870309376,0.007110829465091228,0.01959524117410183,0.04798512905836105
1777498716880411136,0.006833427585661411,0.01984178461134434,0.04777708649635315
1777498716890493184,0.0062646116130054,0.01969275437295437,0.04756097495555878
1777498716900555776,0.005998013075441122,0.02014379762113094,0.04733356088399887
1777498716910598656,0.006138327065855265,0.02090317383408546,0.04696600139141083
1777498716920621824,0.006580149754881859,0.02131113968789577,0.04657715559005737
1777498716930625792,0.006411296781152487,0.02144039236009121,0.04616701975464821
1777498716940610304,0.006668271496891975,0.02182438783347607,0.04572594910860062
1777498716950575616,0.006882232148200274,0.02267071977257729,0.04516857117414474
1777498716960521472,0.007038283627480268,0.02358264848589897,0.04457740485668182
1777498716970447872,0.007031694520264864,0.02417839132249355,0.04403449967503548
1777498716980355072,0.006604173686355352,0.02470054663717747,0.04345078766345978
1777498716990243072,0.006693381816148758,0.02548414096236229,0.04284489527344704
1777498717000111616,0.007371929474174976,0.0265353936702013,0.04213467985391617
1777498717009961216,0.007840344682335854,0.02712058275938034,0.04126417264342308
1777498717019791872,0.008017667569220066,0.02734006941318512,0.04028197750449181
1777498717029609728,0.008048797026276588,0.02788050659000874,0.03914695605635643
1777498717039408384,0.008261715061962605,0.02887004241347313,0.03792775049805641
1777498717049416960,0.008180825039744377,0.0298223290592432,0.03669562190771103
1777498717059634688,0.007913317531347275,0.03058450110256672,0.03548560664057732
1777498717069832448,0.00838021282106638,0.03118425235152245,0.03442880138754845
1777498717080010752,0.008781416341662407,0.0313381589949131,0.03336822614073753
1777498717090169600,0.008993341587483883,0.03146913647651672,0.03237025067210197
1777498717100308224,0.009219642728567123,0.03166398778557777,0.031491968780756
1777498717110427136,0.009044838137924671,0.03221747279167175,0.03058862313628197
1777498717120526336,0.009282594546675682,0.03242206200957298,0.02990781515836716
1777498717130605824,0.009012004360556602,0.03207002580165863,0.02934279479086399
1777498717140665088,0.00895299669355154,0.03160829842090607,0.0288379117846489
1777498717150704896,0.008668995462357998,0.03148448094725609,0.02831442654132843
1777498717160725248,0.008672215975821018,0.03138325363397598,0.02778145670890808
1777498717170726144,0.008621636778116226,0.03141533210873604,0.02722128108143806
1777498717180707328,0.008164564147591591,0.03087296336889267,0.02671359479427338
1777498717190669312,0.008221819996833801,0.03063676133751869,0.02618025243282318
1777498717200612096,0.008465459570288658,0.03014964610338211,0.02553549595177174
1777498717210535424,0.008426195941865444,0.02973482944071293,0.02485797740519047
1777498717220441856,0.008242776617407799,0.02914006263017654,0.02417918667197227
1777498717230331392,0.00872352346777916,0.02877286821603775,0.02353618107736111
1777498717240201728,0.009001254104077816,0.02796932682394981,0.02289698645472527
1777498717250052864,0.009242843836545944,0.02731434442102909,0.02235560864210129
1777498717259884544,0.009593327529728413,0.02663705125451088,0.02181035466492176
1777498717269697280,0.009798543527722359,0.0261534359306097,0.0213122945278883
1777498717279491072,0.009753269143402576,0.02535531111061573,0.02088755741715431
1777498717289265152,0.009594309143722057,0.02484104968607426,0.02049428597092628
1777498717299484416,0.009261829778552055,0.0241323821246624,0.02018874697387218
1777498717309683456,0.008801009505987167,0.02360652200877666,0.0199324581772089
1777498717319863040,0.008465497754514217,0.023293387144804,0.0196932815015316
1777498717330022656,0.00821374636143446,0.0229172483086586,0.01950981840491295
1777498717340163584,0.008517377078533173,0.02269862033426762,0.01930952630937099
1777498717350285056,0.00903561245650053,0.02211933583021164,0.0190664678812027
1777498717360386816,0.009320237673819065,0.02158384956419468,0.01879042387008667
1777498717370468864,0.009328342974185944,0.02137863636016846,0.0185686033219099
1777498717380531712,0.009724773466587067,0.02138929255306721,0.01829613372683525
1777498717390575104,0.009963416494429111,0.0211894977837801,0.01807993836700916
1777498717400599040,0.009767825715243816,0.02067138627171516,0.01799094118177891
1777498717410603264,0.00950929056853056,0.02058660052716732,0.01791224256157875
1777498717420589056,0.009280148893594742,0.02076096273958683,0.01790571957826614
1777498717430555904,0.009132969193160534,0.02043414488434792,0.01809226721525192
1777498717440506624,0.008489465340971947,0.01989863812923431,0.01845698058605194
1777498717450438144,0.007645326666533947,0.01981652714312077,0.01891176588833332
1777498717460350464,0.007482673972845078,0.02046294882893562,0.01926104538142681
1777498717470243584,0.007549777626991272,0.02116304636001587,0.01960802264511585
1777498717480117760,0.007511227391660213,0.02113081514835358,0.01995546370744705
1777498717489972736,0.007101310417056084,0.02086228504776955,0.02040459029376507
1777498717499808512,0.007056649774312973,0.0211151447147131,0.02076308988034725
1777498717509625344,0.007343844976276159,0.02184214629232883,0.02102005481719971
1777498717519423232,0.007262293715029955,0.02259707823395729,0.02118061669170856
1777498717529202432,0.007133156526833773,0.0231793187558651,0.0213040579110384
1777498717539422976,0.0072442926466465,0.02423488721251488,0.02138075605034828
1777498717549623552,0.007638602983206511,0.02496780455112457,0.02143257670104504
1777498717559804416,0.007907156832516193,0.02600561641156673,0.02140023000538349
1777498717569965824,0.007571787107735872,0.02679502218961716,0.02133847773075104
1777498717580108288,0.007317588198930025,0.02764866687357426,0.02128117717802525
1777498717590230784,0.00728856585919857,0.02843896113336086,0.02116947434842587
1777498717600333824,0.006836015731096268,0.02898985333740711,0.02104124799370766
1777498717610416896,0.006585040595382452,0.02997815795242786,0.02093149535357952
1777498717620480768,0.006815457250922918,0.03096047043800354,0.02066195197403431
1777498717630524928,0.00710846995934844,0.03167865425348282,0.02044852077960968
1777498717640549632,0.006858082488179207,0.03176727518439293,0.02030579745769501
1777498717650554880,0.006927080452442169,0.03200162574648857,0.02019895054399967
1777498717660540672,0.006973313167691231,0.03236150741577148,0.02004987932741642
1777498717670507008,0.006705721374601126,0.03287073597311974,0.01982801035046577
1777498717680453888,0.00678864773362875,0.03299888968467712,0.01969707012176514
1777498717690381312,0.006489865016192198,0.03282653912901878,0.0196113083511591
1777498717700289280,0.006298573687672615,0.03257768973708153,0.01948635093867779
1777498717710178048,0.006427742075175047,0.03243961557745934,0.01929753646254539
1777498717720050432,0.00630086800083518,0.03252196311950684,0.01899276673793793
1777498717729906432,0.006423020735383034,0.03229960054159164,0.01875296607613564
1777498717739743488,0.006530180107802153,0.03220975771546364,0.01841188594698906
1777498717749561344,0.006769123952835798,0.03170502558350563,0.01818293146789074
1777498717759360000,0.006674059201031923,0.03130591288208961,0.01792814582586288
1777498717769139712,0.007024155464023352,0.03101606480777264,0.01769403740763664
1777498717779365888,0.007361114490777254,0.0304939541965723,0.01741309091448784
1777498717789572352,0.007153595332056284,0.03007536567747593,0.01719339564442635
1777498717799759104,0.007076798938214779,0.02961203828454018,0.01699767261743546
1777498717809926656,0.007368241902440786,0.02927572093904018,0.01683319546282291
1777498717820074752,0.007288410328328609,0.02875599823892117,0.016627361997962
1777498717830203136,0.007129848003387451,0.02834091894328594,0.016395203769207
1777498717840311808,0.00691649504005909,0.02819770015776157,0.016097042709589
1777498717850401280,0.006973498500883579,0.02794348821043968,0.01571841724216938
1777498717860471040,0.006741911638528109,0.02742520160973072,0.01536863762885332
1777498717870521088,0.006271155551075935,0.02659586630761623,0.01517775189131498
1777498717880552192,0.005860362201929092,0.02614435739815235,0.01506571751087904
1777498717890567168,0.005485645495355129,0.02617397159337997,0.01495413761585951
1777498717900562688,0.00530104199424386,0.02650788053870201,0.01487259473651648
1777498717910539008,0.00519853550940752,0.02657243609428406,0.01473477762192488
1777498717920495872,0.005119930952787399,0.02653994970023632,0.01457353588193655
1777498717930433792,0.005037048831582069,0.02629543840885162,0.01435039099305868
1777498717940352256,0.004797886125743389,0.02654614672064781,0.01402821764349937
1777498717950251520,0.00520732905715704,0.02676514349877834,0.01357739977538586
1777498717960131328,0.005363150965422392,0.02716812305152416,0.01306019444018602
1777498717969992960,0.00562552735209465,0.02728483080863953,0.0126308212056756
1777498717979835392,0.005865532904863358,0.02752768434584141,0.01215472538024187
1777498717989658624,0.006386545952409506,0.02788813598453999,0.01169588044285774
1777498717999462656,0.006394064985215664,0.02836948819458485,0.01124736480414867
1777498718009247744,0.006400599610060453,0.02902895212173462,0.01076989155262709
1777498718019475200,0.006467694416642189,0.02963314577937126,0.01034231763333082
1777498718029683200,0.006153455935418606,0.03041314519941807,0.009947924874722958
1777498718039871488,0.005697323475033045,0.03110628947615623,0.009572903625667095
1777498718050040064,0.005616303533315659,0.03213459625840187,0.009205110371112823
1777498718060189184,0.005650700535625219,0.03274345770478249,0.008841476403176785
1777498718070319360,0.005495244171470404,0.03330043330788612,0.008490907028317451
1777498718080429824,0.005124399904161692,0.03389941528439522,0.008149033412337303
1777498718090520832,0.005321028176695108,0.03487780317664146,0.007773000281304121
1777498718100592128,0.005450992379337549,0.03564746677875519,0.007366525009274483
1777498718110643968,0.005341300740838051,0.03612339496612549,0.007031259126961231
1777498718120676608,0.005322349723428488,0.03651299700140953,0.006732724141329527
1777498718130689536,0.00559397554025054,0.03710860386490822,0.006377925630658865
1777498718140683008,0.006005715578794479,0.03747705742716789,0.006042036227881908
1777498718150657536,0.005916459951549768,0.03765355795621872,0.00567709794268012
1777498718160612608,0.005871808622032404,0.03753326088190079,0.005411751102656126
1777498718170548224,0.005700242705643177,0.03745144978165627,0.005191791336983442
1777498718180466176,0.005710894241929054,0.03708710521459579,0.005053270608186722
1777498718190367232,0.005322744138538837,0.03693630546331406,0.004884656053036451
1777498718200248832,0.00511183962225914,0.03696634620428085,0.004678352735936642
1777498718210111232,0.00536038912832737,0.03700705617666245,0.00444937264546752
1777498718219954432,0.005511254072189331,0.03664768487215042,0.004184541758149862
1777498718229778944,0.005459391046315432,0.03572928532958031,0.003992849960923195
1777498718239584000,0.005343301221728325,0.03501047566533089,0.003864640602841973
1777498718249370112,0.005715551320463419,0.0345868393778801,0.003751110984012485
1777498718259372032,0.005839368794113398,0.03390698507428169,0.003645526710897684
1777498718269589760,0.00567393284291029,0.03291938826441765,0.003729814430698752
1777498718279787776,0.005563598126173019,0.03186580538749695,0.00384114682674408
1777498718289965824,0.005559350363910198,0.03101281821727753,0.003985545132309198
1777498718300123904,0.006230183877050877,0.03007428534328938,0.004187678452581167
1777498718310263552,0.00658032950013876,0.02869132906198502,0.004342091735452414
1777498718320384256,0.006614952813833952,0.02739141136407852,0.004541666246950626
1777498718330485504,0.006706283893436193,0.02654642052948475,0.004589817021042109
1777498718340567296,0.007036234252154827,0.02622374147176743,0.004560463596135378
1777498718350629888,0.006989243440330029,0.02527804858982563,0.004572365432977676
1777498718360673024,0.006845182739198208,0.02433573640882969,0.004599201958626509
1777498718370696448,0.006914558820426464,0.02334823459386826,0.004561251029372215
1777498718380700416,0.007304030004888773,0.02300810068845749,0.004478583578020334
1777498718390685184,0.007883351296186447,0.02245518192648888,0.004368440248072147
1777498718400650752,0.008247114717960358,0.02200032584369183,0.004305865615606308
1777498718410596864,0.008761108852922916,0.02145282924175262,0.00436424370855093
1777498718420524032,0.00924140028655529,0.02128817699849606,0.00445410655811429
1777498718430431744,0.00977542158216238,0.02121767029166222,0.004666049499064684
1777498718440320256,0.009968019090592861,0.02092083171010017,0.005042590666562319
1777498718450189568,0.009867599233984947,0.02066946588456631,0.005608659703284502
1777498718460039680,0.009560493752360344,0.02019415609538555,0.006291311699897051
1777498718469871616,0.009032245725393295,0.01995318196713924,0.007120571099221706
1777498718479690496,0.008291829377412796,0.01969945803284645,0.008039887994527817
1777498718489490432,0.007581633049994707,0.01978606544435024,0.009015458635985851
1777498718499499520,0.007140755653381348,0.01986751146614552,0.01008292939513922
1777498718509717504,0.006938784383237362,0.01961568556725979,0.01115802489221096
1777498718519915776,0.006879616063088179,0.0191845390945673,0.01225321181118488
1777498718530094336,0.006615266669541597,0.01869097538292408,0.01329417899250984
1777498718540252928,0.00659435847774148,0.01900732330977917,0.01427179854363203
1777498718550392064,0.006517263595014811,0.01905587501823902,0.01512414030730724
1777498718560512512,0.006561875808984041,0.01941118761897087,0.01593981683254242
1777498718570614272,0.006129404995590448,0.01927717588841915,0.0167536586523056
1777498718580696320,0.005849553272128105,0.01992888748645782,0.01751499623060226
1777498718590758656,0.006102514918893576,0.02039141021668911,0.01813189685344696
1777498718600801536,0.006022221874445677,0.02089326642453671,0.01874035410583019
1777498718610824704,0.005975558422505856,0.02091933786869049,0.01934901811182499
1777498718620828416,0.005911271087825298,0.02155444771051407,0.01981105469167233
1777498718630812416,0.006089223548769951,0.02209698967635632,0.02025609649717808
1777498718640777216,0.00626072846353054,0.02258382178843021,0.02062375284731388
1777498718650722816,0.006362389773130417,0.0225316695868969,0.02107223309576511
1777498718660649216,0.006068487651646137,0.02266545593738556,0.02144336327910423
1777498718670556160,0.006163353100419044,0.02300894446671009,0.02177846804261208
1777498718680443904,0.00643124571070075,0.02321319468319416,0.02202622778713703
1777498718690312448,0.006329499185085297,0.02294936589896679,0.02231764979660511
1777498718700161536,0.005784382112324238,0.02262658253312111,0.02260114438831806
1777498718709991936,0.00593571737408638,0.022683285176754,0.02280779182910919
1777498718719804160,0.006309556309133768,0.02265864051878452,0.02294177189469337
1777498718729597184,0.006240681279450655,0.02216146513819695,0.02313436195254326
1777498718739602944,0.00649542361497879,0.02176794968545437,0.02327148616313934
1777498718749821184,0.006975394673645496,0.02140058763325214,0.02334327809512615
1777498718760019968,0.007549755740910769,0.02118741720914841,0.02335666492581367
1777498718770199040,0.007410676218569279,0.02067019790410995,0.02338774874806404
1777498718780358656,0.00711878202855587,0.02014471404254436,0.02347884140908718
1777498718790498560,0.007262798957526684,0.0190263856202364,0.0235891118645668
1777498718800618496,0.007210439536720514,0.0177018903195858,0.02377147041261196
1777498718810719232,0.006384021602571011,0.01644379831850529,0.02398084290325642
1777498718820801024,0.005956098437309265,0.01601996272802353,0.02410342171788216
1777498718830864384,0.006265111267566681,0.01564981788396835,0.02411970868706703
1777498718840908288,0.00654431851580739,0.0147903123870492,0.02412641048431396
1777498718850932480,0.006251963786780834,0.013036098331213,0.0242835059762001
1777498718860937728,0.006443457677960396,0.01191779691725969,0.02446503564715385
1777498718870923264,0.006579085718840361,0.01124298665672541,0.0244995579123497
1777498718880889344,0.006764999590814114,0.01090758386999369,0.02448098920285702
1777498718890836224,0.00666921678930521,0.009774485602974892,0.02455531060695648
1777498718900764160,0.00649527832865715,0.008688881061971188,0.02475616335868835
1777498718910672896,0.00668470561504364,0.007836843840777874,0.02488851733505726
1777498718920562176,0.006891543045639992,0.007611935958266258,0.02499249391257763
1777498718930432512,0.006888817995786667,0.006880782078951597,0.02515607327222824
1777498718940283136,0.006550556514412165,0.006235616747289896,0.02539267390966415
1777498718950114816,0.006326284259557724,0.005389908794313669,0.02565897442400455
1777498718959927296,0.006236953195184469,0.005192923825234175,0.02591991424560547
1777498718969720576,0.005999532528221607,0.004632445983588696,0.02617836371064186
1777498718979495936,0.005939089227467775,0.004270561505109072,0.02646172046661377
1777498718989715712,0.0059844721108675,0.003571471897885203,0.026732562109828
1777498718999915520,0.006271769758313894,0.003232694696635008,0.02694724686443806
1777498719010095360,0.006438297685235739,0.0029141113627702,0.02712944522500038
1777498719020254976,0.006315791513770819,0.002982272300869226,0.02726110629737377
1777498719030395904,0.006323754787445068,0.00318977702409029,0.0273613091558218
1777498719040517888,0.006036585196852684,0.003527019172906876,0.02744395285844803
1777498719050620416,0.005656684748828411,0.00387046649120748,0.02747064456343651
1777498719060703232,0.005388635210692883,0.00453553581610322,0.02741092815995216
1777498719070766848,0.005493567790836096,0.00541667640209198,0.02730530500411987
1777498719080811008,0.005683529190719128,0.006262539885938168,0.02711143344640732
1777498719090835456,0.005647076759487391,0.007195010781288147,0.02687537856400013
1777498719100840448,0.005058745387941599,0.008590559475123882,0.02669220976531506
1777498719110827008,0.004380021709948778,0.01037363521754742,0.02683596312999725
1777498719120794624,0.004520665854215622,0.01090505532920361,0.0272368136793375
1777498719130742784,0.00266697583720088,0.01127459574490786,0.02791495062410831
1777498719140671744,0.00145418627653271,0.01167983375489712,0.02867224812507629
1777498719150581248,0.0021263447124511,0.0126299848780036,0.02927210368216038
1777498719160471552,0.002186168450862169,0.01223210897296667,0.02982071787118912
1777498719170342656,0.001148837618529797,0.01257505640387535,0.03033707104623318
1777498719180194304,0.001742688356898725,0.01347261760383844,0.03067138977348804
1777498719190027776,0.002554613864049315,0.01402663253247738,0.03075142204761505
1777498719199848704,0.003100439207628369,0.01355214882642031,0.03078999184072018
1777498719209650688,0.003034495282918215,0.01275238487869501,0.03070033527910709
1777498719219434240,0.003739843610674143,0.0128353089094162,0.03045855835080147
1777498719229659904,0.004810862708836794,0.01338346395641565,0.02993104048073292
1777498719239866624,0.005425625946372747,0.01298696082085371,0.02939262799918652
1777498719250053376,0.005372349638491869,0.01240924093872309,0.028883446007967
1777498719260220928,0.006019042804837227,0.01232859119772911,0.02832574024796486
1777498719270369024,0.006785755511373281,0.01236835401505232,0.02764938399195671
1777498719280497664,0.007338118739426136,0.01194056775420904,0.02704788558185101
1777498719290606592,0.007306421175599098,0.01103413943201303,0.02650274895131588
1777498719300696320,0.007107583805918694,0.01053880155086517,0.02604603953659534
1777498719310766080,0.007271740585565567,0.0105903185904026,0.02556571364402771
1777498719320816640,0.006898461375385523,0.01040003169327974,0.02499237097799778
1777498719330847488,0.006527129560709,0.01014146022498608,0.02448143437504768
1777498719340858880,0.005791534204035997,0.009707295335829258,0.02398256398737431
1777498719350850816,0.006020320579409599,0.009884687140583992,0.02352523989975452
1777498719360823296,0.006465310696512461,0.009888309054076672,0.02307299710810184
1777498719370776320,0.007075628265738487,0.009927920065820217,0.02276732958853245
1777498719380709888,0.007904365658760071,0.009685839526355267,0.02263110131025314
1777498719390624256,0.008931378833949566,0.009707109071314335,0.02261641435325146
1777498719400522240,0.009601612575352192,0.009672638960182667,0.02259574644267559
1777498719410403328,0.01002413034439087,0.009901531971991062,0.02267620526254177
1777498719420265216,0.00996022392064333,0.009880229830741882,0.0229096245020628
1777498719430108160,0.009507548063993454,0.009948639199137688,0.02338020317256451
1777498719439932160,0.009019515477120876,0.009723636321723461,0.02408397756516933
1777498719449736704,0.008203841745853424,0.009699037298560143,0.02491915039718151
1777498719459522304,0.007541794795542955,0.01002217177301645,0.02580703422427177
1777498719469757440,0.007063460536301136,0.01036209519952536,0.02672280743718147
1777498719479973120,0.006913071032613516,0.01055706664919853,0.02776277251541615
1777498719490169344,0.006512870080769062,0.01025833003222942,0.02886267937719822
1777498719500345600,0.006312362849712372,0.01024562679231167,0.02998851612210274
1777498719510502144,0.006384477484971285,0.01037042029201984,0.03109166026115417
1777498719520639488,0.006379015743732452,0.01094638183712959,0.03222773969173431
1777498719530758400,0.006078700069338083,0.01111109647899866,0.03341209888458252
1777498719540857856,0.005742028821259737,0.01156272552907467,0.03468438610434532
1777498719550937600,0.005647242534905672,0.01184582617133856,0.03598161786794662
1777498719560997888,0.005711658392101526,0.01231381483376026,0.03726480901241302
1777498719571038464,0.005745958536863327,0.01254740171134472,0.03849626332521439
1777498719581059584,0.005681958980858326,0.01329030469059944,0.03971300646662712
1777498719591060992,0.005523310974240303,0.01420733239501715,0.04080395400524139
1777498719601042944,0.005111456848680973,0.01569909974932671,0.04197270050644875
1777498719611005440,0.004266127943992615,0.01749124750494957,0.0432133786380291
1777498719620948736,0.004504965618252754,0.01898412965238094,0.04447709023952484
1777498719630872576,0.004912528675049543,0.0181293785572052,0.04592163115739822
1777498719640776960,0.003366258926689625,0.01787158101797104,0.04751997441053391
1777498719650661632,0.002187626902014017,0.01799008436501026,0.04889403656125069
1777498719660527104,0.002270403085276484,0.01990876905620098,0.05011652410030365
1777498719670373376,0.002681511919945478,0.02052846737205982,0.05134855583310127
1777498719680200448,0.00207213987596333,0.02017248049378395,0.05259224027395248
1777498719690009600,0.001363914576359093,0.0193141233175993,0.05383750423789024
1777498719699799296,0.001526657491922379,0.02011474408209324,0.05484389141201973
1777498719709802240,0.002173899440094829,0.02126279287040234,0.05576180666685104
1777498719720017664,0.003443466266617179,0.02123895473778248,0.05658688396215439
1777498719730213120,0.004010288044810295,0.02010406367480755,0.05743928253650665
1777498719740389120,0.00428861565887928,0.02008822746574879,0.05822152271866798
1777498719750546432,0.005197371356189251,0.02181051857769489,0.05881393328309059
1777498719760683776,0.006074537523090839,0.02334428951144218,0.05890294536948204
1777498719770801664,0.00633216230198741,0.02295996621251106,0.05920063704252243
1777498719780900096,0.004892438184469938,0.0223925095051527,0.05941956862807274
1777498719790978816,0.004994526971131563,0.02290703356266022,0.05969719961285591
1777498719801038080,0.005875540897250175,0.02472602017223835,0.05977676063776016
1777498719811077888,0.006129055749624968,0.02487107925117016,0.05975233018398285
1777498719821098496,0.005402828566730022,0.02453081123530865,0.0597551017999649
1777498719831100160,0.005025631282478571,0.02423599176108837,0.05966945737600327
1777498719841082368,0.005219731945544481,0.02541415393352509,0.05936341360211372
1777498719851045120,0.005676147527992725,0.02663739025592804,0.05899392813444138
1777498719860990464,0.005431476514786482,0.0266548041254282,0.05869863927364349
1777498719870918144,0.00498895812779665,0.02654442936182022,0.05852552503347397
1777498719880827136,0.005179654341191053,0.02669544890522957,0.05819889903068542
1777498719890717184,0.005640255752950907,0.02793006040155888,0.05771538242697716
1777498719900587520,0.005688275676220655,0.02839712798595428,0.05715649202466011
1777498719910439168,0.005624310113489628,0.02918754331767559,0.05660068243741989
1777498719920271360,0.005743305198848248,0.02952645719051361,0.05601238459348679
1777498719930084352,0.005946130026131868,0.03062201850116253,0.05538610741496086
1777498719939878400,0.005973088555037975,0.03125045821070671,0.0547298863530159
1777498719949883904,0.005869310814887285,0.03226484730839729,0.05406059697270393
1777498719960100352,0.005896851420402527,0.03285657986998558,0.05329601839184761
1777498719970296832,0.005918752402067184,0.03368191793560982,0.05246406421065331
1777498719980473856,0.005896257236599922,0.03406737744808197,0.05154884234070778
1777498719990631168,0.006143649574369192,0.0347132496535778,0.05062554404139519
1777498720000768768,0.006605261471122503,0.03517365828156471,0.04965369775891304
1777498720010886400,0.007068616803735495,0.03573137149214745,0.04870062693953514
1777498720020984576,0.00737724220380187,0.03617016226053238,0.04772115871310234
1777498720031063040,0.007821554318070412,0.03666969388723373,0.04678405448794365
1777498720041121792,0.008328105323016644,0.03690271824598312,0.0458788126707077
1777498720051163648,0.008382950909435749,0.03720617294311523,0.04500513151288033
1777498720061186304,0.008105417713522911,0.03771837055683136,0.04411651566624641
1777498720071189760,0.007868655025959015,0.03839379921555519,0.04324246197938919
1777498720081173504,0.007617020048201084,0.03868156298995018,0.0423756018280983
1777498720091138304,0.006861849222332239,0.03854065760970116,0.04163989797234535
1777498720101083648,0.006123253609985113,0.03868389129638672,0.04088407009840012
1777498720111009536,0.006038344465196133,0.03945786133408546,0.04003731906414032
1777498720120915968,0.006345460657030344,0.04018167778849602,0.03910258039832115
1777498720130803712,0.006354349665343761,0.04031272977590561,0.03825635090470314
1777498720140672512,0.006104741245508194,0.04016829282045364,0.03746725246310234
1777498720150522112,0.006768715102225542,0.0402611568570137,0.03662897273898125
1777498720160352256,0.00692451186478138,0.04038004577159882,0.03578589111566544
1777498720170163456,0.006852347869426012,0.04030986875295639,0.03500617295503616
1777498720179955712,0.006696194410324097,0.04010172188282013,0.03427768498659134
1777498720189960960,0.006575324572622776,0.0398978479206562,0.03363563865423203
1777498720200178688,0.006530629936605692,0.03964973986148834,0.03310622647404671
1777498720210376960,0.006330652162432671,0.03941222652792931,0.0325651541352272
1777498720220556032,0.006477952003479004,0.03893722966313362,0.03210688009858131
1777498720230715392,0.006989272776991129,0.03839798271656036,0.03156012296676636
1777498720240855040,0.007449760101735592,0.03730228170752525,0.03098804131150246
1777498720250974976,0.007500917185097933,0.03605133667588234,0.03035101294517517
1777498720261075200,0.007766483817249537,0.03510849177837372,0.02965793199837208
1777498720271155712,0.008331133052706718,0.03409053012728691,0.02897941134870052
1777498720281216768,0.00867797527462244,0.03282619640231133,0.02841916680335999
1777498720291258112,0.008896843530237675,0.03101509436964989,0.0279083140194416
1777498720301280512,0.00908562820404768,0.02968117594718933,0.02741829864680767
1777498720311284736,0.00934988260269165,0.02821736596524715,0.02699675969779491
1777498720321270784,0.009420967660844326,0.02726072072982788,0.02664665319025517
1777498720331237120,0.009313547983765602,0.02582554146647453,0.02642310410737991
1777498720341184512,0.008965986780822277,0.02453125454485416,0.02628814987838268
1777498720351112448,0.009063222445547581,0.02357739210128784,0.0262440238147974
1777498720361021440,0.008641372434794903,0.02284770272672176,0.0261775366961956
1777498720370911232,0.008690092712640762,0.02228677831590176,0.02626860700547695
1777498720380781568,0.008616743609309196,0.0214194543659687,0.02648872882127762
1777498720390633216,0.008622966706752777,0.02073797769844532,0.02677331119775772
1777498720400466176,0.008571546524763107,0.02029795944690704,0.02711008861660957
1777498720410279936,0.008950474672019482,0.02051977626979351,0.02744926325976849
1777498720420074752,0.009444069117307663,0.02064758911728859,0.02789547853171825
1777498720429850368,0.01001391280442476,0.02079259045422077,0.02846810780465603
1777498720440070144,0.01054520532488823,0.02068090811371803,0.02919167652726173
1777498720450270464,0.01066218502819538,0.02069967798888683,0.03003475815057755
1777498720460451328,0.01064240746200085,0.02115341834723949,0.03106341324746609
1777498720470612992,0.009993475861847401,0.0215626135468483,0.03217257559299469
1777498720480754688,0.009086213074624538,0.02214028127491474,0.03348842635750771
1777498720490877440,0.008218317292630672,0.02230707742273808,0.03486401587724686
1777498720500980224,0.007182411383837461,0.0227605327963829,0.03631723299622536
1777498720511063808,0.006296691950410604,0.02307626605033875,0.03771937638521194
1777498720521127680,0.005742959678173065,0.02386513724923134,0.0390310250222683
1777498720531171840,0.005692165810614824,0.02459689043462276,0.04027661308646202
1777498720541196544,0.005656701512634754,0.02532047405838966,0.04140914604067802
1777498720551204864,0.005768225993961096,0.02588468044996262,0.0423760712146759
1777498720561193728,0.005646948236972094,0.02698376774787903,0.04322648420929909
1777498720571163392,0.006064288318157196,0.0283256322145462,0.04384943842887878
1777498720581113600,0.006249905098229647,0.02958075888454914,0.04434039443731308
1777498720591044608,0.006579435896128416,0.03050012141466141,0.0447443500161171
1777498720600956416,0.006852814462035894,0.03168336302042007,0.04507777467370033
1777498720610849024,0.007449585478752851,0.03292135521769524,0.04538756981492043
1777498720620722176,0.007988553494215012,0.03422454372048378,0.04563829302787781
1777498720630577152,0.008259194903075695,0.03514617308974266,0.04596315696835518
1777498720640412928,0.008307608775794506,0.0360572338104248,0.04632296413183212
1777498720650229248,0.00836500246077776,0.03692572936415672,0.0467032790184021
1777498720660026368,0.007854624651372433,0.03782417252659798,0.04714993014931679
1777498720669804288,0.007701249793171883,0.0386163704097271,0.04766868427395821
1777498720680024320,0.007547340355813503,0.03911629319190979,0.04818140342831612
1777498720690224384,0.007154408376663923,0.03965489193797112,0.0487084835767746
1777498720700404992,0.007272670976817608,0.04020307213068008,0.04922178387641907
1777498720710566656,0.007919186726212502,0.04055603966116905,0.04966945201158524
1777498720720708608,0.00824425183236599,0.04008438810706139,0.05012408271431923
1777498720730830848,0.008245614357292652,0.03947915136814117,0.05051736906170845
1777498720740933632,0.008370163850486279,0.0394916906952858,0.05081700161099434
1777498720751016448,0.008585993200540543,0.03991452604532242,0.05100015550851822
1777498720761079808,0.009106701239943504,0.03979994729161263,0.05128154158592224
1777498720771123456,0.009300895966589451,0.03887098282575607,0.05168665945529938
1777498720781148160,0.009266854263842106,0.03780355677008629,0.05208645761013031
1777498720791156736,0.009402046911418438,0.03729933127760887,0.05244887620210648
1777498720801145856,0.009743543341755867,0.0370040163397789,0.05275550484657288
1777498720811116032,0.009324453771114349,0.03636766597628593,0.05311669781804085
1777498720821067264,0.008891369216144085,0.03527481853961945,0.05352458730340004
1777498720830999552,0.008610428310930729,0.03467441350221634,0.05399829149246216
1777498720840912384,0.007978679612278938,0.03391946107149124,0.05442783236503601
1777498720850806016,0.007450245786458254,0.03370611742138863,0.05481936410069466
1777498720860680448,0.007232655305415392,0.03285591304302216,0.0550546795129776
1777498720870536192,0.007130270823836327,0.0324619747698307,0.05522828921675682
1777498720880372992,0.007221751846373081,0.03172045573592186,0.05525512620806694
1777498720890190592,0.007683454547077417,0.0316004566848278,0.05520382151007652
1777498720899988992,0.008378922939300537,0.03089645318686962,0.05502447113394737
1777498720909768448,0.009074129164218903,0.03056283667683601,0.05488674715161324
1777498720919994880,0.009627902880311012,0.02969159185886383,0.05469626933336258
1777498720930201600,0.009971094317734241,0.02906765043735504,0.05456807836890221
1777498720940388608,0.00996893085539341,0.02834644541144371,0.05448064580559731
1777498720950555904,0.009371805936098099,0.02791297808289528,0.05442279949784279
1777498720960703488,0.0089455870911479,0.02729466184973717,0.05440909042954445
1777498720970831360,0.008456963114440441,0.02657234668731689,0.0544578805565834
1777498720980939520,0.00767119275406003,0.02572345361113548,0.05450640618801117
1777498720991028224,0.007189968135207891,0.02529330179095268,0.05452031642198563
1777498721001097984,0.007130415178835392,0.0250204112380743,0.05447336286306381
1777498721011149056,0.007199450396001339,0.02475102990865707,0.05435198917984962
1777498721021180928,0.007316721137613058,0.02433246374130249,0.05419967696070671
1777498721031193344,0.007570826448500156,0.02424229122698307,0.05390060320496559
1777498721041186560,0.007605224847793579,0.02452483586966991,0.05353109166026115
1777498721051160576,0.007589578628540039,0.02505794540047646,0.05302953720092773
1777498721061115392,0.007708600722253323,0.02545314468443394,0.05258384719491005
1777498721071050752,0.0075397789478302,0.0257140900939703,0.05209565162658691
1777498721080967680,0.007325862534344196,0.02638396248221397,0.05163133516907692
1777498721090865664,0.007833610288798809,0.02727862447500229,0.05110591650009155
1777498721100744448,0.008091229945421219,0.0279963780194521,0.05064700543880463
1777498721110604032,0.008058711886405945,0.02810497023165226,0.05025417357683182
1777498721120444416,0.008230511099100113,0.02825110778212547,0.04992701858282089
1777498721130265856,0.008133199065923691,0.02838966995477676,0.04963910952210426
1777498721140067840,0.007756255101412535,0.02868605963885784,0.04932431876659393
1777498721149850880,0.007463126908987761,0.0287475697696209,0.04902193695306778
1777498721159850752,0.007005535997450352,0.02845220826566219,0.04867052659392357
1777498721170067200,0.006706433836370707,0.02817212790250778,0.0482119582593441
1777498721180263680,0.00660904124379158,0.0279121994972229,0.04762306064367294
1777498721190441216,0.006947952788323164,0.02776187285780907,0.04699287936091423
1777498721200599040,0.007271077483892441,0.0271625705063343,0.04624782130122185
1777498721210737664,0.007899889722466469,0.0266083050519228,0.04540129005908966
1777498721220856320,0.008336503058671951,0.02604162320494652,0.04445961862802505
1777498721230955520,0.008854897692799568,0.02566241472959518,0.04344210401177406
1777498721241035008,0.008823865093290806,0.02493212185800076,0.04244757071137428
1777498721251095296,0.009007052518427372,0.02419574372470379,0.04151976853609085
1777498721261135872,0.008809660561382771,0.02352229878306389,0.04062224924564362
1777498721271157504,0.009019950404763222,0.02287680096924305,0.03984673693776131
1777498721281161984,0.009381545707583427,0.02193341217935085,0.0391339547932148
1777498721291147008,0.009695934131741524,0.02061156183481216,0.03860387951135635
1777498721301112576,0.009515201672911644,0.01900998502969742,0.03819097205996513
1777498721311058944,0.009477077051997185,0.017934275791049,0.03792447969317436
1777498721320986112,0.009077438153326511,0.01681997254490852,0.03775036707520485
1777498721330893824,0.008490178734064102,0.01573969796299934,0.03777090460062027
1777498721340782080,0.007837459444999695,0.01440630201250315,0.0378757081925869
1777498721350651136,0.007112569641321898,0.01336449850350618,0.03804945200681686
1777498721360501248,0.0065920390188694,0.0123564787209034,0.03818986564874649
1777498721370332416,0.006119946949183941,0.01188212260603905,0.03823937475681305
1777498721380144384,0.005667076446115971,0.01133316848427057,0.0381985567510128
1777498721389937152,0.005523001775145531,0.01092951558530331,0.03803183138370514
1777498721399942656,0.005385426338762045,0.0105272913351655,0.03781241178512573
1777498721410160128,0.005129374098032713,0.01009832974523306,0.03750427812337875
1777498721420357888,0.00541678536683321,0.009998784400522709,0.03711962699890137
1777498721430536448,0.005808898713439703,0.01002941001206636,0.03665294498205185
1777498721440695552,0.006264190655201674,0.01023630052804947,0.03610243648290634
1777498721450834944,0.007006256841123104,0.0107056051492691,0.03548437729477882
1777498721460954624,0.007983322255313396,0.011041603051126,0.03486402332782745
1777498721471055104,0.008604510687291622,0.01132103800773621,0.03438840433955193
1777498721481135360,0.008758382871747017,0.01118319015949965,0.0340530052781105
1777498721491196160,0.00903952494263649,0.01151425950229168,0.03383111208677292
1777498721501237248,0.008648463524878025,0.01180086471140385,0.03365634754300117
1777498721511259136,0.007974221371114254,0.01238948758691549,0.03357288986444473
1777498721521261824,0.007131516933441162,0.01282926741987467,0.03358872979879379
1777498721531245056,0.006186655256897211,0.01330163888633251,0.03362557664513588
1777498721541208576,0.005573082715272903,0.01360980980098248,0.03367767482995987
1777498721551152640,0.004922684282064438,0.01413251738995314,0.03366368636488914
1777498721561077248,0.004614790435880423,0.01469261385500431,0.03357376158237457
1777498721570982656,0.004519051872193813,0.01545094978064299,0.03331843018531799
1777498721580868352,0.004907354712486267,0.01616403833031654,0.03300291672348976
1777498721590738944,0.00520934397354722,0.01678367517888546,0.03258107975125313
1777498721600594432,0.005615808069705963,0.01745034009218216,0.03212841972708702
1777498721610430720,0.006138737313449383,0.01825676113367081,0.0316358394920826
1777498721620248064,0.006646239198744297,0.01904924772679806,0.03110406920313835
1777498721630046208,0.007294453680515289,0.01979739218950272,0.03071519173681736
1777498721639825408,0.007685260381549597,0.02059102803468704,0.0304202176630497
1777498721650042880,0.008360939100384712,0.02133973687887192,0.03027938492596149
1777498721660240384,0.00845030602067709,0.02185038104653358,0.03017988614737988
1777498721670418176,0.00817220751196146,0.02269310131669044,0.0301648061722517
1777498721680576512,0.007889280095696449,0.02348659746348858,0.03020376153290272
1777498721690715392,0.007643184158951044,0.0246120635420084,0.03023616410791874
1777498721700834304,0.007244006264954805,0.0253747534006834,0.03028310276567936
1777498721710934272,0.006852647289633751,0.02631176076829433,0.03027865849435329
1777498721721014528,0.007021516561508179,0.02720767632126808,0.03023816272616386
1777498721731075328,0.007229035254567862,0.02840700000524521,0.03014624677598476
1777498721741116672,0.00744864996522665,0.02914184704422951,0.03007300570607185
1777498721751138304,0.007686665281653404,0.0301006156951189,0.03001761436462402
1777498721761141504,0.008063350804150105,0.03091713972389698,0.02992384135723114
1777498721771125504,0.008544855751097202,0.03191177919507027,0.0299063790589571
1777498721781090304,0.009242232888936996,0.03257592022418976,0.02992182597517967
1777498721791035648,0.009905443526804447,0.03311210498213768,0.02994782105088234
1777498721800961536,0.01010960340499878,0.03352314606308937,0.03003085218369961
1777498721810871808,0.01016154419630766,0.03416809439659119,0.03014460578560829
1777498721820762880,0.01007132232189178,0.03504698351025581,0.0303718913346529
1777498721830635008,0.00980230700224638,0.03563029691576958,0.03072821348905563
1777498721840487936,0.00953618623316288,0.03622047603130341,0.03120492771267891
1777498721850321664,0.00923038087785244,0.03670048713684082,0.03175649046897888
1777498721860136192,0.009183639660477638,0.03723382577300072,0.03236154094338417
1777498721869931520,0.009102648124098778,0.03763401135802269,0.03302722796797752
1777498721879707904,0.008836876600980759,0.03782805427908897,0.03374536707997322
1777498721889926912,0.008419925346970558,0.03800839185714722,0.03440269827842712
1777498721900125952,0.007961884140968323,0.03836934641003609,0.03499963134527206
1777498721910305024,0.007745401002466679,0.03893445804715157,0.03554735332727432
1777498721920464128,0.007528112269937992,0.03908969834446907,0.03601806983351707
1777498721930604288,0.007428815122693777,0.03920627385377884,0.03651111572980881
1777498721940725248,0.007018260657787323,0.03922977671027184,0.03689666092395782
1777498721950827264,0.007435022853314877,0.03964097425341606,0.03732301667332649
1777498721960909568,0.007421917747706175,0.03954339027404785,0.03771108761429787
1777498721970973184,0.007294533774256706,0.03916430100798607,0.03816468268632889
1777498721981016832,0.007087161764502525,0.03880609571933746,0.03858653455972672
1777498721991041280,0.007063083350658417,0.03869616985321045,0.03893635421991348
1777498722001046016,0.006882164161652327,0.03850311040878296,0.0392766147851944
1777498722011031808,0.00664989510551095,0.03800852969288826,0.03957926481962204
1777498722020998400,0.00628205481916666,0.03751831501722336,0.03976259008049965
1777498722030945536,0.006110613700002432,0.03734749183058739,0.03986179456114769
1777498722040873472,0.006110611837357283,0.03738289326429367,0.03987324982881546
1777498722050781952,0.006193016655743122,0.03698936104774475,0.03984220325946808
1777498722060671232,0.006145630497485399,0.03652210161089897,0.03981943801045418
1777498722070544384,0.006296268664300442,0.03619688004255295,0.03966909646987915
1777498722080400384,0.006717194337397814,0.0363403707742691,0.03941075503826141
1777498722090237696,0.007128537632524967,0.03621715679764748,0.0390767902135849
1777498722100055808,0.007250470574945211,0.03599829226732254,0.03878477215766907
1777498722109855232,0.007401871029287577,0.03552639856934547,0.03849746286869049
1777498722119636224,0.007734447252005339,0.03546644002199173,0.03819319233298302
1777498722129861888,0.007651926018297672,0.03517278656363487,0.03778074681758881
1777498722140067584,0.007128206547349691,0.03507560864090919,0.03739490732550621
1777498722150253824,0.006772683467715979,0.03485295921564102,0.03707762807607651
1777498722160420352,0.006323959678411484,0.03437322005629539,0.03679579868912697
1777498722170567168,0.005881764460355043,0.033812016248703,0.03654381260275841
1777498722180694528,0.005309256259351969,0.03357193991541862,0.03621320798993111
1777498722190802176,0.005385944619774818,0.03399308770895004,0.03581598028540611
1777498722200890624,0.005708776880055666,0.03416924923658371,0.03528871014714241
1777498722210960128,0.006068578455597162,0.03417851775884628,0.03480180352926254
1777498722221010688,0.006048688665032387,0.0336967408657074,0.03433305397629738
1777498722231042304,0.006711614783853292,0.03374702855944633,0.03384982421994209
1777498722241054208,0.007342342287302017,0.03386989608407021,0.03331798315048218
1777498722251046912,0.007558096665889025,0.03384440019726753,0.03276379033923149
1777498722261020416,0.007847899571061134,0.03392655402421951,0.03233952447772026
1777498722270974464,0.007834658958017826,0.03403262794017792,0.0319230780005455
1777498722280908800,0.008089045993983746,0.03484900668263435,0.03159049153327942
1777498722290824192,0.00811395887285471,0.03500723838806152,0.03128878772258759
1777498722300720384,0.007942470721900463,0.03530335426330566,0.03106040693819523
1777498722310597120,0.007483669556677341,0.03517729043960571,0.03089990466833115
1777498722320454656,0.007328081410378218,0.03576909378170967,0.030748026445508
1777498722330292736,0.007013347465544939,0.03624976053833961,0.03059553727507591
1777498722340111872,0.006637295708060265,0.03685944899916649,0.03053060919046402
1777498722349911808,0.006374460645020008,0.03737118095159531,0.0305742546916008
1777498722359692288,0.006188631523400545,0.03736291080713272,0.03077171184122562
1777498722369918720,0.005782464053481817,0.03744829073548317,0.03102771937847137
1777498722380125184,0.005162096116691828,0.03765016794204712,0.03125059977173805
1777498722390311936,0.004740829113870859,0.03824213147163391,0.03148051723837852
1777498722400478976,0.004515707492828369,0.03844823688268661,0.03170144185423851
1777498722410626560,0.004134998191148043,0.03827876597642899,0.03190603107213974
1777498722420754176,0.003539421362802386,0.03806021809577942,0.03214398771524429
1777498722430863616,0.003266153624281287,0.0380958765745163,0.03221180289983749
1777498722440953600,0.003485342022031546,0.03836506605148315,0.03217866271734238
1777498722451023872,0.003362789284437895,0.03792404383420944,0.03212334588170052
1777498722461074688,0.002980521880090237,0.0371338352560997,0.03203484416007996
1777498722471106048,0.00272750505246222,0.03681103140115738,0.03187017142772675
1777498722481117952,0.002600300358608365,0.03693255037069321,0.03154429048299789
1777498722491110400,0.003139773150905967,0.03714746236801147,0.03117738850414753
1777498722501083136,0.00346810556948185,0.03625329211354256,0.03078676573932171
1777498722511037440,0.003827789565548301,0.0355820544064045,0.03043186105787754
1777498722520972288,0.004313778132200241,0.03506788983941078,0.02996825613081455
1777498722530887936,0.004864818416535854,0.03525108844041824,0.02941493317484856
1777498722540784128,0.005169449839740992,0.03489867597818375,0.02887902967631817
1777498722550661120,0.005128093063831329,0.03433331847190857,0.02841333486139774
1777498722560518656,0.005202481988817453,0.03375544026494026,0.02798213623464108
1777498722570356736,0.005175688304007053,0.0335608571767807,0.02752285450696945
1777498722580175872,0.005520577076822519,0.03363344818353653,0.0270002968609333
1777498722589977088,0.005712644662708044,0.03336824104189873,0.02651740051805973
1777498722599758848,0.005520679987967014,0.03295332193374634,0.02604753151535988
1777498722609757696,0.005711513571441174,0.0330713614821434,0.02549363672733307
1777498722619972864,0.006072510499507189,0.03336724638938904,0.02491617202758789
1777498722630168576,0.005984327755868435,0.03350026533007622,0.02438228763639927
1777498722640344576,0.005847424268722534,0.03362765908241272,0.02382897026836872
1777498722650501120,0.006089302711188793,0.03413082659244537,0.02329647168517113
1777498722660637696,0.006228093523532152,0.03455937281250954,0.02271976694464684
1777498722670754816,0.006387687753885984,0.03517897054553032,0.02229571714997292
1777498722680851968,0.006637057289481163,0.03538967296481133,0.02182828634977341
1777498722690929408,0.006927773356437683,0.03605510294437408,0.02140515111386776
1777498722700988672,0.007308671250939369,0.03655920550227165,0.02093434892594814
1777498722711029504,0.007855676114559174,0.03722953796386719,0.02049697376787663
1777498722721051136,0.008153826929628849,0.03755685314536095,0.02013185247778893
1777498722731053312,0.008402422070503235,0.03822613880038261,0.01978799700737
1777498722741036288,0.008683660067617893,0.03895364329218864,0.01943022571504116
1777498722751000064,0.009337122552096844,0.03965537995100021,0.01913021691143513
1777498722760944384,0.009726264514029026,0.0398714616894722,0.01886112987995148
1777498722770869504,0.009962975047528744,0.03978993743658066,0.01872003637254238
1777498722780775680,0.01018877793103456,0.04001723974943161,0.01852080039680004
1777498722790662656,0.01043789554387331,0.04053447023034096,0.01836415007710457
1777498722800530176,0.01026389189064503,0.04113875702023506,0.01825602911412716
1777498722810378752,0.009802745655179024,0.04161885008215904,0.01822607405483723
1777498722820207872,0.009394044987857342,0.04192057624459267,0.01826185174286366
1777498722830018048,0.008947106078267097,0.04212517663836479,0.01851033419370651
1777498722839809280,0.008259579539299011,0.04200247675180435,0.01879027299582958
1777498722849813248,0.007838953286409378,0.04215417802333832,0.01913067139685154
1777498722860029696,0.007265931461006403,0.04195704683661461,0.01950050331652164
1777498722870226688,0.006850818637758493,0.04211969301104546,0.0199005976319313
1777498722880404736,0.006556801032274961,0.04170877113938332,0.02032094821333885
1777498722890562816,0.006103117484599352,0.04141725227236748,0.02077391557395458
1777498722900700928,0.005833695642650127,0.04076854139566422,0.02113735303282738
1777498722910819584,0.005976391956210136,0.04040170460939407,0.0214469637721777
1777498722920918272,0.00588015653192997,0.0394725576043129,0.02170606702566147
1777498722930997504,0.005919007584452629,0.03874620050191879,0.02188022993505001
1777498722941056512,0.005842866841703653,0.03797636553645134,0.02191519178450108
1777498722951096064,0.005952564999461174,0.03756315633654594,0.02186905778944492
1777498722961116928,0.006054417695850134,0.03680563718080521,0.02175749838352203
1777498722971119872,0.006003194488584995,0.03586316481232643,0.02162645198404789
1777498722981105152,0.005734975915402174,0.03463270887732506,0.02146656066179276
1777498722991070976,0.005662882700562477,0.03380280733108521,0.02123815007507801
1777498723001017600,0.005537580233067274,0.03312255442142487,0.0208826120942831
1777498723010945024,0.00508402893319726,0.03243831172585487,0.02048330754041672
1777498723020853248,0.004795372486114502,0.0318041518330574,0.01998530887067318
1777498723030742016,0.004667716100811958,0.03106747940182686,0.01939183287322521
1777498723040611840,0.004347722511738539,0.03062945045530796,0.01871271245181561
1777498723050462720,0.00435504550114274,0.0302423257380724,0.01789963059127331
1777498723060294656,0.004487609956413507,0.03009103983640671,0.01696396805346012
1777498723070107392,0.004939231090247631,0.02962685003876686,0.01601407863199711
1777498723079901184,0.005365146324038506,0.02944437600672245,0.0151207959279418
1777498723089907456,0.006094811949878931,0.02923024073243141,0.0143041554838419
1777498723100125952,0.006607179529964924,0.02946111187338829,0.01353292446583509
1777498723110324480,0.007284380495548248,0.02954836189746857,0.01287512481212616
1777498723120503552,0.00728454627096653,0.02979135699570179,0.01229220163077116
1777498723130662656,0.007030524779111147,0.02996567822992802,0.01173476409167051
1777498723140801792,0.006626656278967857,0.03030066564679146,0.01126221846789122
1777498723150921216,0.00597786670550704,0.0308645348995924,0.01080303639173508
1777498723161020928,0.005510610062628984,0.0312251653522253,0.01032537873834372
1777498723171101184,0.004663101863116026,0.03181618452072144,0.009807356633245945
1777498723181161472,0.004547182936221361,0.0323321595788002,0.009304599836468697
1777498723191201792,0.004389368928968906,0.03295569494366646,0.008633804507553577
1777498723201223168,0.004303361289203167,0.03358501195907593,0.007958339527249336
1777498723211225088,0.004387675318866968,0.03459254279732704,0.007182491011917591
1777498723221210880,0.004988900851458311,0.03564390540122986,0.006234537810087204
1777498723231177472,0.005617857445031404,0.03617377579212189,0.005311992485076189
1777498723241124608,0.005614632274955511,0.03598884493112564,0.004326022230088711
1777498723251052544,0.005591702181845903,0.03624699264764786,0.003296829992905259
1777498723260962048,0.005366399418562651,0.03705725818872452,0.002152809174731374
1777498723270852096,0.005378964822739363,0.03795067965984344,0.001036065048538148
1777498723280722944,0.004927577916532755,0.03815728053450584,-5.843281996931182e-06
1777498723290574848,0.004369230475276709,0.03786192089319229,-0.0009814010700210929
1777498723300408320,0.004124917089939117,0.03784795105457306,-0.001953075639903545
1777498723310222592,0.003950291778892279,0.03799306228756905,-0.002966799773275852
1777498723320017920,0.003992015961557627,0.03804488107562065,-0.004001736640930176
1777498723329794304,0.003776796162128448,0.03749194741249084,-0.005034612957388163
1777498723340013312,0.003597615985199809,0.0371265634894371,-0.006089538335800171
1777498723350213120,0.00368538242764771,0.03665445372462273,-0.007196545600891113
1777498723360393472,0.00376975373364985,0.03614624589681625,-0.00837544072419405
1777498723370554368,0.003531430382281542,0.03517775982618332,-0.009529560804367065
1777498723380695552,0.003023204626515508,0.03414247184991837,-0.0107554504647851
1777498723390817280,0.003082181559875607,0.03342893347144127,-0.01197795290499926
1777498723400919296,0.003276540199294686,0.03249473497271538,-0.01327053364366293
1777498723411002112,0.003726528258994222,0.03158508241176605,-0.01459543406963348
1777498723421065216,0.004363780841231346,0.03028992936015129,-0.01595479622483253
1777498723431108608,0.00520072178915143,0.02946381643414497,-0.01735101826488972
1777498723441133056,0.005776304751634598,0.02841403149068356,-0.01878144033253193
1777498723451138304,0.006308745127171278,0.02767270244657993,-0.02010563760995865
1777498723461123840,0.006620632950216532,0.02681395225226879,-0.02132265456020832
1777498723471092224,0.006499914918094873,0.02599913068115711,-0.02246690541505814
1777498723481043456,0.006154003087431192,0.0255365576595068,-0.02340643294155598
1777498723490975232,0.005902601405978203,0.02508652955293655,-0.02422168850898743
1777498723500887552,0.005687348078936338,0.02503840997815132,-0.02491716854274273
1777498723510780928,0.005442317109555006,0.02482819184660912,-0.02545506879687309
1777498723520655104,0.005651412066072226,0.0247525293380022,-0.02595827914774418
1777498723530510080,0.005792004521936178,0.0246297549456358,-0.02640899829566479
1777498723540345344,0.005918099079281092,0.02461881004273891,-0.02685482427477837
1777498723550162176,0.006297904066741467,0.02504914440214634,-0.02733191289007664
1777498723559959808,0.006913819350302219,0.0252106599509716,-0.02771716378629208
1777498723569738240,0.007402230519801378,0.02556778118014336,-0.02808252163231373
1777498723579958528,0.008050961419939995,0.02558847144246101,-0.02828647941350937
1777498723590159104,0.008456578478217125,0.02590376138687134,-0.0284105334430933
1777498723600339968,0.008652190677821636,0.02610127069056034,-0.02841639518737793
1777498723610501376,0.008514048531651497,0.02654143795371056,-0.02835097350180149
1777498723620643584,0.008178658783435822,0.02688983455300331,-0.02822783216834068
1777498723630767104,0.007472739089280367,0.0273471511900425,-0.02800547890365124
1777498723640870912,0.007138564251363277,0.02788457833230495,-0.02774237282574177
1777498723650955008,0.006935608573257923,0.0282362774014473,-0.02749765291810036
1777498723661019648,0.006547893863171339,0.02871247194707394,-0.02721395343542099
1777498723671064832,0.006577194668352604,0.02949540130794048,-0.02704529836773872
1777498723681090048,0.006698405835777521,0.03031519055366516,-0.0269178468734026
1777498723691095552,0.007101963274180889,0.03061672113835812,-0.02670850977301598
1777498723701081600,0.007419853936880827,0.03083030320703983,-0.02649090252816677
1777498723711048448,0.007041173987090588,0.03100615739822388,-0.02622934803366661
1777498723720995840,0.006909607909619808,0.03190556541085243,-0.02610435523092747
1777498723730923264,0.006922584492713213,0.03291724994778633,-0.02597343362867832
1777498723740831488,0.006807780358940363,0.03335769847035408,-0.02573497407138348
1777498723750720512,0.006304287351667881,0.03339347988367081,-0.02538463659584522
1777498723760590080,0.006540751084685326,0.03349203616380692,-0.02502047829329967
1777498723770440192,0.006778730545192957,0.03389004990458488,-0.02469377964735031
1777498723780271872,0.006399791222065687,0.0339568592607975,-0.02432801574468613
1777498723790084608,0.005938000977039337,0.03394995629787445,-0.02393143624067307
1777498723799877632,0.005782590713351965,0.03372354432940483,-0.02353357896208763
1777498723809651712,0.005225620698183775,0.03343664482235909,-0.02313469909131527
1777498723819877888,0.004813948180526495,0.03310306742787361,-0.0227797906845808
1777498723830084352,0.004694679286330938,0.03286286443471909,-0.02254602313041687
1777498723840271616,0.004827067255973816,0.03236384317278862,-0.02236916311085224
1777498723850439680,0.004868779331445694,0.03171008452773094,-0.02223227173089981
1777498723860588032,0.005061042495071888,0.03098921664059162,-0.02219974808394909
1777498723870716416,0.005310756154358387,0.03049355745315552,-0.02225863374769688
1777498723880825088,0.005478945560753345,0.02976350486278534,-0.02234449051320553
1777498723890914048,0.005710839293897152,0.02860281616449356,-0.02246349304914474
1777498723900983552,0.005746190901845694,0.0272414181381464,-0.02255978062748909
1777498723911033344,0.005604664795100689,0.02584066987037659,-0.02267147973179817
1777498723921063424,0.005783024244010448,0.02494132332503796,-0.02279275096952915
1777498723931074304,0.005746185779571533,0.02356859110295773,-0.0229854229837656
1777498723941065472,0.005764659028500319,0.02208457142114639,-0.02314853109419346
1777498723951037184,0.005696389358490705,0.02022429928183556,-0.02330321073532104
1777498723960993280,0.005689614452421665,0.01892994344234467,-0.02355555444955826
1777498723970929920,0.005781528074294329,0.01757717505097389,-0.02391438744962215
1777498723980847360,0.005882332101464272,0.01633347198367119,-0.02434490248560905
1777498723990745088,0.005964886862784624,0.01459534000605345,-0.02486738562583923
1777498724000624640,0.005789025221019983,0.0131466668099165,-0.0254531241953373
1777498724010484992,0.005812451243400574,0.01199583429843187,-0.02609474211931229
1777498724020326144,0.006073696073144674,0.01133550796657801,-0.02680373005568981
1777498724030148096,0.006578871514648199,0.0102303484454751,-0.02746259979903698
1777498724039951616,0.006815631408244371,0.009310313500463963,-0.02815467491745949
1777498724049735680,0.006896279752254486,0.008341647684574127,-0.02891926653683186
1777498724059735808,0.006920089945197105,0.008237732574343681,-0.029751967638731
1777498724069951488,0.007154512219130993,0.007904928177595139,-0.0305743757635355
1777498724080147456,0.006932542659342289,0.007973885163664818,-0.0313560888171196
1777498724090323968,0.006475038826465607,0.007839193567633629,-0.03204057738184929
1777498724100480512,0.00636043306440115,0.008267407305538654,-0.03269317746162415
1777498724110617344,0.006360413040965796,0.008343055844306946,-0.03338209912180901
1777498724120736000,0.006559999659657478,0.008751645684242249,-0.03405589610338211
1777498724130835200,0.006589664611965418,0.009191621094942093,-0.03482604771852493
1777498724140914688,0.007207013666629791,0.009970172308385372,-0.03566845133900642
1777498724150974464,0.007797201164066792,0.0108554232865572,-0.03651344403624535
1777498724161015296,0.008239434100687504,0.01149177271872759,-0.03737157583236694
1777498724171036160,0.008142749778926373,0.01239273510873318,-0.03821834549307823
1777498724181037824,0.008319911547005177,0.01341649331152439,-0.03903516381978989
1777498724191020544,0.008177663199603558,0.01486299745738506,-0.0398421473801136
1777498724200984320,0.007999049499630928,0.0162828154861927,-0.04058688879013062
1777498724210928640,0.007749389391392469,0.01781265437602997,-0.04129580780863762
1777498724220853760,0.007705344818532467,0.01925679668784142,-0.04189207032322884
1777498724230759424,0.007482893764972687,0.02059027552604675,-0.04235401377081871
1777498724240645888,0.007348733022809029,0.02208790928125381,-0.04266034439206123
1777498724250512896,0.007120229303836823,0.02336722239851952,-0.0428963266313076
1777498724260361216,0.006950953509658575,0.02475392073392868,-0.043013084679842
1777498724270196480,0.006650782655924559,0.02582815103232861,-0.04310964047908783
1777498724280012800,0.006464990321546793,0.02724463306367397,-0.04309942200779915
1777498724289810176,0.006551761645823717,0.02824494987726212,-0.04304742440581322
1777498724299817216,0.006505175027996302,0.02924780175089836,-0.04294966161251068
1777498724310033664,0.006230774335563183,0.02982374094426632,-0.04276760667562485
1777498724320230144,0.005980973597615957,0.03068264573812485,-0.04257321730256081
1777498724330407936,0.00578337674960494,0.03146165609359741,-0.04229215160012245
1777498724340566016,0.005658582784235477,0.0319872759282589,-0.04199237376451492
1777498724350704384,0.005649786442518234,0.03217790275812149,-0.04162796214222908
1777498724360823296,0.005654041189700365,0.03212451934814453,-0.04125234484672546
1777498724370923008,0.00605480233207345,0.03226237744092941,-0.04089470207691193
1777498724381003776,0.005904638208448887,0.03215008601546288,-0.04059532657265663
1777498724391064576,0.005929996259510517,0.03216343000531197,-0.04024797305464745
1777498724401105664,0.00600075488910079,0.03163668885827065,-0.03992985561490059
1777498724411129600,0.006134738679975271,0.03096418268978596,-0.03966916725039482
1777498724421135104,0.0059705451130867,0.02993784099817276,-0.03949450328946114
1777498724431121152,0.005953109823167324,0.02927045151591301,-0.03940526396036148
1777498724441088000,0.006015068385750055,0.02852968871593475,-0.03928324952721596
1777498724451035648,0.006161526311188936,0.02774531207978725,-0.03916843980550766
1777498724460963840,0.006450152955949306,0.02639660984277725,-0.03897226601839066
1777498724470872576,0.00657971203327179,0.02504408918321133,-0.03876963257789612
1777498724480762112,0.006989598274230957,0.02392243407666683,-0.0385972298681736
1777498724490632448,0.007281769998371601,0.02290983870625496,-0.03845470398664474
1777498724500484096,0.007448234129697084,0.02180640958249569,-0.03827357292175293
1777498724510316288,0.007408708799630404,0.02055929787456989,-0.03811419755220413
1777498724520129536,0.00742402533069253,0.0195594783872366,-0.03793724626302719
1777498724529923840,0.007198278326541185,0.01854504086077213,-0.03784617036581039
1777498724539698688,0.007066856138408184,0.017972182482481,-0.03771128132939339
1777498724549916416,0.006930308882147074,0.01715454459190369,-0.03768038004636765
1777498724560114432,0.007060003001242876,0.01662192121148109,-0.0375993400812149
1777498724570293504,0.007158332504332066,0.0157930850982666,-0.03757800906896591
1777498724580452864,0.007597284391522408,0.01534551847726107,-0.03757641464471817
1777498724590592256,0.008034611120820045,0.01457416173070669,-0.03752438351511955
1777498724600712192,0.00851835124194622,0.01419472228735685,-0.03741029277443886
1777498724610812160,0.008990494534373283,0.0137030016630888,-0.03729837387800217
1777498724620892672,0.009119328111410141,0.01336211897432804,-0.03709983825683594
1777498724630953472,0.008832778781652451,0.0128561444580555,-0.03678102418780327
1777498724640994560,0.008427983149886131,0.01227581407874823,-0.03624672070145607
1777498724651016448,0.007637770846486092,0.01157514564692974,-0.03543801978230476
1777498724661018880,0.006357910577207804,0.01105263363569975,-0.03454837948083878
1777498724671001600,0.005682709161192179,0.01105172373354435,-0.03360497951507568
1777498724680967936,0.00514842988923192,0.01075557991862297,-0.03269461914896965
1777498724690914816,0.005003978032618761,0.01036153174936771,-0.03184888511896133
1777498724700842496,0.004794949665665627,0.010007219389081,-0.03105521760880947
1777498724710750208,0.004727727267891169,0.01002268400043249,-0.03026362881064415
1777498724720639232,0.005272053647786379,0.01050538383424282,-0.02960904687643051
1777498724730508288,0.005288762040436268,0.01108071114867926,-0.0289254616945982
1777498724740358912,0.0052456627599895,0.01069921907037497,-0.02819724008440971
1777498724750189824,0.00539616821333766,0.01140553690493107,-0.02744091302156448
1777498724760002304,0.005336686037480831,0.0118641871958971,-0.02677915990352631
1777498724769795584,0.005386393517255783,0.01311492826789618,-0.02617491595447063
1777498724779569408,0.005224558524787426,0.01347600575536489,-0.02549351006746292
1777498724789788416,0.00518343597650528,0.01403272710740566,-0.02475298196077347
1777498724799987712,0.005037213210016489,0.01440144423395395,-0.02404399029910564
1777498724810167552,0.005016759503632784,0.01516097411513329,-0.02336673438549042
1777498724820328448,0.004812426399439573,0.01607253588736057,-0.02275490388274193
1777498724830469632,0.004884910769760609,0.01688343659043312,-0.0221643503755331
1777498724840591616,0.004948054905980825,0.01764752715826035,-0.02162113785743713
1777498724850693888,0.004992192611098289,0.01820037513971329,-0.02106260322034359
1777498724860776960,0.005029003601521254,0.01897543109953403,-0.02054132893681526
1777498724870840832,0.005289360880851746,0.01964807882905006,-0.02003549039363861
1777498724880887040,0.005425090435892344,0.02026033960282803,-0.01948440074920654
1777498724890913792,0.00539633771404624,0.02075408771634102,-0.01891345158219337
1777498724900921088,0.00551558518782258,0.02107979170978069,-0.01836313679814339
1777498724910909184,0.005676087457686663,0.02150118537247181,-0.01772464439272881
1777498724920878080,0.00543134706094861,0.02157939970493317,-0.01712918467819691
1777498724930827520,0.005385135766118765,0.02168988436460495,-0.01652841456234455
1777498724940757760,0.005329242907464504,0.02158269844949245,-0.01592379622161388
1777498724950668800,0.004885178525000811,0.02150250971317291,-0.01532202307134867
1777498724960561408,0.004680045414716005,0.02127352356910706,-0.01468805968761444
1777498724970434560,0.004184145014733076,0.02113865315914154,-0.0140981636941433
1777498724980288512,0.004216541070491076,0.0206916518509388,-0.01356371585279703
1777498724990123264,0.004115797579288483,0.02022603712975979,-0.01302595902234316
1777498724999939072,0.004052750766277313,0.01942588202655315,-0.0125373462215066
1777498725009735424,0.004325869958847761,0.01896199025213718,-0.01213406771421432
1777498725019512832,0.004552367608994246,0.01821475103497505,-0.01177925989031792
1777498725029738752,0.00451919948682189,0.01752805523574352,-0.0114213153719902
1777498725039944704,0.00448584696277976,0.01651151664555073,-0.01110137719660997
1777498725050131200,0.004333059769123793,0.01569610461592674,-0.01079307682812214
1777498725060297984,0.004157221410423517,0.01496586669236422,-0.01055292319506407
1777498725070445056,0.003983032424002886,0.01425380632281303,-0.01036902703344822
1777498725080572416,0.0035749776288867,0.01383684668689966,-0.01023138128221035
1777498725090681344,0.003689918899908662,0.0133279375731945,-0.01015518419444561
1777498725100771584,0.004412764683365822,0.01321219652891159,-0.01012824103236198
1777498725110842624,0.004774819128215313,0.01245039980858564,-0.0103198578581214
1777498725120893952,0.005182056687772274,0.01207097619771957,-0.0105066392570734
1777498725130925824,0.005691654048860073,0.01140558905899525,-0.0109271015971899
1777498725140938496,0.005699900910258293,0.01119173970073462,-0.01142886467278004
1777498725150931712,0.005680688191205263,0.01086719147861004,-0.01197780575603247
1777498725160905472,0.005641615018248558,0.0105845844373107,-0.01257210224866867
1777498725170860288,0.005626779980957508,0.01027904916554689,-0.01317687518894672
1777498725180795904,0.005998780485242605,0.009803613647818565,-0.01384931709617376
1777498725190712576,0.006154928356409073,0.009348059073090553,-0.01452219672501087
1777498725200609792,0.006484294775873423,0.008770518936216831,-0.0151722077280283
1777498725210487808,0.007110231555998325,0.008543604053556919,-0.01588588953018188
1777498725220347136,0.0075627276673913,0.008298628032207489,-0.01663971692323685
1777498725230187008,0.008164542727172375,0.008207912556827068,-0.01740655116736889
1777498725240007936,0.008405092172324657,0.008114270865917206,-0.01818094216287136
1777498725249810688,0.00825424212962389,0.008261916227638721,-0.01883061788976192
1777498725259594752,0.007712110877037048,0.008275460451841354,-0.0193770881742239
1777498725269820928,0.007192332297563553,0.008818992413580418,-0.01985827647149563
1777498725280027648,0.006408042274415493,0.009441619738936424,-0.02033994160592556
1777498725290214912,0.006362243555486202,0.01045545656234026,-0.02076087705790997
1777498725300382720,0.006686215754598379,0.0111746471375227,-0.02124155312776566
1777498725310530304,0.006885755807161331,0.01155463792383671,-0.02172606624662876
1777498725320657920,0.007130682468414307,0.01202337443828583,-0.02222449146211147
1777498725330766336,0.007713465951383114,0.0131525956094265,-0.02273585833609104
1777498725340854528,0.008225532248616219,0.01410013809800148,-0.02324011363089085
1777498725350923264,0.008107060566544533,0.01475836243480444,-0.02360592223703861
1777498725360975872,0.008153056725859642,0.01514615956693888,-0.02384350635111332
1777498725371008768,0.007893216796219349,0.01567526534199715,-0.02399928122758865
1777498725381022208,0.007797115948051214,0.01634320057928562,-0.02414176799356937
1777498725391015936,0.007391071412712336,0.01698043569922447,-0.02418761141598225
1777498725400990208,0.007089253980666399,0.01731831394135952,-0.02420154400169849
1777498725410945024,0.007041923701763153,0.01768659800291061,-0.02408931963145733
1777498725420880384,0.006981354206800461,0.01780477166175842,-0.0239607784897089
1777498725430796288,0.007336107082664967,0.01797610893845558,-0.02382566221058369
1777498725440692992,0.007186122704297304,0.01793061383068562,-0.02374005503952503
1777498725450570496,0.007193265948444605,0.01832742430269718,-0.02357738651335239
1777498725460428544,0.007414939813315868,0.01828217878937721,-0.02342101000249386
1777498725470267392,0.00743511039763689,0.01814720779657364,-0.02320047095417976
1777498725480086784,0.007273085415363312,0.01760215684771538,-0.02293133921921253
1777498725489887232,0.007135936990380287,0.01749360375106335,-0.02263474091887474
1777498725499668480,0.007451591081917286,0.01725208759307861,-0.02233106270432472
1777498725509667328,0.007421915419399738,0.01682361029088497,-0.02200895361602306
1777498725519883008,0.007521431893110275,0.01627542451024055,-0.02161937393248081
1777498725530079488,0.007998855784535408,0.01561043597757816,-0.02127116546034813
1777498725540256768,0.008449241518974304,0.01523751858621836,-0.02089516445994377
1777498725550414080,0.009022803045809269,0.01479789428412914,-0.02051467634737492
1777498725560551680,0.00999260600656271,0.01431041769683361,-0.0202174000442028
1777498725570670080,0.01099532749503851,0.01319936383515596,-0.01984653435647488
1777498725580768512,0.01129403058439493,0.01223290152847767,-0.01959508843719959
1777498725590849280,0.01157170813530684,0.01184104289859533,-0.01940817758440971
1777498725600910848,0.01230306830257177,0.01153348758816719,-0.01917645893990993
1777498725610952704,0.0125593775883317,0.01112342812120914,-0.01888012327253819
1777498725620975104,0.01238357741385698,0.01026758924126625,-0.01854478567838669
1777498725630978560,0.01197490189224482,0.009954207576811314,-0.01817597635090351
1777498725640962304,0.01211884897202253,0.009976491332054138,-0.017605846747756
1777498725650926592,0.01182826515287161,0.009944658726453781,-0.01701847650110722
1777498725660871936,0.0115519855171442,0.009285418316721916,-0.01621735841035843
1777498725670799104,0.01121431309729815,0.00884158443659544,-0.01537658181041479
1777498725680707072,0.01093943696469069,0.008805008605122566,-0.01449261792004108
1777498725690595584,0.01046117674559355,0.009027348831295967,-0.01360645703971386
1777498725700464896,0.01021686661988497,0.009215585887432098,-0.01257408875972033
1777498725710315264,0.01011364441365004,0.00907913688570261,-0.01147591229528189
1777498725720146432,0.009496904909610748,0.008932042866945267,-0.01038053631782532
1777498725729958656,0.009113210253417492,0.009336041286587715,-0.009312224574387074
1777498725739751936,0.00878828763961792,0.0100013492628932,-0.008322183042764664
1777498725749757696,0.008553427644073963,0.01058359257876873,-0.007344752550125122
1777498725759974144,0.008044739253818989,0.01098426897078753,-0.006442579906433821
1777498725770171392,0.00776253966614604,0.0117007102817297,-0.005577710922807455
1777498725780348672,0.007633902598172426,0.01280891615897417,-0.004820217378437519
1777498725790506240,0.007587564643472433,0.01416870765388012,-0.004176406655460596
1777498725800643328,0.007781858090311289,0.01527490746229887,-0.003595423186197877
1777498725810761472,0.007579617667943239,0.0163781363517046,-0.003054336877539754
1777498725820859648,0.007566008716821671,0.01791034266352654,-0.002646226435899734
1777498725830938368,0.007870669476687908,0.01981912925839424,-0.002357523422688246
1777498725840997632,0.008406330831348896,0.02134623751044273,-0.002076224656775594
1777498725851039744,0.008496873080730438,0.02238695695996284,-0.001774271600879729
1777498725861062656,0.008204440586268902,0.02330492623150349,-0.001460151048377156
1777498725871066112,0.008091946132481098,0.0247733760625124,-0.001114214072003961
1777498725881050112,0.007959880866110325,0.0261785164475441,-0.0007276839460246265
1777498725891015168,0.007708541583269835,0.02726813778281212,-0.00023698213044554
1777498725900960768,0.00738566555082798,0.02762113697826862,0.0003207968547940254
1777498725910886912,0.007173447869718075,0.02801639959216118,0.0008483717101626098
1777498725920794112,0.007063117809593678,0.02842605672776699,0.001308889244683087
1777498725930682624,0.006729732733219862,0.02915491908788681,0.001724888454191387
1777498725940551936,0.006738805677741766,0.02951515465974808,0.002123998478055
1777498725950402048,0.006706385407596827,0.02951228059828281,0.00249982625246048
1777498725960232960,0.006753754802048206,0.02885735966265202,0.002815869404003024
1777498725970044672,0.006525206379592419,0.02844875119626522,0.003072075080126524
1777498725979837440,0.006386280991137028,0.02828329987823963,0.003228653455153108
1777498725989843200,0.006633836776018143,0.02817685157060623,0.003254742361605167
1777498726000061184,0.006918414030224085,0.02752470038831234,0.003252313006669283
1777498726010259200,0.00704364525154233,0.02625672891736031,0.00319467787630856
1777498726020438016,0.007469115778803825,0.02474552392959595,0.003084124298766255
1777498726030596864,0.007662359159439802,0.02311783470213413,0.00289725256152451
1777498726040736256,0.007693812251091003,0.02187699638307095,0.002674818271771073
1777498726050855680,0.007779681589454412,0.02061660960316658,0.002481088507920504
1777498726060955648,0.007989895530045033,0.0190129391849041,0.002413845621049404
1777498726071035904,0.007599843200296164,0.01719735190272331,0.002422737656161189
1777498726081096192,0.007482197135686874,0.01551090367138386,0.002398745156824589
1777498726091136768,0.007279857993125916,0.01432880945503712,0.002302683424204588
1777498726101161216,0.007221242878586054,0.01306421123445034,0.002122704405337572
1777498726111166464,0.007010259199887514,0.01186894718557596,0.00186502153519541
1777498726121152512,0.007007384207099676,0.01058353763073683,0.00150105869397521
1777498726131119104,0.007233464624732733,0.0097441291436553,0.0009907694766297936
1777498726141066496,0.007576528005301952,0.008981884457170963,0.0003449508221819997
1777498726150994688,0.007796252612024546,0.008358567021787167,-0.000364523526513949
1777498726160903424,0.007977273315191269,0.007793320808559656,-0.001125090406276286
1777498726170792704,0.008138202130794525,0.007408489938825369,-0.001865094760432839
1777498726180663808,0.008392787538468838,0.00730142230167985,-0.002671478781849146
1777498726190515456,0.008629394695162773,0.00727370660752058,-0.003460448235273361
1777498726200348416,0.008798642084002495,0.007340583950281143,-0.004268191754817963
1777498726210161664,0.008992709219455719,0.007395938038825989,-0.005037917289882898
1777498726219955968,0.009249129332602024,0.007604639977216721,-0.005735742393881083
1777498726229731328,0.009423659183084965,0.007827038876712322,-0.006380615755915642
1777498726239950848,0.009703377261757851,0.008024806156754494,-0.006911733653396368
1777498726250150400,0.00980240385979414,0.008227845653891563,-0.007402197923511267
1777498726260329984,0.009617414325475693,0.008532394655048847,-0.007829730398952961
1777498726270489600,0.009200085885822773,0.009037267416715622,-0.008241879753768444
1777498726280630016,0.008894904516637325,0.009787791408598423,-0.00865084957331419
1777498726290751744,0.008654298260807991,0.0104066040366888,-0.008998197503387928
1777498726300853504,0.008289956487715244,0.01115728449076414,-0.009382710792124271
1777498726310935808,0.008016264997422695,0.01182965096086264,-0.009807487949728966
1777498726320998144,0.007895425893366337,0.0127619868144393,-0.01031777635216713
1777498726331041024,0.007983047515153885,0.01378386933356524,-0.01090288814157248
1777498726341064448,0.008164956234395504,0.01464611757546663,-0.01155130378901958
1777498726351068672,0.008444390259683132,0.01554849557578564,-0.01225137244910002
1777498726361053696,0.008827623911201954,0.01621229015290737,-0.01297378819435835
1777498726371019776,0.008904771879315376,0.01707437261939049,-0.0136818690225482
1777498726380966144,0.008990316651761532,0.01777044124901295,-0.01437268685549498
1777498726390893056,0.008982986211776733,0.01849127188324928,-0.01502944808453321
1777498726400801024,0.00880762841552496,0.01894975639879704,-0.01566469110548496
1777498726410689280,0.0086202472448349,0.01931753940880299,-0.01630764454603195
1777498726420558336,0.008353341370820999,0.01986152864992619,-0.017001673579216
1777498726430408192,0.008371508680284023,0.02026206627488136,-0.01774448342621326
1777498726440239360,0.008495805785059929,0.02057264186441898,-0.01847351342439651
1777498726450052096,0.008863383904099464,0.02074933238327503,-0.01931465044617653
1777498726459845888,0.00928481575101614,0.02074318006634712,-0.02020911499857903
1777498726469623808,0.009651189669966698,0.02040201798081398,-0.0210565235465765
1777498726479844864,0.01015707477927208,0.01992214284837246,-0.02187766507267952
1777498726490046208,0.01004628837108612,0.01915278472006321,-0.02268142253160477
1777498726500228096,0.01026336289942265,0.0187031589448452,-0.02347109094262123
1777498726510390784,0.01064729783684015,0.01821643859148026,-0.02427391335368156
1777498726520533760,0.01050646975636482,0.017504857853055,-0.0249998327344656
1777498726530657280,0.01043905969709158,0.01669732294976711,-0.02564334124326706
1777498726540760832,0.01018586475402117,0.01600990071892738,-0.02621288970112801
1777498726550845184,0.01019489672034979,0.01537107862532139,-0.02670350298285484
1777498726560909824,0.01018293853849173,0.01446435321122408,-0.02717501856386662
1777498726570955008,0.009804719127714634,0.01371698919683695,-0.02759767137467861
1777498726580981248,0.009581061080098152,0.01313490699976683,-0.0280811358243227
1777498726590988544,0.009292956441640854,0.01285532582551241,-0.02860933914780617
1777498726600978432,0.009246298111975193,0.01271284185349941,-0.02913908287882805
1777498726610949120,0.008914642967283726,0.01242843456566334,-0.02974081970751286
1777498726620900608,0.009115278720855713,0.0125680323690176,-0.03040065802633762
1777498726630832896,0.009711251594126225,0.01278358232229948,-0.03116497211158276
1777498726640746240,0.01013433840125799,0.0132128493860364,-0.03200513869524002
1777498726650640896,0.0106872757896781,0.01363399624824524,-0.03282706812024117
1777498726660516096,0.01117593236267567,0.01427455246448517,-0.03362677246332169
1777498726670372352,0.01163338962942362,0.01500256452709436,-0.03432716429233551
1777498726680209920,0.01186088658869267,0.01560425944626331,-0.03493507951498032
1777498726690028544,0.01179357804358006,0.01637343876063824,-0.03538114205002785
1777498726699827968,0.01154087856411934,0.01714334636926651,-0.03574087470769882
1777498726709608192,0.0111196581274271,0.01801378466188908,-0.0359894372522831
1777498726719833600,0.0107319038361311,0.01881003752350807,-0.03618482500314713
1777498726730039296,0.01035786420106888,0.01933796890079975,-0.03626327961683273
1777498726740225536,0.009882521815598011,0.01983114704489708,-0.03625543788075447
1777498726750392576,0.009545695036649704,0.02054622024297714,-0.03621115908026695
1777498726760540672,0.009541117586195469,0.02146407961845398,-0.03619522228837013
1777498726770669056,0.009758000262081623,0.02227220684289932,-0.03614423796534538
1777498726780777984,0.009802111424505711,0.02283505164086819,-0.03616242110729218
1777498726790867200,0.009931085631251335,0.02374345064163208,-0.03620972484350204
1777498726800936960,0.0100278053432703,0.0247290376573801,-0.03629365190863609
1777498726810987008,0.009899575263261795,0.02604011818766594,-0.0363927036523819
1777498726821017600,0.009775911457836628,0.02705556899309158,-0.03649503365159035
1777498726831029248,0.009695292450487614,0.02814332768321037,-0.03654909506440163
1777498726841021696,0.009492908604443073,0.02910057455301285,-0.03663952276110649
1777498726850994944,0.00930376909673214,0.03030776232481003,-0.03680390864610672
1777498726860948736,0.009370406158268452,0.03153346478939056,-0.03699639812111855
1777498726870883072,0.009421012364327908,0.03269093856215477,-0.03722072020173073
1777498726880798208,0.009200791828334332,0.03326286375522614,-0.03745687752962112
1777498726890693888,0.009199363179504871,0.03370310738682747,-0.03770021349191666
1777498726900570368,0.009282576851546764,0.03400348499417305,-0.03801370039582253
1777498726910432000,0.008699642494320869,0.03473421558737755,-0.03834772109985352
1777498726920278016,0.008429785259068012,0.0357658788561821,-0.03883304446935654
1777498726930104832,0.008724474348127842,0.03673284128308296,-0.03942054510116577
1777498726939912704,0.008499455638229847,0.03700812160968781,-0.04000726714730263
1777498726949701376,0.008290526457130909,0.03722136095166206,-0.0405559316277504
1777498726959704064,0.008680796250700951,0.03805191442370415,-0.04113690927624702
1777498726969920256,0.0091747110709548,0.03912690281867981,-0.04181693121790886
1777498726980116736,0.00931659247726202,0.03979188203811646,-0.04257160425186157
1777498726990293504,0.009139396250247955,0.04045629128813744,-0.04332369193434715
1777498727000451072,0.009139947593212128,0.04156771674752235,-0.04419546201825142
1777498727010590208,0.009100122377276421,0.04312505573034286,-0.04516560211777687
1777498727020709632,0.008667409420013428,0.04473908990621567,-0.04607563093304634
1777498727030809600,0.008155059069395065,0.04630294814705849,-0.04697168618440628
1777498727040889856,0.007563996128737926,0.04818494245409966,-0.04798098653554916
1777498727050950912,0.007454816717654467,0.05056417360901833,-0.04910188913345337
1777498727060992512,0.00776038458570838,0.05293226987123489,-0.05037887766957283
1777498727071014144,0.008173180744051933,0.05498996004462242,-0.05172035843133926
1777498727081016832,0.008460648357868195,0.05678592994809151,-0.05317041277885437
1777498727091000576,0.008923258632421494,0.05905773863196373,-0.0547029972076416
1777498727100964864,0.009628764353692532,0.06175616756081581,-0.05632589757442474
1777498727110909696,0.01011497899889946,0.0643375962972641,-0.05790381878614426
1777498727120835072,0.01006062049418688,0.0662635862827301,-0.05933797731995583
1777498727130743296,0.009952379390597343,0.06816560029983521,-0.06062167882919312
1777498727140634624,0.009571850299835205,0.07029605656862259,-0.06188240647315979
1777498727150506496,0.009262104518711567,0.0727820098400116,-0.06309103220701218
1777498727160359680,0.008882344700396061,0.07490207999944687,-0.06419137120246887
1777498727170193664,0.008588791824877262,0.07664912939071655,-0.06517328321933746
1777498727180008960,0.008553903549909592,0.07808463275432587,-0.0661146268248558
1777498727189805056,0.008597061038017273,0.07958631217479706,-0.06707129627466202
1777498727199811584,0.008617782033979893,0.08102744072675705,-0.06813915818929672
1777498727210028032,0.009033048525452614,0.08248894661664963,-0.06920069456100464
1777498727220224512,0.009045032784342766,0.08383747935295105,-0.07030881941318512
1777498727230401280,0.009288630448281765,0.08511143922805786,-0.07144616544246674
1777498727240559104,0.009360642172396183,0.08664555847644806,-0.07258676737546921
1777498727250696704,0.009402192197740078,0.08813263475894928,-0.07373027503490448
1777498727260815104,0.009244865737855434,0.08966076374053955,-0.07482840865850449
1777498727270913792,0.008884192444384098,0.09114430099725723,-0.07591850310564041
1777498727280992768,0.008823640644550323,0.09282246977090836,-0.07702308148145676
1777498727291052032,0.008474588394165039,0.09401556849479675,-0.07807481288909912
1777498727301091840,0.007668459322303534,0.09495779126882553,-0.0789131298661232
1777498727311112192,0.006847118958830833,0.09614937007427216,-0.07960835844278336
1777498727321113344,0.006051759235560894,0.09770572185516357,-0.08024179935455322
1777498727331095296,0.006394754163920879,0.09938042610883713,-0.08081305772066116
1777498727341057792,0.00664407666772604,0.09988293051719666,-0.08145906776189804
1777498727351002880,0.006528133060783148,0.1001310050487518,-0.08203780651092529
1777498727360931584,0.006466683931648731,0.1007413640618324,-0.08275687694549561
1777498727370840832,0.007101770490407944,0.1024588569998741,-0.08362250030040741
1777498727380731136,0.007833618670701981,0.1036708578467369,-0.08446479588747025
1777498727390602240,0.007890207692980766,0.1038816496729851,-0.08513370901346207
1777498727400454656,0.007261748425662518,0.1037079319357872,-0.0857626274228096
1777498727410287616,0.007186980452388525,0.1046527847647667,-0.0865289643406868
1777498727420101888,0.007404912728816271,0.1061607450246811,-0.08735893666744232
1777498727429897472,0.007215078454464674,0.1073088571429253,-0.08818071335554123
1777498727439904256,0.00696429330855608,0.1076485067605972,-0.08890920132398605
1777498727450122240,0.007316428702324629,0.1081804111599922,-0.08960023522377014
1777498727460320256,0.007792951073497534,0.1090155467391014,-0.09036515653133392
1777498727470499584,0.008128181099891663,0.110065333545208,-0.0911828875541687
1777498727480658944,0.008143287152051926,0.1107548698782921,-0.09194225072860718
1777498727490798336,0.008179640397429466,0.1114422082901001,-0.09267877787351608
1777498727500918272,0.008470342494547367,0.1123450994491577,-0.09340693056583405
1777498727511018496,0.008520567789673805,0.1133458986878395,-0.09408301115036011
1777498727521099264,0.008673705160617828,0.1144090741872787,-0.09470884501934052
1777498727531160064,0.008816627785563469,0.1154514849185944,-0.095208540558815
1777498727541201408,0.008995938114821911,0.1166261285543442,-0.09557345509529114
1777498727551223552,0.009012074209749699,0.1178879588842392,-0.09585085511207581
1777498727561227264,0.008992938324809074,0.1191907525062561,-0.09607392549514771
1777498727571213056,0.008860338479280472,0.1204349473118782,-0.09625472128391266
1777498727581179648,0.008474924601614475,0.1218264847993851,-0.0963631272315979
1777498727591126784,0.008187083527445793,0.1233166828751564,-0.09636913239955902
1777498727601054720,0.007841768674552441,0.1252720206975937,-0.0962931290268898
1777498727610963456,0.007882070727646351,0.1271335929632187,-0.09623488783836365
1777498727620852736,0.007717807311564684,0.1290457993745804,-0.09620261937379837
1777498727630722816,0.007597489282488823,0.1306947022676468,-0.09617911279201508
1777498727640573696,0.007612418383359909,0.1326468586921692,-0.09614612907171249
1777498727650405376,0.007561495061963797,0.1347343474626541,-0.09612137079238892
1777498727660218112,0.007823089137673378,0.1367297321557999,-0.09610769152641296
1777498727670011904,0.00771696213632822,0.1386355608701706,-0.0960889458656311
1777498727679786240,0.007468529045581818,0.1405681967735291,-0.09601965546607971
1777498727690004480,0.006957408972084522,0.142893061041832,-0.09598226100206375
1777498727700202752,0.006532615050673485,0.1455494910478592,-0.09585373103618622
1777498727710381568,0.006420238874852657,0.1478252410888672,-0.09570080041885376
1777498727720541184,0.005729836877435446,0.1493914723396301,-0.09548735618591309
1777498727730681344,0.00363478809595108,0.1495011895895004,-0.09483088552951813
1777498727740802048,0.001375565072521567,0.1504656821489334,-0.09330850094556808
1777498727750903040,-0.002184695797041059,0.1508895605802536,-0.09155271202325821
1777498727760984320,-0.00500373775139451,0.1515918523073196,-0.08937721699476242
1777498727771046400,-0.007298944517970085,0.1499707698822021,-0.08721478283405304
1777498727781089280,-0.008918694220483303,0.1481324285268784,-0.08516444265842438
1777498727791112448,-0.01086131762713194,0.1472444385290146,-0.08350279182195663
1777498727801116160,-0.009119065478444099,0.1481649130582809,-0.08256853371858597
1777498727811100416,-0.007229249458760023,0.1478765308856964,-0.08249446749687195
1777498727821065216,-0.006626876536756754,0.1478808224201202,-0.08288642764091492
1777498727831010560,-0.005529904738068581,0.1470301002264023,-0.08365444093942642
1777498727840936704,-0.004200130235403776,0.1481857150793076,-0.08459098637104034
1777498727850843136,-0.002865421352908015,0.1481288373470306,-0.08547959476709366
1777498727860730112,-0.001859750016592443,0.1481659561395645,-0.08635338395833969
1777498727870597632,-0.001435922458767891,0.1478411853313446,-0.0872071161866188
1777498727880452608,-0.001910398597829044,0.148340180516243,-0.08830730617046356
1777498727890288384,-0.002371883718296885,0.1496363878250122,-0.08943402767181396
1777498727900105728,-0.002690272638574243,0.1505138278007507,-0.09011106193065643
1777498727909904128,-0.003972297068685293,0.1497657895088196,-0.09035501629114151
1777498727919683328,-0.005826020147651434,0.1493435502052307,-0.09018658846616745
1777498727929903360,-0.006445521023124456,0.1496112495660782,-0.0899878516793251
1777498727940103680,-0.006378248799592257,0.1498882323503494,-0.08993932604789734
1777498727950284544,-0.007045749109238386,0.1491849720478058,-0.09000726044178009
1777498727960445696,-0.007831775583326817,0.1480855196714401,-0.09015569090843201
1777498727970586880,-0.007537792436778545,0.1480459421873093,-0.09054306149482727
1777498727980709120,-0.006375227589160204,0.1482500433921814,-0.09116128087043762
1777498727990812672,-0.005420493427664042,0.1483635306358337,-0.09196864813566208
1777498728000896512,-0.004867695271968842,0.1471754759550095,-0.09264261275529861
1777498728010960640,-0.004251894541084766,0.1461376249790192,-0.09332016855478287
1777498728021005312,-0.003667647251859307,0.1454906165599823,-0.09411093592643738
1777498728031030528,-0.003690497716888785,0.1456092000007629,-0.09506140649318695
1777498728041036288,-0.004182809498161077,0.1449476927518845,-0.0959094911813736
1777498728051022080,-0.0045869923196733,0.1438056230545044,-0.09667198359966278
1777498728060988928,-0.005525995511561632,0.141932412981987,-0.09747994691133499
1777498728070936320,-0.006741699762642384,0.1407679319381714,-0.09838347882032394
1777498728080864256,-0.007200185209512711,0.1400146186351776,-0.09939968585968018
1777498728090773504,-0.006967445369809866,0.139206737279892,-0.1006130501627922
1777498728100663296,-0.007273051422089338,0.1370611786842346,-0.1019963026046753
1777498728110533376,-0.007950207218527794,0.1348998844623566,-0.1035936251282692
1777498728120384256,-0.007726926356554031,0.1332388818264008,-0.1053625121712685
1777498728130215936,-0.007563781924545765,0.132235512137413,-0.1073780208826065
1777498728140029184,-0.00855967216193676,0.1304213851690292,-0.1095081269741058
1777498728149823232,-0.009898701682686806,0.1283725500106812,-0.1115785017609596
1777498728159598336,-0.01024207007139921,0.1260197311639786,-0.1138110086321831
1777498728169824256,-0.01068184338510036,0.1233242973685265,-0.1160701811313629
1777498728180030464,-0.01176584605127573,0.1204381734132767,-0.1183594167232513
1777498728190216704,-0.01234542671591043,0.1181710138916969,-0.1207931488752365
1777498728200383488,-0.01286139618605375,0.116079717874527,-0.1232769191265106
1777498728210530304,-0.01376086007803679,0.1134357377886772,-0.1257221847772598
1777498728220657408,-0.0153023861348629,0.1102063655853271,-0.1280894875526428
1777498728230765056,-0.01691513136029243,0.107038676738739,-0.1305385231971741
1777498728240854528,-0.01743440888822079,0.1045426726341248,-0.1332988142967224
1777498728250924544,-0.01826907321810722,0.1021080166101456,-0.1364499181509018
1777498728260974848,-0.01930654793977737,0.09957439452409744,-0.1399228125810623
1777498728271005440,-0.02000210247933865,0.09649185091257095,-0.1437834054231644
1777498728281016576,-0.0202761348336935,0.09383035451173782,-0.1479027420282364
1777498728291008768,-0.02042396925389767,0.09155011177062988,-0.1521491557359695
1777498728300981248,-0.02065053954720497,0.08992777764797211,-0.1566857993602753
1777498728310934016,-0.02035995200276375,0.0883757695555687,-0.161505252122879
1777498728320867840,-0.02000719495117664,0.08687543123960495,-0.1664622277021408
1777498728330782464,-0.01983052864670753,0.08543562144041061,-0.171521782875061
1777498728340677632,-0.01955926977097988,0.08438333123922348,-0.1766046285629272
1777498728350553600,-0.01942719519138336,0.08385315537452698,-0.1815993040800095
1777498728360410368,-0.01976474933326244,0.08276476711034775,-0.1865415275096893
1777498728370247680,-0.02022704109549522,0.08204503357410431,-0.1913347393274307
1777498728380065536,-0.0212126225233078,0.08152513951063156,-0.1960901170969009
1777498728389864448,-0.02186788618564606,0.08186475932598114,-0.2007881551980972
1777498728399645440,-0.02224505506455898,0.08205454051494598,-0.2053524553775787
1777498728409644288,-0.02219386398792267,0.08137034624814987,-0.2096509337425232
1777498728419860736,-0.02248677425086498,0.08024007081985474,-0.2137440592050552
1777498728430057216,-0.02222254499793053,0.07962357997894287,-0.2175955474376678
1777498728440234240,-0.02159733697772026,0.07937196642160416,-0.2213715016841888
1777498728450391296,-0.02102700434625149,0.07873434573411942,-0.224980503320694
1777498728460528640,-0.02147800847887993,0.07764343172311783,-0.2283728569746017
1777498728470646272,-0.02213607728481293,0.07660156488418579,-0.2314951717853546
1777498728480744960,-0.02270295284688473,0.07589921355247498,-0.2344630509614944
1777498728490825472,-0.02382064424455166,0.07513067126274109,-0.237330749630928
1777498728500886272,-0.02539650537073612,0.07405329495668411,-0.2401034235954285
1777498728510927616,-0.02688167057931423,0.07314817607402802,-0.2426185011863708
1777498728520949760,-0.02800803817808628,0.0720282569527626,-0.2448912411928177
1777498728530952704,-0.02888581715524197,0.07064372301101685,-0.2470172792673111
1777498728540935936,-0.03011862747371197,0.06881045550107956,-0.2491574138402939
1777498728550899712,-0.03083938360214233,0.06739555299282074,-0.2514223158359528
1777498728560844544,-0.03130959719419479,0.06620284914970398,-0.2539331614971161
1777498728570770432,-0.03141454234719276,0.06489899754524231,-0.2564693987369537
1777498728580677120,-0.03144469857215881,0.06290900707244873,-0.2589927613735199
1777498728590564352,-0.0313224121928215,0.06079303473234177,-0.2615373134613037
1777498728600432384,-0.03084243834018707,0.05925987660884857,-0.2642052471637726
1777498728610281472,-0.03016413561999798,0.0582871250808239,-0.2671033143997192
1777498728620111360,-0.02912959083914757,0.05708133056759834,-0.270254522562027
1777498728629922048,-0.02787971124053001,0.05548399686813354,-0.2736258506774902
1777498728639714560,-0.02641781978309155,0.05392155423760414,-0.2772250175476074
1777498728649719808,-0.02438178099691868,0.05314016714692116,-0.2811535596847534
1777498728659936256,-0.02240095287561417,0.05256600305438042,-0.2854061126708984
1777498728670132992,-0.02037975192070007,0.05198149755597115,-0.2899458408355713
1777498728680310528,-0.01833884976804256,0.05101675167679787,-0.2947406768798828
1777498728690468096,-0.01652450673282146,0.05016504973173141,-0.299724817276001
1777498728700606464,-0.01475133653730154,0.04965545609593391,-0.3048907220363617
1777498728710725120,-0.01288251113146544,0.0492512546479702,-0.3102422952651978
1777498728720824832,-0.01074554491788149,0.04849420487880707,-0.3155801296234131
1777498728730905088,-0.009137609973549843,0.04725880920886993,-0.320943146944046
1777498728740965632,-0.007320596370846033,0.04664253443479538,-0.3263913094997406
1777498728751008256,-0.005585114005953074,0.04648178070783615,-0.3318716287612915
1777498728761033472,-0.004509220365434885,0.0465332567691803,-0.3374287486076355
1777498728771039488,-0.003909748047590256,0.04668999835848808,-0.3427272439002991
1777498728781026048,-0.00279131974093616,0.04647171497344971,-0.3476320505142212
1777498728790993408,-0.002262500580400229,0.04568157345056534,-0.3524293303489685
1777498728800941568,-0.002460142131894827,0.04478087648749352,-0.3572582006454468
1777498728810870272,-0.002412263071164489,0.04494519531726837,-0.3621746897697449
1777498728820780032,-0.002327436348423362,0.04582028836011887,-0.3671997785568237
1777498728830670592,-0.002143363934010267,0.04617154598236084,-0.3721074461936951
1777498728840542464,-0.002423405414447188,0.04606011882424355,-0.3769990205764771
1777498728850395136,-0.002677750773727894,0.04580526426434517,-0.3818582892417908
1777498728860228608,-0.002578421263024211,0.04655440896749496,-0.3869146704673767
1777498728870042880,-0.001977049745619297,0.04741338267922401,-0.3921195864677429
1777498728879838464,-0.001487622619606555,0.04794985055923462,-0.3973430395126343
1777498728889844992,-0.001015717862173915,0.04790982231497765,-0.4026217460632324
1777498728900062464,-0.0004351256066001952,0.04841955006122589,-0.4079655408859253
1777498728910259968,0.0003831569047179073,0.04923795536160469,-0.4133975505828857
1777498728920438016,0.001081082737073302,0.05023642629384995,-0.418833315372467
1777498728930596608,0.001581622636877,0.05065903067588806,-0.4241589307785034
1777498728940735488,0.001772749470546842,0.05109362676739693,-0.429365873336792
1777498728950854656,0.002001990098506212,0.05145502090454102,-0.4344657957553864
1777498728960953856,0.002013917313888669,0.05222291871905327,-0.4394391179084778
1777498728971033600,0.001738259685225785,0.05236511677503586,-0.4443060457706451
1777498728981093632,0.001400482025928795,0.05257365852594376,-0.4490233361721039
1777498728991133952,0.001000114367343485,0.05246381461620331,-0.4537580907344818
1777498729001154816,0.0009689678554423153,0.05273160710930824,-0.4585447907447815
1777498729011156480,0.0009929969673976302,0.05261101946234703,-0.4634056091308594
1777498729021138944,0.001188572845421731,0.05273374915122986,-0.4683379828929901
1777498729031101440,0.001568320440128446,0.05265261605381966,-0.4733752906322479
1777498729041044480,0.001837152638472617,0.05269993096590042,-0.4785320162773132
1777498729050968064,0.002256532432511449,0.05262615904211998,-0.4837191104888916
1777498729060872192,0.002443405566737056,0.05247418954968452,-0.4888833463191986
1777498729070757120,0.002637171186506748,0.05241816490888596,-0.4939760565757751
1777498729080626688,0.002791702980175614,0.05243782326579094,-0.499039351940155
1777498729090480384,0.003012847155332565,0.05261234566569328,-0.5041276216506958
1777498729100315136,0.003225153312087059,0.05264683812856674,-0.5092799663543701
1777498729110130432,0.003449569689109921,0.05251836776733398,-0.5144962668418884
1777498729119927040,0.003456676844507456,0.05250748619437218,-0.5197523832321167
1777498729129704704,0.003508147550746799,0.05253763869404793,-0.5250533223152161
1777498729139923968,0.003439746331423521,0.05292367935180664,-0.5303891897201538
1777498729150123520,0.003457610728219151,0.05309988185763359,-0.535743772983551
1777498729160303104,0.003119794186204672,0.05338326469063759,-0.5410788059234619
1777498729170464512,0.002871168777346611,0.0536821112036705,-0.5463889837265015
1777498729180606464,0.002535790903493762,0.05428574234247208,-0.5517584085464478
1777498729190728960,0.002344363369047642,0.05501104146242142,-0.55719393491745
1777498729200831744,0.002041046973317862,0.05570861324667931,-0.5627274513244629
1777498729210915072,0.002101561287418008,0.05667627230286598,-0.5683717131614685
1777498729220978688,0.002363142790272832,0.05764694511890411,-0.5742852687835693
1777498729231022848,0.002783982781693339,0.05850688740611076,-0.5804435610771179
1777498729241047552,0.002935629105195403,0.05912028625607491,-0.5867158770561218
1777498729251055616,0.002699428470805287,0.05993099510669708,-0.5930176973342896
1777498729261046528,0.001918112393468618,0.0607573576271534,-0.5993645191192627
1777498729271017984,0.0009622132056392729,0.06186478585004807,-0.6056277751922607
1777498729280970240,-8.637250175524969e-06,0.06261934340000153,-0.6117990612983704
1777498729290903296,-0.001175594516098499,0.06335775554180145,-0.6179550290107727
1777498729300817152,-0.001884441473521292,0.06426090002059937,-0.6241825819015503
1777498729310711808,-0.001723577035591006,0.06524486094713211,-0.6304519176483154
1777498729320587264,-0.001384949660860002,0.06567517668008804,-0.636785089969635
1777498729330444032,-0.001047038706019521,0.06601966172456741,-0.6432360410690308
1777498729340281600,-0.0008636591373942792,0.06606143712997437,-0.6497935056686401
1777498729350099968,-0.0003638328344095498,0.06692292541265488,-0.6564627885818481
1777498729359899136,-0.0003652071754913777,0.06746883690357208,-0.6632040739059448
1777498729369679104,-0.0004931899020448327,0.06796461343765259,-0.6697869300842285
1777498729379903744,-0.001484200125560164,0.06759437173604965,-0.6761703491210938
1777498729390108672,-0.002141670091077685,0.06791160255670547,-0.6823858618736267
1777498729400293632,-0.002738712588325143,0.06802097707986832,-0.6885460019111633
1777498729410459648,-0.003141560591757298,0.06861451268196106,-0.6945815682411194
1777498729420606208,-0.003885590936988592,0.0683044046163559,-0.7005668878555298
1777498729430733056,-0.00459279865026474,0.06823557615280151,-0.7065867185592651
1777498729440840704,-0.004808568861335516,0.06823072582483292,-0.7126590013504028
1777498729450928384,-0.005068868398666382,0.06831365078687668,-0.7188022136688232
1777498729460996864,-0.00520838750526309,0.06838155537843704,-0.7249680757522583
1777498729471045632,-0.005468600429594517,0.06811345368623734,-0.7310768365859985
1777498729481074944,-0.00554240494966507,0.06800174713134766,-0.7371307611465454
1777498729491085312,-0.005246469751000404,0.06778237968683243,-0.7432360649108887
1777498729501077504,-0.005158018320798874,0.06751377135515213,-0.7493872046470642
1777498729511050240,-0.005124633200466633,0.06740362942218781,-0.7555744647979736
1777498729521003520,-0.004862170200794935,0.06754481047391891,-0.7618435025215149
1777498729530937600,-0.00449457997456193,0.06781540811061859,-0.7681169509887695
1777498729540852480,-0.004122768063098192,0.06767148524522781,-0.7743388414382935
1777498729550748416,-0.003906456753611565,0.06753259897232056,-0.7804960608482361
1777498729560631296,-0.003730415599420667,0.06727118790149689,-0.7865984439849854
1777498729570494720,-0.00357427354902029,0.06734974682331085,-0.792638897895813
1777498729580338944,-0.003458133433014154,0.0673450231552124,-0.7985967993736267
1777498729590163968,-0.003523908089846373,0.06721276044845581,-0.8044047355651855
1777498729599970304,-0.003629783168435097,0.06698842346668243,-0.8100870847702026
1777498729609757184,-0.003310185857117176,0.06654427945613861,-0.8157190084457397
1777498729619981824,-0.002966908738017082,0.06584587693214417,-0.8213505744934082
1777498729630186752,-0.002550184493884444,0.06501194089651108,-0.8270660042762756
1777498729640372480,-0.001826778170652688,0.06431253999471664,-0.8328186869621277
1777498729650538240,-0.000778370420448482,0.06331656128168106,-0.8384982943534851
1777498729660684288,-6.070835752325365e-06,0.06196495145559311,-0.8439836502075195
1777498729670810624,0.0005982641014270484,0.06049845740199089,-0.8492260575294495
1777498729680917248,0.0009136681328527629,0.05925017595291138,-0.8543170094490051
1777498729691005952,0.001136043923906982,0.05803370103240013,-0.8593170642852783
1777498729701075200,0.001072488492354751,0.05680705979466438,-0.8642076253890991
1777498729711125248,0.0005647114012390375,0.05521722510457039,-0.8689929246902466
1777498729721155584,0.0002388940629316494,0.05361124128103256,-0.8737085461616516
1777498729731166720,3.658967762021348e-05,0.05237225443124771,-0.8784505128860474
1777498729741158912,0.000126905957586132,0.05143849551677704,-0.8832938671112061
1777498729751131648,8.735618030186743e-05,0.05016277357935905,-0.8882228136062622
1777498729761085440,0.0001402998896082863,0.04941192641854286,-0.8931965827941895
1777498729771020032,0.0002349384885746986,0.04871462658047676,-0.8983201384544373
1777498729780935424,0.0004640404076781124,0.04873590543866158,-0.9035612344741821
1777498729790831616,0.0008043661946430802,0.04868970811367035,-0.9088958501815796
1777498729800708608,0.001135510276071727,0.04891958460211754,-0.914333164691925
1777498729810565888,0.001387222670018673,0.04912072420120239,-0.919848620891571
1777498729820404736,0.00187585735693574,0.04980163276195526,-0.9254302978515625
1777498729830224128,0.002373499097302556,0.05070029199123383,-0.9310453534126282
1777498729840025088,0.00308618787676096,0.05171209201216698,-0.9366371631622314
1777498729849807872,0.003630755003541708,0.05259672179818153,-0.9421963095664978
1777498729859807488,0.004442250821739435,0.05345377698540688,-0.9476402997970581
1777498729870022912,0.005308426916599274,0.05439991503953934,-0.9530124664306641
1777498729880218880,0.005582740996032953,0.05508338287472725,-0.9584205746650696
1777498729890395392,0.005765999667346478,0.0557967834174633,-0.9635888338088989
1777498729900552192,0.00559135340154171,0.05606412515044212,-0.9685295820236206
1777498729910689280,0.004771376959979534,0.05661178007721901,-0.9732537865638733
1777498729920806656,0.003736905520781875,0.05698107928037643,-0.9778822064399719
1777498729930904832,0.002768837148323655,0.05771759524941444,-0.9824023842811584
1777498729940983296,0.001537495874799788,0.05796907469630241,-0.9867928028106689
1777498729951043840,5.74700825382024e-05,0.05807456001639366,-0.9910699725151062
1777498729961086976,-0.0008807653794065118,0.05844153836369514,-0.995361864566803
1777498729971111168,-0.001290893531404436,0.05888036638498306,-0.9997902512550354
1777498729981115648,-0.001513119437731802,0.05910502374172211,-1.004310607910156
1777498729991101184,-0.00176098186057061,0.0591878704726696,-1.008912920951843
1777498730001067264,-0.001890485174953938,0.05938012152910233,-1.01363205909729
1777498730011013888,-0.00201502488926053,0.05973635241389275,-1.018449068069458
1777498730020941568,-0.001920185633935034,0.0598890520632267,-1.023309230804443
1777498730030850048,-0.002315449062734842,0.05988314002752304,-1.028252363204956
1777498730040739584,-0.002621389925479889,0.06014185398817062,-1.03319263458252
1777498730050610176,-0.002597971819341183,0.06042928248643875,-1.038214206695557
1777498730060461312,-0.002812214195728302,0.06060690060257912,-1.043242692947388
1777498730070293504,-0.002861878136172891,0.06040317937731743,-1.048208117485046
1777498730080106240,-0.003033648012205958,0.0601835586130619,-1.053147673606873
1777498730089900032,-0.003162203589454293,0.05987482890486717,-1.05809473991394
1777498730099905792,-0.003343578660860658,0.05961479619145393,-1.063069939613342
1777498730110123008,-0.003818008117377758,0.05918902158737183,-1.068068265914917
1777498730120320512,-0.004098749719560146,0.05865701287984848,-1.07303524017334
1777498730130498560,-0.004545378964394331,0.05794303119182587,-1.078028202056885
1777498730140656896,-0.004855361301451921,0.05716512352228165,-1.083008885383606
1777498730150796032,-0.005308894440531731,0.0562371201813221,-1.088068246841431
1777498730160915200,-0.005546273663640022,0.05542657151818275,-1.093261957168579
1777498730171014912,-0.005710822995752096,0.05440253764390945,-1.09855318069458
1777498730181095168,-0.005730402655899525,0.05339684709906578,-1.103924632072449
1777498730191155968,-0.005656267050653696,0.05226913467049599,-1.109331130981445
1777498730201197056,-0.005583754740655422,0.05126061290502548,-1.114827990531921
1777498730211218944,-0.005578458309173584,0.05031025037169456,-1.120373249053955
1777498730221221632,-0.005239032674580812,0.04909675940871239,-1.125912308692932
1777498730231207936,-0.005071348045021296,0.04740526154637337,-1.131494760513306
1777498730241175040,-0.004999109078198671,0.0456998199224472,-1.137131452560425
1777498730251122688,-0.00486303586512804,0.04450529813766479,-1.142942428588867
1777498730261051136,-0.004314853344112635,0.04370263963937759,-1.148951172828674
1777498730270960640,-0.003593711415305734,0.04244827106595039,-1.15506374835968
1777498730280850944,-0.002987698186188936,0.04089410230517387,-1.161152601242065
1777498730290722048,-0.002466835314407945,0.039262805134058,-1.167266249656677
1777498730300573696,-0.001728775096125901,0.03832600265741348,-1.173420786857605
1777498730310407168,-0.0007720255525782704,0.03741028904914856,-1.17964506149292
1777498730320221440,-0.0003753464261535555,0.03627684712409973,-1.18575382232666
1777498730330016768,-0.0002012776967603713,0.03498955070972443,-1.19177770614624
1777498730340024320,0.0003294800117146224,0.03432882577180862,-1.197824716567993
1777498730350243328,0.0007532102172262967,0.03406393527984619,-1.203911304473877
1777498730360442368,0.001343550393357873,0.03379711881279945,-1.209950685501099
1777498730370621952,0.001656717737205327,0.0331503264605999,-1.215895414352417
1777498730380782336,0.001436523860320449,0.032774418592453,-1.221721410751343
1777498730390923264,0.00164107431191951,0.03272013366222382,-1.227452278137207
1777498730401044480,0.001768965041264892,0.03316955640912056,-1.233030676841736
1777498730411145984,0.002058000769466162,0.03305428847670555,-1.238478899002075
1777498730421227776,0.002315112855285406,0.03273122757673264,-1.243755459785461
1777498730431290112,0.002671088092029095,0.03234044089913368,-1.248895168304443
1777498730441332736,0.002893605502322316,0.03238439932465553,-1.253958582878113
1777498730451356160,0.002907848916947842,0.03261546045541763,-1.258909940719604
1777498730461360384,0.002678479999303818,0.03259310498833656,-1.263624906539917
1777498730471345152,0.002302646404132247,0.03257417678833008,-1.268110632896423
1777498730481310208,0.001360192312858999,0.03261905163526535,-1.272470355033875
1777498730491255808,0.000473739200970158,0.03291936963796616,-1.276732206344604
1777498730501182464,-0.0005844283150509,0.03344828262925148,-1.280925631523132
1777498730511096064,-0.00154887605458498,0.03395079076290131,-1.285060882568359
1777498730520990208,-0.002475854475051165,0.03445545583963394,-1.289197444915771
1777498730530865920,-0.003064197720959783,0.03521609678864479,-1.293387532234192
1777498730540721920,-0.003302237251773477,0.03617605194449425,-1.297774314880371
1777498730550559232,-0.00336812948808074,0.03722069784998894,-1.302362680435181
1777498730560377344,-0.003236230229958892,0.03811515867710114,-1.30705738067627
1777498730570176512,-0.003202518448233604,0.03909807652235031,-1.311858892440796
1777498730579956736,-0.002977207070216537,0.04012476652860641,-1.31671130657196
1777498730590174976,-0.002548991004005075,0.04123961552977562,-1.321624636650085
1777498730600373504,-0.002208065241575241,0.04221321269869804,-1.326572895050049
1777498730610552064,-0.001871258136816323,0.04311353713274002,-1.331463813781738
1777498730620710656,-0.001680219662375748,0.04391251131892204,-1.33628249168396
1777498730630850560,-0.001632652711123228,0.04487408697605133,-1.341050386428833
1777498730640971264,-0.001441486761905253,0.04561802372336388,-1.345709681510925
1777498730651072000,-0.001636122120544314,0.0460699237883091,-1.350337743759155
1777498730661153280,-0.001578748458996415,0.04633765295147896,-1.354881763458252
1777498730671215360,-0.001590318628586829,0.04663953185081482,-1.359411120414734
1777498730681257728,-0.001459877123124897,0.04685685038566589,-1.36394190788269
1777498730691280640,-0.001279476913623512,0.04666496440768242,-1.368440866470337
1777498730701284096,-0.001137048006057739,0.04600177332758904,-1.372978925704956
1777498730711269632,-0.00102706125471741,0.04540229588747025,-1.377547264099121
1777498730721236224,-0.0008113665971904993,0.04495363309979439,-1.382246375083923
1777498730731183360,-0.0002244209172204137,0.04464519396424294,-1.386999845504761
1777498730741113088,0.000555038102902472,0.04372052475810051,-1.391706228256226
1777498730751025664,0.001543724676594138,0.04244878515601158,-1.396323442459106
1777498730760918784,0.002447190228849649,0.04060723632574081,-1.400973558425903
1777498730770792704,0.003357372013852,0.03950054571032524,-1.405646562576294
1777498730780647680,0.004031116608530283,0.03840271383523941,-1.410359025001526
1777498730790483200,0.004748719278723001,0.03759836032986641,-1.414949297904968
1777498730800299520,0.004953149706125259,0.03604615479707718,-1.41932487487793
1777498730810096896,0.004790816456079483,0.0344720184803009,-1.423494338989258
1777498730819875328,0.00463155098259449,0.03288767114281654,-1.427553772926331
1777498730830094592,0.00452653830870986,0.03181731700897217,-1.431625723838806
1777498730840294144,0.004474330227822065,0.03041600994765759,-1.43579888343811
1777498730850474240,0.004129432141780853,0.02905529364943504,-1.440027713775635
1777498730860635136,0.004189380910247564,0.02765202708542347,-1.444303750991821
1777498730870776064,0.004213953390717506,0.02676935866475105,-1.448658227920532
1777498730880897536,0.004486124962568283,0.02569165453314781,-1.45301878452301
1777498730890999296,0.004829736426472664,0.02472036518156528,-1.457276940345764
1777498730901081344,0.005088719539344311,0.02338282018899918,-1.46147084236145
1777498730911143680,0.005322909913957119,0.02247778512537479,-1.465626120567322
1777498730921186560,0.005575035698711872,0.02159491553902626,-1.469798803329468
1777498730931209984,0.006150417495518923,0.02107401937246323,-1.473864078521729
1777498730941214208,0.006094231735914946,0.02006077766418457,-1.47784686088562
1777498730951198976,0.005966503638774157,0.01944680698215961,-1.481739044189453
1777498730961164288,0.005966064520180225,0.01872264593839645,-1.485544800758362
1777498730971110144,0.00579011719673872,0.01819583028554916,-1.48930561542511
1777498730981036544,0.005447279661893845,0.01750493794679642,-1.493014097213745
1777498730990947584,0.005351233296096325,0.01684755086898804,-1.496628880500793
1777498731000840704,0.005118944216519594,0.01632130332291126,-1.500166535377502
1777498731010714624,0.005057761911302805,0.01587395183742046,-1.503682494163513
1777498731020569344,0.005044390913099051,0.01561130955815315,-1.507172465324402
1777498731030405120,0.005384252872318029,0.01545244175940752,-1.510622143745422
1777498731040221952,0.005533813498914242,0.01532298140227795,-1.514105916023254
1777498731050019584,0.005785317625850439,0.01557183545082808,-1.517555475234985
1777498731059798016,0.006088425405323505,0.01572617888450623,-1.520972490310669
1777498731070023680,0.006246596109122038,0.01611880213022232,-1.524277567863464
1777498731080229376,0.006200336385518312,0.01631254516541958,-1.527495384216309
1777498731090415360,0.006075469776988029,0.01682647503912449,-1.530586719512939
1777498731100582912,0.00586196081712842,0.01750886626541615,-1.53362238407135
1777498731110730496,0.005851197056472301,0.0183379128575325,-1.536566495895386
1777498731120858368,0.005786808673292398,0.01893333718180656,-1.539372086524963
1777498731130966784,0.005673406645655632,0.01943541131913662,-1.542011618614197
1777498731141055232,0.005668217781931162,0.01976329647004604,-1.544620037078857
1777498731151124480,0.005542646162211895,0.02034367248415947,-1.547143936157227
1777498731161173760,0.005607487168163061,0.02074847742915154,-1.549615740776062
1777498731171203584,0.005444024689495564,0.02101331390440464,-1.552011132240295
1777498731181214208,0.005261628422886133,0.02104613743722439,-1.554287910461426
1777498731191205120,0.004951642826199532,0.02097968943417072,-1.556471824645996
1777498731201176320,0.004625799600034952,0.02090020664036274,-1.558526992797852
1777498731211128320,0.004272345919162035,0.020762600004673,-1.560458421707153
1777498731221065472,0.00410762894898653,0.02070655860006809,-1.562318921089172
1777498731230983168,0.004100417718291283,0.0204211063683033,-1.564120888710022
1777498731240881664,0.004359701182693243,0.01969433948397636,-1.56589686870575
1777498731250760704,0.004744943231344223,0.01872059889137745,-1.567718744277954
1777498731260620800,0.004686862695962191,0.01767855137586594,-1.569555997848511
1777498731270461440,0.004560794681310654,0.0173681378364563,-1.571479201316833
1777498731280282880,0.004595516249537468,0.01727399230003357,-1.573382496833801
1777498731290085376,0.004826197400689125,0.0165640190243721,-1.575162172317505
1777498731299868928,0.004523875191807747,0.01534989383071661,-1.576781153678894
1777498731309868800,0.003975383471697569,0.01406768057495356,-1.578366994857788
1777498731320083968,0.003761278232559562,0.01378879975527525,-1.580002784729004
1777498731330279424,0.003972781356424093,0.01354284584522247,-1.58165979385376
1777498731340455424,0.004104102496057749,0.01282729860395193,-1.583323121070862
1777498731350611456,0.004089503549039364,0.01144992932677269,-1.585047602653503
1777498731360747520,0.004457408096641302,0.01067767664790154,-1.586811542510986
1777498731370864384,0.004842967260628939,0.01024122536182404,-1.588666439056396
1777498731380961024,0.005105944350361824,0.00985785573720932,-1.590434432029724
1777498731391038208,0.004635982681065798,0.009266288951039314,-1.592058539390564
1777498731401095680,0.004456344060599804,0.008702621795237064,-1.593565106391907
1777498731411136768,0.004310608375817537,0.00826360285282135,-1.595139026641846
1777498731421158144,0.004044182132929564,0.007868907414376736,-1.596726059913635
1777498731431160320,0.003494655480608344,0.007384549826383591,-1.598358631134033
1777498731441142784,0.003343956079334021,0.007191216573119164,-1.599972009658813
1777498731451106048,0.003321655793115497,0.006771127693355083,-1.601638555526733
1777498731461049856,0.00342289125546813,0.006449783220887184,-1.603386521339417
1777498731470974464,0.003614827059209347,0.005965381395071745,-1.605122804641724
1777498731480879616,0.003444445319473743,0.005714984145015478,-1.606950879096985
1777498731490765824,0.003718652529641986,0.005624234676361084,-1.608780980110168
1777498731500633088,0.003644630778580904,0.005467627197504044,-1.610671997070312
1777498731510480896,0.003764226799830794,0.005415042396634817,-1.612527966499329
1777498731520309504,0.003892804495990276,0.005177355837076902,-1.614344120025635
1777498731530118912,0.004043745808303356,0.005083757918328047,-1.616100430488586
1777498731539909376,0.004280592780560255,0.005019998643547297,-1.617846012115479
1777498731549912832,0.00438990630209446,0.005013547372072935,-1.619603157043457
1777498731560128768,0.004593116231262684,0.005024018231779337,-1.621312499046326
1777498731570324736,0.004559616558253765,0.004972176626324654,-1.62304949760437
1777498731580500992,0.004553439095616341,0.00522424653172493,-1.62469482421875
1777498731590658048,0.004598625935614109,0.005217432044446468,-1.626328825950623
1777498731600795392,0.004587449133396149,0.005641606170684099,-1.627871990203857
1777498731610913024,0.004454025998711586,0.005832722410559654,-1.629438996315002
1777498731621011200,0.004321309737861156,0.006342782638967037,-1.63094162940979
1777498731631089920,0.004281988833099604,0.00663752481341362,-1.632416963577271
1777498731641149952,0.004218816291540861,0.006965745240449905,-1.633838057518005
1777498731651190016,0.004080969374626875,0.007363054901361465,-1.635208606719971
1777498731661212416,0.003980509005486965,0.007699476089328527,-1.636549830436707
1777498731671217152,0.003631758270785213,0.00825883261859417,-1.637887239456177
1777498731681202688,0.003164202207699418,0.008618327789008617,-1.639123439788818
1777498731691168768,0.002622675150632858,0.008977159857749939,-1.640175104141235
1777498731701115648,0.002112681977450848,0.009215246886014938,-1.641144275665283
1777498731711043584,0.002412411151453853,0.009160212241113186,-1.642095446586609
1777498731720952064,0.002105012768879533,0.009213445708155632,-1.643112659454346
1777498731730841088,0.002045576460659504,0.00960781704634428,-1.644248723983765
1777498731740711680,0.002251250203698874,0.01048437971621752,-1.645539402961731
1777498731750562816,0.002524551935493946,0.01094967033714056,-1.646833658218384
1777498731760395264,0.00282728997990489,0.01089275162667036,-1.648031234741211
1777498731770208512,0.002776297740638256,0.01055980566889048,-1.649187326431274
1777498731780002560,0.003070208709686995,0.0107332356274128,-1.65033483505249
1777498731790008576,0.003274299204349518,0.01099040266126394,-1.651520967483521
1777498731800226048,0.003416785970330238,0.01122672390192747,-1.652570486068726
1777498731810423552,0.003340701572597027,0.0108983963727951,-1.653565764427185
1777498731820601600,0.003235636511817575,0.0107531426474452,-1.654466152191162
1777498731830760448,0.003322782227769494,0.01062773820012808,-1.655328392982483
1777498731840899840,0.003352385945618153,0.01059516612440348,-1.656131148338318
1777498731851019520,0.003426762763410807,0.01006236579269171,-1.656811118125916
1777498731861119744,0.003215360455214977,0.00943185668438673,-1.657443881034851
1777498731871200256,0.003137491177767515,0.009010353125631809,-1.65801465511322
1777498731881261312,0.002975503448396921,0.008674830198287964,-1.65861189365387
1777498731891302912,0.002911694813519716,0.008507669903337955,-1.659100770950317
1777498731901325056,0.00284612481482327,0.007882064208388329,-1.659511566162109
1777498731911328000,0.002881166292354465,0.007362672593444586,-1.659866333007812
1777498731921313280,0.00305266585201025,0.006757722236216068,-1.660251379013062
1777498731931280896,0.003225759603083134,0.006515481043606997,-1.660666108131409
1777498731941229056,0.003590102074667811,0.006364556960761547,-1.661099195480347
1777498731951158016,0.003989750519394875,0.005888696759939194,-1.661492466926575
1777498731961067776,0.004252929240465164,0.005295328795909882,-1.661773085594177
1777498731970958592,0.004157586488872766,0.004765194375067949,-1.66201639175415
1777498731980830208,0.004087227396667004,0.004908496513962746,-1.662213802337646
1777498731990682368,0.004317844286561012,0.005252665374428034,-1.662353277206421
1777498732000515840,0.0040570511482656,0.005156858824193478,-1.662390232086182
1777498732010330112,0.003773053642362356,0.004935420583933592,-1.662305593490601
1777498732020125440,0.00346305756829679,0.004562402609735727,-1.662164449691772
1777498732029901824,0.003205288201570511,0.004729311913251877,-1.662006258964539
1777498732040120832,0.003012511413544416,0.004929427523165941,-1.661854147911072
1777498732050320128,0.002918757731094956,0.005186793860048056,-1.661662340164185
1777498732060499456,0.002951010363176465,0.005127474665641785,-1.661386609077454
1777498732070659328,0.002636757679283619,0.005168106872588396,-1.661171674728394
1777498732080800000,0.002646712120622396,0.00579980481415987,-1.6609787940979
1777498732090920960,0.002631497336551547,0.006425870582461357,-1.660834312438965
1777498732101022464,0.002663318766281009,0.007400408387184143,-1.66067910194397
1777498732111104512,0.002737263916060328,0.007951940409839153,-1.66054630279541
1777498732121166848,0.002685902640223503,0.00886812899261713,-1.660379886627197
1777498732131209984,0.002573702484369278,0.009608493186533451,-1.660235643386841
1777498732141233408,0.002263972302898765,0.01057201437652111,-1.659926533699036
1777498732151237632,0.001415645238012075,0.01123035605996847,-1.65940797328949
1777498732161222656,0.0002337708428967744,0.01198519766330719,-1.658695340156555
1777498732171188224,-0.0002458681701682508,0.01273834612220526,-1.657886862754822
1777498732181134336,-0.0005290890112519264,0.01279324106872082,-1.657284259796143
1777498732191063296,-0.001323752454482019,0.01282193884253502,-1.656545042991638
1777498732200974592,-0.002091217087581754,0.01309437025338411,-1.656016230583191
1777498732210866432,-0.00177614891435951,0.0138632794842124,-1.655681848526001
1777498732220739072,-0.001614834065549076,0.01408933289349079,-1.655373692512512
1777498732230592512,-0.001985539449378848,0.01329158246517181,-1.655045866966248
1777498732240427008,-0.002010210417211056,0.01262679882347584,-1.654778242111206
1777498732250242304,-0.001815944211557508,0.012411636300385,-1.654703617095947
1777498732260038400,-0.001507269567809999,0.01239395048469305,-1.654751420021057
1777498732269815808,-0.001820270786993206,0.01159896142780781,-1.65479564666748
1777498732280040448,-0.002085825428366661,0.0108939977362752,-1.654903888702393
1777498732290245376,-0.001763732172548771,0.01019997056573629,-1.655087471008301
1777498732300430592,-0.001448808936402202,0.009700357913970947,-1.655383825302124
1777498732310596096,-0.001391406403854489,0.008888933807611465,-1.655777454376221
1777498732320741888,-0.001484968699514866,0.007940459065139294,-1.656255960464478
1777498732330868736,-0.001378506189212203,0.007176813669502735,-1.656753897666931
1777498732340975616,-0.001391910365782678,0.006461217533797026,-1.657376527786255
1777498732351063296,-0.001262162462808192,0.005815682932734489,-1.65801215171814
1777498732361131520,-0.001146532944403589,0.004962689243257046,-1.658684849739075
1777498732371180544,-0.0009995944565162063,0.004281925968825817,-1.659387111663818
1777498732381210112,-0.0005569213535636663,0.003616675036028028,-1.660100936889648
1777498732391220224,-0.0003199867205694318,0.003188346745446324,-1.660798072814941
1777498732401211136,-0.0001169596653198823,0.002785873599350452,-1.661450743675232
1777498732411182848,0.0002026826696237549,0.002587843686342239,-1.662086367607117
1777498732421135104,0.0005168370553292334,0.002495390130206943,-1.662605285644531
1777498732431067904,0.0006717480719089508,0.002525245072320104,-1.663062810897827
1777498732440981504,0.000688400526996702,0.002932517789304256,-1.663431286811829
1777498732450876160,0.0007285819156095386,0.003396721556782722,-1.663723826408386
1777498732460756736,0.0007079591741785407,0.003965511918067932,-1.663898944854736
1777498732470618112,0.0006439436110667884,0.004347384441643953,-1.663866639137268
1777498732480460544,0.000469121674541384,0.00510717835277319,-1.663744449615479
1777498732490283776,0.0003808440815191716,0.006049068178981543,-1.66363513469696
1777498732500088576,0.000369064073311165,0.007207885850220919,-1.663464069366455
1777498732509874432,5.150700962985866e-05,0.00791297759860754,-1.663242220878601
1777498732520099328,-0.0003127639938611537,0.008369941264390945,-1.662877559661865
1777498732530304512,-0.0006439068238250911,0.008696471340954304,-1.662474393844604
1777498732540489728,-0.0008204440819099545,0.009290589019656181,-1.662050127983093
1777498732550654976,-0.00101879145950079,0.00971735455095768,-1.66157853603363
1777498732560801536,-0.00125747499987483,0.009936301037669182,-1.661048769950867
1777498732570928384,-0.001597822527401149,0.009781385771930218,-1.660475850105286
1777498732581035520,-0.002206882694736123,0.009566911496222019,-1.659957766532898
1777498732591122688,-0.003128192154690623,0.009622791782021523,-1.659514546394348
1777498732601190400,-0.004178637638688087,0.01001040916889906,-1.659131407737732
1777498732611238400,-0.005246910266578197,0.01045355200767517,-1.658873200416565
1777498732621266944,-0.00628524087369442,0.01075109001249075,-1.658648490905762
1777498732631276032,-0.006836024112999439,0.0107297832146287,-1.65854012966156
1777498732641266176,-0.007031458895653486,0.01060961093753576,-1.658650279045105
1777498732651236608,-0.007023302838206291,0.01072018500417471,-1.658968925476074
1777498732661187584,-0.006893057841807604,0.01120857615023851,-1.659622073173523
1777498732671119360,-0.006495652720332146,0.01180396415293217,-1.660488367080688
1777498732681031680,-0.005877375137060881,0.01178980432450771,-1.66145646572113
1777498732690924288,-0.005701004061847925,0.01140379067510366,-1.662513852119446
1777498732700797696,-0.005353997461497784,0.01132212299853563,-1.66364586353302
1777498732710651904,-0.004899675957858562,0.01136491354554892,-1.664903283119202
1777498732720491008,-0.004381796345114708,0.01167807076126337,-1.666269779205322
1777498732730314496,-0.004334947094321251,0.01139777898788452,-1.66768741607666
1777498732740119296,-0.00428133737295866,0.01120023149996996,-1.669112801551819
1777498732749904640,-0.004089523106813431,0.01080286875367165,-1.670450925827026
1777498732760139008,-0.003857412375509739,0.0105909826233983,-1.671730399131775
1777498732770353408,-0.003617537673562765,0.009605328552424908,-1.67294442653656
1777498732780548352,-0.00365825230255723,0.008756718598306179,-1.674083232879639
1777498732790723584,-0.003542452584952116,0.00763750309124589,-1.675171613693237
1777498732800879104,-0.003460265230387449,0.007110161241143942,-1.676270246505737
1777498732811014656,-0.003352067666128278,0.006058481056243181,-1.677332639694214
1777498732821130752,-0.003329702187329531,0.004894413985311985,-1.678302884101868
1777498732831227136,-0.00336353643797338,0.003472423879429698,-1.679277181625366
1777498732841305600,-0.003089775564149022,0.002347517525777221,-1.680264472961426
1777498732851364608,-0.002763112308457494,0.001040342380292714,-1.681257009506226
1777498732861404416,-0.002218175213783979,-0.0002735962625592947,-1.682193517684937
1777498732871424768,-0.001701034954749048,-0.001941009308211505,-1.683086514472961
1777498732881425920,-0.0009278520592488348,-0.003513095900416374,-1.683903217315674
1777498732891407360,-0.0002274582220707089,-0.005081626586616039,-1.68461537361145
1777498732901369088,0.0007045469828881323,-0.006256307009607553,-1.685172557830811
1777498732911311360,0.001542859827168286,-0.00751385185867548,-1.685652613639832
1777498732921234944,0.001849668798968196,-0.008219774812459946,-1.686009883880615
1777498732931139072,0.002007918665185571,-0.008569941855967045,-1.686236023902893
1777498732941023744,0.001811929163523018,-0.008559648878872395,-1.686099886894226
1777498732950888960,0.001624034368433058,-0.008732135407626629,-1.685681819915771
1777498732960735232,0.001036901492625475,-0.008758675307035446,-1.685032606124878
1777498732970562048,0.0008137242984957993,-0.008783716708421707,-1.684284210205078
1777498732980369664,0.00112567562609911,-0.00845671072602272,-1.683391690254211
1777498732990158336,0.001104776398278773,-0.008458880707621574,-1.682303905487061
1777498733000161536,0.0006587550160475075,-0.008693142794072628,-1.681076169013977
1777498733010377472,0.0006029233918525279,-0.008532271720468998,-1.679686188697815
1777498733020573440,0.0002041923289652914,-0.008453411050140858,-1.678185939788818
1777498733030749952,-0.0004199914110358804,-0.008045549504458904,-1.676520466804504
1777498733040907008,-0.00156963209155947,-0.007859742268919945,-1.674753785133362
1777498733051044608,-0.002505192533135414,-0.007402972318232059,-1.672909021377563
1777498733061162496,-0.003392265178263187,-0.007194755133241415,-1.671102046966553
1777498733071260672,-0.003943951800465584,-0.006870684213936329,-1.669370651245117
1777498733081339392,-0.004529852885752916,-0.00670689158141613,-1.667726039886475
1777498733091398400,-0.004902638029307127,-0.00636191526427865,-1.666155576705933
1777498733101437952,-0.004504299256950617,-0.006158752366900444,-1.664710640907288
1777498733111457792,-0.004220196511596441,-0.00624088803306222,-1.663439273834229
1777498733121458688,-0.004303233698010445,-0.005848404951393604,-1.662386298179626
1777498733131440128,-0.004301971290260553,-0.004686888307332993,-1.661598205566406
1777498733141402112,-0.003803803585469723,-0.00324125774204731,-1.661057353019714
1777498733151344640,-0.003904336364939809,-0.002421009121462703,-1.660553932189941
1777498733161267968,-0.004215243738144636,-0.00181508157402277,-1.660028576850891
1777498733171176960,-0.004115649033337831,-0.0007323658792302012,-1.659622192382812
1777498733181067008,-0.00397855881601572,0.0008686406072229147,-1.659412503242493
1777498733190938112,-0.003793600248172879,0.002320662140846252,-1.659246563911438
1777498733200789504,-0.003813479794189334,0.002964016748592257,-1.659067511558533
1777498733210622208,-0.004030900076031685,0.003402553265914321,-1.658854722976685
1777498733220435456,-0.003926695324480534,0.004406267311424017,-1.658710718154907
1777498733230229760,-0.004042140673846006,0.005634089931845665,-1.658677458763123
1777498733240235776,-0.003754266072064638,0.006923763081431389,-1.658671855926514
1777498733250452992,-0.003776812925934792,0.007196652237325907,-1.65855348110199
1777498733260649984,-0.00392172671854496,0.007363924290984869,-1.658374071121216
1777498733270827776,-0.004019801039248705,0.007415443193167448,-1.658236265182495
1777498733280986112,-0.003853744128718972,0.007714415900409222,-1.658108592033386
1777498733291125248,-0.003931333776563406,0.007703459355980158,-1.658013939857483
1777498733301244416,-0.003920831717550755,0.007354102563112974,-1.657912015914917
1777498733311344128,-0.004057388287037611,0.006500555202364922,-1.657839775085449
1777498733321424384,-0.00414591608569026,0.00591110996901989,-1.65783953666687
1777498733331485184,-0.0040882658213377,0.005148035008460283,-1.657911419868469
1777498733341526272,-0.00424728449434042,0.004333456978201866,-1.65801477432251
1777498733351548416,-0.004217684734612703,0.003192690666764975,-1.658219933509827
1777498733361554432,-0.004365254659205675,0.00208870111964643,-1.658472061157227
1777498733371540992,-0.004437631461769342,0.0008590479847043753,-1.6588454246521
1777498733381508608,-0.004371379502117634,-0.0002862857363652438,-1.659301280975342
1777498733391457024,-0.004247350618243217,-0.001449553412385285,-1.659786105155945
1777498733401387008,-0.0038833012804389,-0.002708978019654751,-1.660344123840332
1777498733411297536,-0.003424953203648329,-0.00403476320207119,-1.660933017730713
1777498733421188864,-0.003093130188062787,-0.005353246815502644,-1.661532163619995
1777498733431060992,-0.002802318427711725,-0.006523301359266043,-1.662166476249695
1777498733440914432,-0.002561901463195682,-0.00763730937615037,-1.662826657295227
1777498733450748928,-0.002468281658366323,-0.008628515526652336,-1.663481116294861
1777498733460564224,-0.002378402044996619,-0.009670601226389408,-1.664145827293396
1777498733470360576,-0.002601196290925145,-0.0105119114741683,-1.664812803268433
1777498733480137984,-0.002837658859789371,-0.01129079330712557,-1.665530323982239
1777498733490355712,-0.002907201182097197,-0.01170034520328045,-1.666270136833191
1777498733500553472,-0.002479704562574625,-0.01211499702185392,-1.667107343673706
1777498733510731264,-0.001894281478598714,-0.01246618572622538,-1.667992830276489
1777498733520889344,-0.001385840936563909,-0.01298297662287951,-1.668929100036621
1777498733531028992,-0.001043417258188128,-0.0131994616240263,-1.669863820075989
1777498733541148928,-0.001175191486254334,-0.01280414778739214,-1.670654892921448
1777498733551249152,-0.000882232328876853,-0.01234536524862051,-1.671137690544128
1777498733561329664,-0.001054945401847363,-0.01217344030737877,-1.671519160270691
1777498733571391232,-0.002024970250204206,-0.01223539467900991,-1.671782970428467
1777498733581432832,-0.002732351422309875,-0.01140169892460108,-1.67214572429657
1777498733591454720,-0.002823563059791923,-0.01033477392047644,-1.672596454620361
1777498733601457408,-0.002809951081871986,-0.009503301233053207,-1.67308247089386
1777498733611440896,-0.002991499844938517,-0.009354989975690842,-1.673487067222595
1777498733621404672,-0.002618715632706881,-0.008742987178266048,-1.673933386802673
1777498733631348736,-0.001854993519373238,-0.007757287938147783,-1.674463748931885
1777498733641273856,-0.00120126677211374,-0.006588889751583338,-1.67495584487915
1777498733651179264,-0.001006896956823766,-0.005858452059328556,-1.675364255905151
1777498733661065472,-0.0008374737808480859,-0.004911565687507391,-1.67566990852356
1777498733670935552,-0.0008380960789509118,-0.003762022359296679,-1.675952076911926
1777498733680789248,-0.0008350838324986398,-0.002176784910261631,-1.676175594329834
1777498733690624000,-0.001286458107642829,-0.000886224617715925,-1.676328897476196
1777498733700439296,-0.001532003981992602,0.0005535414675250649,-1.676406145095825
1777498733710235648,-0.001736615435220301,0.001939863082952797,-1.676468133926392
1777498733720013312,-0.001843152567744255,0.003374974709004164,-1.676456093788147
1777498733730232320,-0.001919338130392134,0.004682387690991163,-1.676443576812744
1777498733740431360,-0.001889811363071203,0.005896978545933962,-1.676362991333008
1777498733750610688,-0.001797956880182028,0.006816431879997253,-1.676280975341797
1777498733760771328,-0.001683351350948215,0.007632833439856768,-1.676134705543518
1777498733770912256,-0.00174110836815089,0.00829133577644825,-1.67597758769989
1777498733781033728,-0.001707263407297432,0.009095173329114914,-1.675803303718567
1777498733791135488,-0.001757828169502318,0.009691264480352402,-1.675664782524109
1777498733801217792,-0.001909706625156105,0.01024515740573406,-1.675492405891418
1777498733811280640,-0.002009450225159526,0.01060452032834291,-1.675360918045044
1777498733821324288,-0.001975078601390123,0.01087907049804926,-1.675221920013428
1777498733831347968,-0.001849502208642662,0.01106460858136415,-1.675151467323303
1777498733841354496,-0.001838588039390743,0.0111980028450489,-1.675146460533142
1777498733851343360,-0.001742166467010975,0.01119209174066782,-1.675193309783936
1777498733861313280,-0.001574532594531775,0.01111630536615849,-1.675260066986084
1777498733871264000,-0.001422345289029181,0.010761140845716,-1.675321936607361
1777498733881195520,-0.001405881368555129,0.01049469970166683,-1.675448417663574
1777498733891108096,-0.001074926578439772,0.01065552327781916,-1.675639867782593
1777498733901001216,-0.0008044086280278862,0.01087801624089479,-1.675947666168213
1777498733910875136,-0.0003509619564283639,0.01092787645757198,-1.676301002502441
1777498733920730112,-0.0001467555557610467,0.01073484215885401,-1.676617860794067
1777498733930566400,0.0002865385904442519,0.01050863415002823,-1.676899313926697
1777498733940383488,0.0008498069364577532,0.0104812029749155,-1.677197098731995
1777498733950181632,0.00131296506151557,0.01051845215260983,-1.677431583404541
1777498733959960576,0.001530636800453067,0.01024485006928444,-1.67756175994873
1777498733970185216,0.001710379030555487,0.01012655440717936,-1.677484631538391
1777498733980389888,0.001693242695182562,0.00982053205370903,-1.677335381507874
1777498733990575616,0.001413636957295239,0.009615363553166389,-1.677107214927673
1777498734000741888,0.001062358380295336,0.009262535721063614,-1.676726818084717
1777498734010888192,0.0005101852584630251,0.009112481027841568,-1.676233887672424
1777498734021014784,-0.0002214710548287258,0.008810598403215408,-1.675591111183167
1777498734031121664,-0.0002556921099312603,0.008661450818181038,-1.674861192703247
1777498734041209344,-0.0002034641074715182,0.007955762557685375,-1.6742182970047
1777498734051277312,-0.0004881429485976696,0.007497937418520451,-1.673530101776123
1777498734061325824,-0.0003655439359135926,0.007327912840992212,-1.672896504402161
1777498734071355136,0.0001914527674671263,0.007370040286332369,-1.672297358512878
1777498734081365760,0.000249044387601316,0.006765501108020544,-1.671625137329102
1777498734091359744,0.0002269095275551081,0.006072774063795805,-1.670864820480347
1777498734101334272,0.0004749352519866079,0.005812887568026781,-1.670089483261108
1777498734111289856,0.0009279539808630943,0.005681093316525221,-1.669249415397644
1777498734121225984,0.001192374620586634,0.005437000188976526,-1.668354511260986
1777498734131142912,0.0009935921989381313,0.004979184828698635,-1.66731321811676
1777498734141040640,0.0008519736002199352,0.004670843482017517,-1.666194200515747
1777498734150919168,0.0005752426804974675,0.004678427241742611,-1.665066480636597
1777498734160778240,0.0003050916129723191,0.004694363102316856,-1.663891434669495
1777498734170619136,-0.0001091949015972205,0.004393516574054956,-1.662638664245605
1777498734180440576,-0.0003486330970190465,0.004266020376235247,-1.661360740661621
1777498734190243072,-0.0006327055161818862,0.00423373794183135,-1.660138964653015
1777498734200026624,-0.0006651317817158997,0.004497947636991739,-1.658957719802856
1777498734210026240,-0.0009439460700377822,0.004912697710096836,-1.657872438430786
1777498734220241152,-0.0009388900361955166,0.005515558179467916,-1.656830191612244
1777498734230436608,-0.000786488177254796,0.006175199057906866,-1.655885219573975
1777498734240612352,-0.0003397588152438402,0.006913457531481981,-1.65502941608429
1777498734250768384,-9.644048986956477e-05,0.007843985222280025,-1.654280781745911
1777498734260904704,0.0002449118182994425,0.008961725048720837,-1.653617143630981
1777498734271021824,0.0002769638667814434,0.0102739417925477,-1.653043031692505
1777498734281121280,0.0005842269747518003,0.01154701504856348,-1.652497291564941
1777498734291201024,0.0006563352071680129,0.01293608825653791,-1.651928067207336
1777498734301261568,0.0007349919760599732,0.01405937131494284,-1.651304125785828
1777498734311302656,0.000767750374507159,0.0153067409992218,-1.650680303573608
1777498734321324288,0.0007710987702012062,0.01629197970032692,-1.650000929832458
1777498734331326720,0.000697227253112942,0.01729309558868408,-1.649238348007202
1777498734341309696,0.0005835427436977625,0.01814532466232777,-1.648452639579773
1777498734351273216,0.000488898775074631,0.01892997696995735,-1.647652268409729
1777498734361218048,0.0004236996755935252,0.0194512140005827,-1.646818280220032
1777498734371143680,0.0003639567585196346,0.01992330886423588,-1.645971775054932
1777498734381049600,0.0002295314334332943,0.02024467289447784,-1.645150303840637
1777498734390937344,0.0003738082305062562,0.02064376324415207,-1.644322752952576
1777498734400805888,0.0004201952542643994,0.02086567133665085,-1.643555998802185
1777498734410654976,0.0006140574696473777,0.0209874901920557,-1.642795562744141
1777498734420484864,0.0007923116208985448,0.02102002874016762,-1.642109632492065
1777498734430295040,0.0008587047341279685,0.0209864154458046,-1.641461253166199
1777498734440087296,0.0009918847354128957,0.02100642211735249,-1.640878081321716
1777498734450092032,0.001173189491964877,0.02109897509217262,-1.640349745750427
1777498734460308736,0.001223775441758335,0.02106978930532932,-1.639811396598816
1777498734470505472,0.001390342134982347,0.02103116177022457,-1.639246702194214
1777498734480683264,0.001700706081464887,0.02096982672810555,-1.638617634773254
1777498734490841344,0.002090432215481997,0.02072454988956451,-1.637973189353943
1777498734500979968,0.002637475961819291,0.02067103236913681,-1.637306213378906
1777498734511098624,0.002992434892803431,0.02050991728901863,-1.63666296005249
1777498734521198080,0.003468765877187252,0.02056958712637424,-1.63596248626709
1777498734531277568,0.003397991880774498,0.02017924003303051,-1.635154843330383
1777498734541337344,0.002998331096023321,0.01999352313578129,-1.634087324142456
1777498734551377408,0.002289846539497375,0.01956474035978317,-1.632784605026245
1777498734561398528,0.001492909505032003,0.0193048994988203,-1.631321787834167
1777498734571399936,0.0007880268967710435,0.01897497475147247,-1.629825234413147
1777498734581381632,-4.034459198010154e-05,0.01882282271981239,-1.62832772731781
1777498734591344128,-0.0005390663864091039,0.01869028061628342,-1.626863479614258
1777498734601291520,-0.001163792214356363,0.01834160089492798,-1.625475645065308
1777498734611219712,-0.0009067128994502127,0.01804189383983612,-1.624092578887939
1777498734621128960,-0.0008018335793167353,0.01745559088885784,-1.622772455215454
1777498734631019008,-0.0004883435321971774,0.01689667254686356,-1.621431469917297
1777498734640890112,-0.0003166084352415055,0.01657476648688316,-1.620149493217468
1777498734650741760,-0.0001528860593680292,0.01642848737537861,-1.618912577629089
1777498734660574464,-0.0002378228673478588,0.01640145294368267,-1.61766242980957
1777498734670387712,-0.0006869525532238185,0.0161784365773201,-1.616426587104797
1777498734680182272,-0.001221367507241666,0.01617861725389957,-1.615191459655762
1777498734690188032,-0.001681594643741846,0.01606482453644276,-1.614006042480469
1777498734700404224,-0.001914590131491423,0.01615406200289726,-1.612849950790405
1777498734710600704,-0.001951432437635958,0.01609126478433609,-1.611806392669678
1777498734720778240,-0.001819454482756555,0.01615380309522152,-1.610837697982788
1777498734730936064,-0.001484622596763074,0.01624622754752636,-1.609969615936279
1777498734741074176,-0.001224936684593558,0.01647366769611835,-1.609233736991882
1777498734751192576,-0.00109837728086859,0.0166979506611824,-1.608540177345276
1777498734761292032,-0.001010337611660361,0.01703572273254395,-1.607886910438538
1777498734771371264,-0.00113425706513226,0.01742574200034142,-1.607308626174927
1777498734781431296,-0.001317361486144364,0.01782346703112125,-1.606784343719482
1777498734791471872,-0.001584736397489905,0.01833344250917435,-1.606339454650879
1777498734801493504,-0.001737601007334888,0.01886093802750111,-1.605944037437439
1777498734811495680,-0.00168284319806844,0.01934965141117573,-1.605602383613586
1777498734821479936,-0.001420400105416775,0.01974610239267349,-1.605218768119812
1777498734831446272,-0.001230615423992276,0.01995068415999413,-1.604780912399292
1777498734841393152,-0.0009689565631560981,0.02019287832081318,-1.604310631752014
1777498734851320576,-0.0006226383266039193,0.02030322514474392,-1.60380482673645
1777498734861228288,-0.0007751740049570799,0.02030878327786922,-1.603320956230164
1777498734871117056,-0.0007006944506429136,0.02022157050669193,-1.602796792984009
1777498734880986368,-0.0008077779784798622,0.01996650733053684,-1.602285027503967
1777498734890836736,-0.0009139361791312695,0.0196970384567976,-1.60174548625946
1777498734900667904,-0.0009900071891024709,0.01930186338722706,-1.601221084594727
1777498734910480384,-0.0008105629240162671,0.01882362924516201,-1.600687265396118
1777498734920273408,-0.0006468673818744719,0.01816113106906414,-1.600128769874573
1777498734930047488,-0.0005404201219789684,0.0173836462199688,-1.599552989006042
1777498734940265728,-0.0003651312727015465,0.01655041426420212,-1.598962187767029
1777498734950464512,-0.0001271092769457027,0.01557134930044413,-1.598312377929688
1777498734960643584,-0.0002097187971230596,0.01455300208181143,-1.597621440887451
1777498734970803712,-0.0005045933648943901,0.01337624806910753,-1.596868395805359
1777498734980944384,-0.0008282984490506351,0.012233791872859,-1.596063852310181
1777498734991065088,-0.001075435313396156,0.01097376924008131,-1.595182418823242
1777498735001166592,-0.001427417271770537,0.00961669348180294,-1.594252824783325
1777498735011248384,-0.001723624067381024,0.00820036418735981,-1.5932856798172
1777498735021310720,-0.0018663628725335,0.006832515355199575,-1.592360138893127
1777498735031353600,-0.001964253140613437,0.005387937650084496,-1.591429233551025
1777498735041377280,-0.002222638577222824,0.003934942185878754,-1.590529441833496
1777498735051382016,-0.002478265669196844,0.002623822307214141,-1.589683771133423
1777498735061368576,-0.002446170197799802,0.001384864212013781,-1.588880181312561
1777498735071337216,-0.00263496465049684,0.0001231513451784849,-1.588119029998779
1777498735081286400,-0.002731712767854333,-0.001154876896180212,-1.587400317192078
1777498735091216384,-0.002799995243549347,-0.002359116449952126,-1.586695194244385
1777498735101127168,-0.002747061429545283,-0.003398963250219822,-1.586031198501587
1777498735111018496,-0.002431415254250169,-0.004371567629277706,-1.585389375686646
1777498735120890624,-0.002122324891388416,-0.005377067252993584,-1.584758043289185
1777498735130743296,-0.001675711129792035,-0.006303186062723398,-1.584160685539246
1777498735140577280,-0.001392810838297009,-0.006985162850469351,-1.583619475364685
1777498735150392320,-0.001155079924501479,-0.007778055034577847,-1.583110570907593
1777498735160188160,-0.001221654121764004,-0.008139883168041706,-1.582629680633545
1777498735169965056,-0.001304775942116976,-0.008655468933284283,-1.58199155330658
1777498735180184320,-0.001573038171045482,-0.008792676962912083,-1.581190347671509
1777498735190383616,-0.001799578312784433,-0.009397068992257118,-1.580295324325562
1777498735200563200,-0.001996750244870782,-0.009425983764231205,-1.579291939735413
1777498735210722816,-0.002205373253673315,-0.009617336094379425,-1.578302621841431
1777498735220862720,-0.00214399048127234,-0.009086270816624165,-1.577311754226685
1777498735230982912,-0.00147954176645726,-0.008759851567447186,-1.576276659965515
1777498735241083136,-0.001227373257279396,-0.008374381810426712,-1.575200200080872
1777498735251163648,-0.000923045736271888,-0.008204891346395016,-1.574008703231812
1777498735261225984,-0.0006892941892147064,-0.007784161251038313,-1.572674989700317
1777498735271270144,-0.0002771939325612038,-0.00766733568161726,-1.571243286132812
1777498735281294848,-0.0002039422543020919,-0.007287818007171154,-1.569705247879028
1777498735291300096,-0.0003084995842073113,-0.007433209102600813,-1.568045616149902
1777498735301286144,-0.0006014599348418415,-0.007193094119429588,-1.566311717033386
1777498735311253248,-0.001106012845411897,-0.007256648503243923,-1.564494490623474
1777498735321200896,-0.00160373467952013,-0.007187284529209137,-1.562655210494995
1777498735331129344,-0.00209634262137115,-0.007342372555285692,-1.560741424560547
1777498735341038592,-0.002618945436552167,-0.007354969158768654,-1.558881998062134
1777498735350928896,-0.002976285526528955,-0.007392578292638063,-1.557068705558777
1777498735360800000,-0.003402673173695803,-0.00732446601614356,-1.555321097373962
1777498735370651648,-0.004151382017880678,-0.007308750413358212,-1.553600788116455
1777498735380484352,-0.004599187523126602,-0.007121915463358164,-1.552021980285645
1777498735390297600,-0.004898421466350555,-0.00699158338829875,-1.550534248352051
1777498735400091648,-0.005221831146627665,-0.007027887273579836,-1.549157023429871
1777498735409866752,-0.005376465618610382,-0.007016490213572979,-1.547919273376465
1777498735420092160,-0.005290937144309282,-0.007047209888696671,-1.546815037727356
1777498735430298112,-0.005040078889578581,-0.006971131078898907,-1.545763254165649
1777498735440484352,-0.004681344609707594,-0.007176344748586416,-1.544717192649841
1777498735450650624,-0.004354447592049837,-0.0073922467418015,-1.543692231178284
1777498735460797440,-0.004056082107126713,-0.007631659042090178,-1.542683005332947
1777498735470925824,-0.003909942228347063,-0.007872256450355053,-1.541705846786499
1777498735481034240,-0.004094292875379324,-0.008162189275026321,-1.540777802467346
1777498735491123200,-0.004444009624421597,-0.00843125581741333,-1.539924383163452
1777498735501192448,-0.004969416651874781,-0.008634002879261971,-1.539150357246399
1777498735511242496,-0.005484987981617451,-0.009065077640116215,-1.538450479507446
1777498735521273088,-0.005845811683684587,-0.009220778942108154,-1.537851333618164
1777498735531283968,-0.005981178022921085,-0.00983766932040453,-1.537352681159973
1777498735541275392,-0.006057425402104855,-0.01006401143968105,-1.536970376968384
1777498735551247616,-0.005993871483951807,-0.01081196218729019,-1.536664247512817
1777498735561200128,-0.005890352185815573,-0.01098678354173899,-1.536451578140259
1777498735571133440,-0.005994050763547421,-0.01166681759059429,-1.536336660385132
1777498735581046784,-0.006139462348073721,-0.01174366660416126,-1.536301016807556
1777498735590940928,-0.006116874516010284,-0.01213429123163223,-1.536354780197144
1777498735600815360,-0.006421809550374746,-0.01230148691684008,-1.536361813545227
1777498735610670848,-0.007015136070549488,-0.01271810568869114,-1.536426424980164
1777498735620506624,-0.007723576854914427,-0.01285261195152998,-1.536399364471436
1777498735630324480,-0.008200257085263729,-0.01294659916311502,-1.536359786987305
1777498735640126720,-0.00837487168610096,-0.01293647661805153,-1.536365747451782
1777498735649913344,-0.008650974370539188,-0.01301717665046453,-1.53643000125885
1777498735659914240,-0.008557470515370369,-0.01295832451432943,-1.5365229845047
1777498735670128640,-0.008578960783779621,-0.01309927459806204,-1.536682724952698
1777498735680323584,-0.008391592651605606,-0.01303715165704489,-1.536825299263
1777498735690498560,-0.008333249948918819,-0.01309562008827925,-1.53695821762085
1777498735700654080,-0.008471783250570297,-0.01308807451277971,-1.537012100219727
1777498735710789888,-0.008557761088013649,-0.01313845068216324,-1.537032723426819
1777498735720905984,-0.008719133213162422,-0.01323608960956335,-1.537002682685852
1777498735731002624,-0.009068645536899567,-0.0132240504026413,-1.536903142929077
1777498735741080576,-0.009351535700261593,-0.01334045734256506,-1.53667414188385
1777498735751140352,-0.009650805965065956,-0.01348884031176567,-1.536326289176941
1777498735761180928,-0.009832835756242275,-0.0135802673175931,-1.53593373298645
1777498735771201536,-0.009844139218330383,-0.01365523599088192,-1.535562992095947
1777498735781202944,-0.009710255078971386,-0.0136083560064435,-1.535121560096741
1777498735791185152,-0.009559080004692078,-0.0136171942576766,-1.534645199775696
1777498735801147904,-0.009435267187654972,-0.01354397367686033,-1.534090995788574
1777498735811091200,-0.009120825678110123,-0.01346019748598337,-1.533430218696594
1777498735821015296,-0.009009306319057941,-0.01345028355717659,-1.532659769058228
1777498735830920448,-0.008993698284029961,-0.01354620978236198,-1.53183913230896
1777498735840806144,-0.008821930736303329,-0.01349111553281546,-1.531023979187012
1777498735850672640,-0.008677786216139793,-0.01335204858332872,-1.530236840248108
1777498735860519936,-0.00867083203047514,-0.01334705762565136,-1.529544472694397
1777498735870347520,-0.008537364192306995,-0.01336782984435558,-1.528955340385437
1777498735880156160,-0.008422832936048508,-0.01338496524840593,-1.528470635414124
1777498735889945856,-0.00841186847537756,-0.01337196212261915,-1.528092384338379
1777498735899948800,-0.008344332687556744,-0.01339992415159941,-1.527851223945618
1777498735910164736,-0.008337191306054592,-0.01336352620273829,-1.527721285820007
1777498735920360960,-0.008400242775678635,-0.01337062194943428,-1.527706503868103
1777498735930538496,-0.008448329754173756,-0.01333781611174345,-1.527776837348938
1777498735940696576,-0.008518937975168228,-0.01335233356803656,-1.527902841567993
1777498735950834688,-0.008652505464851856,-0.01340608298778534,-1.528078198432922
1777498735960953344,-0.00874058622866869,-0.01340802945196629,-1.528291940689087
1777498735971052544,-0.008886595256626606,-0.01345900353044271,-1.52849292755127
1777498735981132288,-0.0090693524107337,-0.01346523314714432,-1.528634309768677
1777498735991192320,-0.009414510801434517,-0.01356438081711531,-1.528727412223816
1777498736001232640,-0.009580107405781746,-0.01337182428687811,-1.528847813606262
1777498736011255808,-0.009664739482104778,-0.0134621923789382,-1.529028296470642
1777498736021260800,-0.009836155921220779,-0.01352285221219063,-1.52916145324707
1777498736031246336,-0.009828583337366581,-0.01364262588322163,-1.529314398765564
1777498736041212416,-0.009867674671113491,-0.01351252663880587,-1.52951443195343
1777498736051159040,-0.00993670616298914,-0.01358956750482321,-1.529677867889404
1777498736061086720,-0.009967497549951077,-0.01362719014286995,-1.529836058616638
1777498736070994688,-0.010080860927701,-0.01365716848522425,-1.530028104782104
1777498736080883200,-0.0100883524864912,-0.01366460509598255,-1.530176639556885
1777498736090752768,-0.009955104440450668,-0.01366075221449137,-1.530334115028381
1777498736100603392,-0.01011957507580519,-0.01365860179066658,-1.530483961105347
1777498736110434560,-0.01016885600984097,-0.0138623621314764,-1.530564188957214
1777498736120246528,-0.01008192822337151,-0.0137025248259306,-1.530637145042419
1777498736130039808,-0.01013033464550972,-0.01367932930588722,-1.530709028244019
1777498736140044800,-0.01019252371042967,-0.01378621719777584,-1.530686974525452
1777498736150261248,-0.01002246141433716,-0.0136657003313303,-1.530633211135864
1777498736160458496,-0.01015064120292664,-0.0137234115973115,-1.530552625656128
1777498736170636032,-0.01007652003318071,-0.01377830747514963,-1.530384421348572
1777498736180794368,-0.009936989285051823,-0.01371663901954889,-1.530183076858521
1777498736190932736,-0.009974359534680843,-0.0137320002540946,-1.529968857765198
1777498736201051904,-0.009935392066836357,-0.01373648177832365,-1.529771089553833
1777498736211151360,-0.00985198188573122,-0.01366595737636089,-1.529638409614563
1777498736221231616,-0.009872558526694775,-0.0136509332805872,-1.529537677764893
1777498736231292160,-0.009839700534939766,-0.01369578577578068,-1.529474854469299
1777498736241332992,-0.009795766323804855,-0.01370876748114824,-1.529448866844177
1777498736251355136,-0.009858320467174053,-0.0137080866843462,-1.529467582702637
1777498736261358592,-0.009861848317086697,-0.01373044401407242,-1.529523253440857
1777498736271342592,-0.009873443283140659,-0.01367735117673874,-1.529599785804749
1777498736281310208,-0.0099447937682271,-0.01369180344045162,-1.529686093330383
1777498736291258368,-0.009972020052373409,-0.01370996329933405,-1.529759645462036
1777498736301187072,-0.009970656596124172,-0.01372999884188175,-1.529821753501892
1777498736311096576,-0.009983162395656109,-0.01371059287339449,-1.529872179031372
1777498736320986880,-0.009974301792681217,-0.01371874753385782,-1.529889464378357
1777498736330857984,-0.009970364160835743,-0.01371474470943213,-1.529886364936829
1777498736340709888,-0.009968961589038372,-0.01370273157954216,-1.529854655265808
1777498736350542336,-0.009940004907548428,-0.01369931828230619,-1.529803276062012
1777498736360356096,-0.009874771349132061,-0.01367149874567986,-1.529754757881165
1777498736370150912,-0.009848648682236671,-0.01367747317999601,-1.529691219329834
1777498736379926528,-0.00982873048633337,-0.01366966590285301,-1.529624462127686
1777498736390144512,-0.009888996370136738,-0.0136704295873642,-1.529576420783997
1777498736400342784,-0.009964213706552982,-0.01348757091909647,-1.52960479259491
1777498736410521600,-0.009845848195254803,-0.01361807435750961,-1.529723525047302
1777498736420680448,-0.009558117017149925,-0.01343510206788778,-1.52976131439209
1777498736430821120,-0.00949831772595644,-0.01358793955296278,-1.529626250267029
1777498736440942592,-0.009767595678567886,-0.01375042926520109,-1.529405355453491
1777498736451044352,-0.009525169618427753,-0.01365525927394629,-1.529311060905457
1777498736461126656,-0.009352251887321472,-0.0135561004281044,-1.529264330863953
1777498736471190016,-0.009502056986093521,-0.0136521952226758,-1.529148697853088
1777498736481233920,-0.009432204067707062,-0.01369934994727373,-1.528984308242798
1777498736491258368,-0.009054923430085182,-0.0134428134188056,-1.528834462165833
1777498736501263104,-0.008990016765892506,-0.01372111868113279,-1.528628468513489
1777498736511249152,-0.009012619033455849,-0.01364875305444002,-1.528487086296082
1777498736521215744,-0.0089435875415802,-0.01382054109126329,-1.528440475463867
1777498736531162880,-0.009042355231940746,-0.01359159871935844,-1.528408646583557
1777498736541091072,-0.008917519822716713,-0.01358749903738499,-1.528380990028381
1777498736550999808,-0.008987389504909515,-0.01357027143239975,-1.528337001800537
1777498736560889088,-0.008918040432035923,-0.01366741023957729,-1.528396010398865
1777498736570762240,-0.008875293657183647,-0.01372364722192287,-1.52850615978241
1777498736580619264,-0.008966628462076187,-0.01373698841780424,-1.528583645820618
1777498736590456832,-0.009047658182680607,-0.01371708977967501,-1.528668403625488
1777498736600275712,-0.009066707454621792,-0.01357217226177454,-1.528778076171875
1777498736610075136,-0.009068327955901623,-0.01359329838305712,-1.528899908065796
1777498736619855616,-0.009122368879616261,-0.01367669366300106,-1.528944969177246
1777498736630075136,-0.009147533215582371,-0.01377757918089628,-1.528957843780518
1777498736640274944,-0.009125269018113613,-0.0137046379968524,-1.528967380523682
1777498736650454784,-0.009069344028830528,-0.01367627084255219,-1.52895450592041
1777498736660616192,-0.009142334572970867,-0.01369210053235292,-1.528900146484375
1777498736670757632,-0.009167475625872612,-0.01373874861747026,-1.528812646865845
1777498736680879616,-0.009105141274631023,-0.01368023082613945,-1.52874231338501
1777498736690981888,-0.009059983305633068,-0.01365251559764147,-1.528652906417847
1777498736701064960,-0.009034257382154465,-0.01368642598390579,-1.528568863868713
1777498736711128320,-0.009038006886839867,-0.01372071076184511,-1.528497576713562
1777498736721172480,-0.008998114615678787,-0.01372424140572548,-1.528474926948547
1777498736731197440,-0.008997409604489803,-0.01369045022875071,-1.528469324111938
1777498736741206272,-0.009014995768666267,-0.01367296185344458,-1.528477072715759
1777498736751195904,-0.009016592055559158,-0.01367819774895906,-1.528507947921753
1777498736761166080,-0.008985676802694798,-0.01369105372577906,-1.528557896614075
1777498736771116800,-0.008992412127554417,-0.0137286214157939,-1.528627753257751
1777498736781048320,-0.009018788114190102,-0.01372178643941879,-1.528682351112366
1777498736790960384,-0.009034710004925728,-0.01369319204241037,-1.528747081756592
1777498736800853248,-0.009052836336195469,-0.01365922670811415,-1.5287926197052
1777498736810726912,-0.009052863344550133,-0.01368622947484255,-1.528826594352722
1777498736820581888,-0.009071004576981068,-0.01370468642562628,-1.528838038444519
1777498736830417664,-0.009054119698703289,-0.0137064615264535,-1.528836965560913
1777498736840233984,-0.009059645235538483,-0.01367137301713228,-1.528826594352722
1777498736850030848,-0.009060045704245567,-0.01367571763694286,-1.528802633285522
1777498736859809024,-0.009058281779289246,-0.01368306577205658,-1.528773427009583
1777498736870034432,-0.009058544412255287,-0.01369932293891907,-1.528741717338562
1777498736880239872,-0.009044056758284569,-0.01370516419410706,-1.528702974319458
1777498736890425344,-0.00902533158659935,-0.0136891808360815,-1.528664469718933
1777498736900591872,-0.009008432738482952,-0.01369693502783775,-1.528642416000366
1777498736910739200,-0.008999090641736984,-0.01369484141469002,-1.52862024307251
1777498736920866816,-0.008996885269880295,-0.01370500866323709,-1.528610587120056
1777498736930974720,-0.008996491320431232,-0.01368160452693701,-1.528615117073059
1777498736941063424,-0.008983628824353218,-0.01367577165365219,-1.52863085269928
1777498736951132160,-0.008989555761218071,-0.013670121319592,-1.5286545753479
1777498736961181440,-0.008992928080260754,-0.01369475666433573,-1.528682470321655
1777498736971211776,-0.009003732353448868,-0.01368983089923859,-1.528714537620544
1777498736981223424,-0.009007915854454041,-0.01367835234850645,-1.528744339942932
1777498736991219200,-0.009022430516779423,-0.01367142703384161,-1.528764009475708
1777498737001195520,-0.009032809175550938,-0.01368432678282261,-1.528780221939087
1777498737011152384,-0.0090299928560853,-0.01370701473206282,-1.528791189193726
1777498737021089792,-0.009030845016241074,-0.013706942088902,-1.528791666030884
1777498737031008000,-0.009026482701301575,-0.01370683684945107,-1.52878725528717
1777498737040906752,-0.009027304127812386,-0.01369728520512581,-1.528772354125977
1777498737050786048,-0.009022010490298271,-0.01371306926012039,-1.528759360313416
1777498737060646400,-0.009015757590532303,-0.01371731702238321,-1.528738498687744
1777498737070487808,-0.009004384279251099,-0.01371872518211603,-1.528716802597046
1777498737080310016,-0.008997907862067223,-0.01370278652757406,-1.528693675994873
1777498737090112768,-0.008987600915133953,-0.01370659284293652,-1.528673768043518
1777498737099896320,-0.008987251669168472,-0.01370870042592287,-1.528664469718933
1777498737109896192,-0.00898149237036705,-0.0137108163908124,-1.528663158416748
1777498737120111616,-0.008979374542832375,-0.01370544172823429,-1.528664827346802
1777498737130307328,-0.008970432914793491,-0.01370086614042521,-1.52867603302002
1777498737140483328,-0.008961240760982037,-0.01370765920728445,-1.528685450553894
1777498737150639616,-0.008971076458692551,-0.01371405366808176,-1.528702616691589
1777498737160776448,-0.008969925343990326,-0.01372161041945219,-1.528719544410706
1777498737170893568,-0.008972593583166599,-0.01371730584651232,-1.528730869293213
1777498737180993024,-0.008977446705102921,-0.01371447276324034,-1.528737187385559
1777498737191073536,-0.008978294208645821,-0.01371302083134651,-1.528744220733643
1777498737201134336,-0.008975283242762089,-0.01371964812278748,-1.52875030040741
1777498737211175936,-0.008967475965619087,-0.01371588185429573,-1.528749346733093
1777498737221198080,-0.008968275040388107,-0.01371131185442209,-1.528740763664246
1777498737231200768,-0.008969949558377266,-0.01371053140610456,-1.528733015060425
1777498737241184000,-0.008965848013758659,-0.0137154208496213,-1.528723955154419
1777498737251147776,-0.008963046595454216,-0.01372188329696655,-1.528710007667542
1777498737261092864,-0.008957319892942905,-0.01372478529810905,-1.528697371482849
1777498737271018752,-0.008950277231633663,-0.01372336968779564,-1.528687834739685
1777498737280925440,-0.008948222734034061,-0.01372916530817747,-1.528676152229309
1777498737290812672,-0.008938994258642197,-0.01373202912509441,-1.5286705493927
1777498737300680448,-0.008938442915678024,-0.01373524311929941,-1.528668761253357
1777498737310529280,-0.008936025202274323,-0.01373283937573433,-1.52867329120636
1777498737320358912,-0.00894144456833601,-0.01372756343334913,-1.528683543205261
1777498737330169600,-0.008938952349126339,-0.01373359002172947,-1.528691530227661
1777498737339962112,-0.008936797268688679,-0.01374203059822321,-1.528704047203064
1777498737349966848,-0.008943828754127026,-0.01374879200011492,-1.528722167015076
1777498737360182784,-0.008946589194238186,-0.01374821830540895,-1.528737306594849
1777498737370378752,-0.008944249711930752,-0.01374352723360062,-1.528746604919434
1777498737380555776,-0.00894501805305481,-0.01375350449234247,-1.528749704360962
1777498737390713088,-0.008940380066633224,-0.01375645585358143,-1.528754353523254
1777498737400850688,-0.008937472477555275,-0.01375536993145943,-1.528756022453308
1777498737410968832,-0.008932851254940033,-0.01374772470444441,-1.528749585151672
1777498737421068032,-0.008927954360842705,-0.01375282648950815,-1.528736710548401
1777498737431147520,-0.008920245803892612,-0.01375397387892008,-1.528723955154419
1777498737441207808,-0.008917397819459438,-0.0137562733143568,-1.528712868690491
1777498737451250432,-0.008911961689591408,-0.01374912168830633,-1.528704643249512
1777498737461275392,-0.008905436843633652,-0.01374071091413498,-1.528700470924377
1777498737471280384,-0.008902088738977909,-0.01374150812625885,-1.528701066970825
1777498737481266176,-0.008896850980818272,-0.01375029049813747,-1.528694629669189
1777498737491232256,-0.008895663544535637,-0.0137583501636982,-1.528694868087769
1777498737501179136,-0.008895293809473515,-0.01375985890626907,-1.528697848320007
1777498737511106048,-0.00889209471642971,-0.01376196648925543,-1.528705477714539
1777498737521013760,-0.008893436752259731,-0.01375733874738216,-1.528717517852783
1777498737530902528,-0.008900056593120098,-0.01375944260507822,-1.528731942176819
1777498737540771840,-0.008905270136892796,-0.01375915203243494,-1.528741121292114
1777498737550621952,-0.008908713236451149,-0.01376118697226048,-1.528745174407959
1777498737560452608,-0.008909090422093868,-0.01376246567815542,-1.528748273849487
1777498737570264320,-0.008903869427740574,-0.01376506220549345,-1.528745651245117
1777498737580056320,-0.008898711763322353,-0.01376393530517817,-1.528742432594299
1777498737590060544,-0.008893052116036415,-0.0137700792402029,-1.528731822967529
1777498737600276736,-0.008893937803804874,-0.01376565638929605,-1.528720617294312
1777498737610472960,-0.008894122205674648,-0.01376943290233612,-1.528706550598145
1777498737620650496,-0.008893260732293129,-0.01376618724316359,-1.528699040412903
1777498737630808320,-0.008892922662198544,-0.01376763638108969,-1.5286945104599
1777498737640946176,-0.008884651586413383,-0.01376788411289454,-1.528699517250061
1777498737651064832,-0.008883794769644737,-0.01377006154507399,-1.52869975566864
1777498737661163520,-0.00887322798371315,-0.01376595534384251,-1.528701066970825
1777498737671242752,-0.008873945102095604,-0.01376955956220627,-1.528700828552246
1777498737681302272,-0.008877439424395561,-0.01376437395811081,-1.528707265853882
1777498737691342080,-0.008876683190464973,-0.01375459227710962,-1.528711080551147
1777498737701362688,-0.0088786780834198,-0.01375051122158766,-1.528720021247864
1777498737711364096,-0.008879147469997406,-0.01374883949756622,-1.52872622013092
1777498737721346816,-0.008875847794115543,-0.01375347189605236,-1.52873420715332
1777498737731310080,-0.008876406587660313,-0.01375201158225536,-1.528737545013428
1777498737741256192,-0.008877776563167572,-0.01374400313943624,-1.528731346130371
1777498737751184896,-0.008882485330104828,-0.01373886223882437,-1.528727412223816
1777498737761094656,-0.008879532106220722,-0.01374127250164747,-1.528724908828735
1777498737770985216,-0.008875320665538311,-0.01373796630650759,-1.528710126876831
1777498737780856832,-0.008881025016307831,-0.01373371947556734,-1.52869975566864
1777498737790709504,-0.008879514411091805,-0.01373203843832016,-1.528692126274109
1777498737800542976,-0.00888324249535799,-0.01373436115682125,-1.528681755065918
1777498737810357248,-0.008882070891559124,-0.013738127425313,-1.528678417205811
1777498737820153088,-0.008874747902154922,-0.01374181173741817,-1.528676748275757
1777498737829929728,-0.008870091289281845,-0.01374060939997435,-1.528676390647888
1777498737840147456,-0.008862833492457867,-0.01374235283583403,-1.528678178787231
1777498737850345216,-0.008861357346177101,-0.01374656893312931,-1.528681516647339
1777498737860523520,-0.008861091919243336,-0.01374433003365993,-1.528687477111816
1777498737870681856,-0.008857312612235546,-0.01374675799161196,-1.528690695762634
1777498737880821760,-0.008849459700286388,-0.01374747883528471,-1.528698086738586
1777498737890942464,-0.008846888318657875,-0.0137501759454608,-1.528704285621643
1777498737901043968,-0.008853321895003319,-0.01375576853752136,-1.52870774269104
1777498737911126016,-0.008851975202560425,-0.01375176850706339,-1.528712749481201
1777498737921188352,-0.008848799392580986,-0.01374968513846397,-1.528712749481201
1777498737931231232,-0.008847509510815144,-0.01375140808522701,-1.528707504272461
1777498737941254656,-0.008844023570418358,-0.01375313941389322,-1.528701424598694
1777498737951258368,-0.008845734409987926,-0.01374481711536646,-1.528699398040771
1777498737961243648,-0.008843115530908108,-0.01374509464949369,-1.528693795204163
1777498737971209472,-0.008841086179018021,-0.01374076120555401,-1.528687715530396
1777498737981155840,-0.008832736872136593,-0.01373472437262535,-1.528684854507446
1777498737991083008,-0.008828062564134598,-0.0137391472235322,-1.528683423995972
1777498738000990720,-0.008820879273116589,-0.0137427281588316,-1.528687596321106
1777498738010879232,-0.008820399641990662,-0.01373416744172573,-1.528691649436951
1777498738020748288,-0.00882100872695446,-0.01373264286667109,-1.528697490692139
1777498738030598400,-0.008821258321404457,-0.01373445056378841,-1.528698325157166
1777498738040433920,-0.00882779061794281,-0.01374628487974405,-1.528703927993774
1777498738050254080,-0.008832603693008423,-0.01374573446810246,-1.528710603713989
1777498738060055552,-0.008826855570077896,-0.01373894605785608,-1.528714179992676
1777498738069837568,-0.008830060251057148,-0.01373652555048466,-1.528713703155518
1777498738080056832,-0.008827798999845982,-0.01373661309480667,-1.52871298789978
1777498738090256384,-0.008828907273709774,-0.01373179350048304,-1.528708457946777
1777498738100436736,-0.008832057937979698,-0.01373354811221361,-1.528702020645142
1777498738110597888,-0.008830190636217594,-0.01372500695288181,-1.528702855110168
1777498738120739072,-0.008824958465993404,-0.01372205466032028,-1.528699636459351
1777498738130860544,-0.008815622888505459,-0.01372881419956684,-1.528693795204163
1777498738140962560,-0.008814969100058079,-0.01373224332928658,-1.528693795204163
1777498738151044608,-0.008815271779894829,-0.01372754760086536,-1.528693199157715
1777498738161106944,-0.00880829431116581,-0.01371989585459232,-1.528696537017822
1777498738171149568,-0.008806083351373672,-0.01371478103101254,-1.528698205947876
1777498738181172736,-0.008806031197309494,-0.01371135376393795,-1.528697967529297
1777498738191176704,-0.008805245161056519,-0.01371374819427729,-1.528703927993774
1777498738201164544,-0.00880839116871357,-0.01371198147535324,-1.528708219528198
1777498738211132928,-0.008807896636426449,-0.01371480338275433,-1.528711795806885
1777498738221081856,-0.008809642866253853,-0.01371203735470772,-1.528715133666992
1777498738231011328,-0.008808419108390808,-0.01371201686561108,-1.528716921806335
1777498738240922112,-0.008808620274066925,-0.01371181476861238,-1.528721690177917
1777498738250813440,-0.008811323903501034,-0.01371267065405846,-1.528723001480103
1777498738260685312,-0.008817426860332489,-0.01371162943542004,-1.528718709945679
1777498738270537728,-0.008814548142254353,-0.01371537521481514,-1.528712153434753
1777498738280371456,-0.008810890838503838,-0.01371562108397484,-1.528709053993225
1777498738290186240,-0.00879950262606144,-0.01371655147522688,-1.528706789016724
1777498738299981568,-0.008792318403720856,-0.01371824461966753,-1.5287024974823
1777498738309757952,-0.00878133624792099,-0.01372216176241636,-1.528701066970825
1777498738319983616,-0.0087754987180233,-0.01372149493545294,-1.528699636459351
1777498738330189056,-0.008767246268689632,-0.01371964812278748,-1.528704881668091
1777498738340374784,-0.008760426193475723,-0.01371482294052839,-1.528702259063721
1777498738350540800,-0.008766446262598038,-0.01371465995907784,-1.528700232505798
1777498738360688384,-0.008765570819377899,-0.01372096594423056,-1.528696417808533
1777498738370816000,-0.008765140548348427,-0.01372425816953182,-1.528700709342957
1777498738380923904,-0.008763249032199383,-0.01372030563652515,-1.528706192970276
1777498738391012352,-0.008762447163462639,-0.01372390333563089,-1.528708577156067
1777498738401081600,-0.008764534257352352,-0.01372465863823891,-1.528704047203064
1777498738411130880,-0.008763628080487251,-0.01372763514518738,-1.528703570365906
1777498738421160448,-0.00876893475651741,-0.01372914016246796,-1.528697729110718
1777498738431170560,-0.008766248822212219,-0.01372851897031069,-1.528693079948425
1777498738441161728,-0.008766874670982361,-0.01373010501265526,-1.528692960739136
1777498738451133440,-0.008762985467910767,-0.0137333245947957,-1.528692960739136
1777498738461085696,-0.008759504184126854,-0.01372284162789583,-1.528690934181213
1777498738471018496,-0.008757025003433228,-0.01372842211276293,-1.528688311576843
1777498738480931584,-0.008755828253924847,-0.0137198343873024,-1.528687000274658
1777498738490825216,-0.008752342313528061,-0.01371958944946527,-1.528689622879028
1777498738500699648,-0.008756646886467934,-0.0137194124981761,-1.528690814971924
1777498738510554880,-0.008750799112021923,-0.01371652726083994,-1.528695106506348
1777498738520395008,-0.008755648508667946,-0.01371818222105503,-1.52869725227356
1777498738530219008,-0.008750821463763714,-0.01372280530631542,-1.528698921203613
1777498738540024320,-0.00875171460211277,-0.01372517831623554,-1.528698086738586
1777498738549810432,-0.008750622160732746,-0.01372125931084156,-1.528694748878479
1777498738559806976,-0.008756908588111401,-0.01372329983860254,-1.528692007064819
1777498738570012928,-0.008753698319196701,-0.01372517924755812,-1.528689622879028
1777498738580199168,-0.008751086890697479,-0.01372143439948559,-1.528685092926025
1777498738590366464,-0.008748345077037811,-0.01372218038886786,-1.528682351112366
1777498738600513536,-0.008744186721742153,-0.01371740270406008,-1.528682708740234
1777498738610640384,-0.008751499466598034,-0.01372003648430109,-1.528682947158813
1777498738620748288,-0.00874315295368433,-0.01372164022177458,-1.528679132461548
1777498738630835968,-0.008736665360629559,-0.01372804120182991,-1.528672933578491
1777498738640904960,-0.008733382448554039,-0.01373226661235094,-1.528668522834778
1777498738650955520,-0.008735544048249722,-0.01373348105698824,-1.528664231300354
1777498738660986624,-0.008730395697057247,-0.01372656971216202,-1.528661966323853
1777498738670997760,-0.008726686239242554,-0.01372887287288904,-1.528663516044617
1777498738680989696,-0.008726836182177067,-0.01373061537742615,-1.528665542602539
1777498738690962432,-0.008720846846699715,-0.01372692175209522,-1.528663396835327
1777498738700915456,-0.008721416816115379,-0.0137220723554492,-1.528665900230408
1777498738710849280,-0.008716991171240807,-0.01372778322547674,-1.528668522834778
1777498738720764160,-0.008711234666407108,-0.01372208818793297,-1.528664827346802
1777498738730659584,-0.008706776425242424,-0.01372751593589783,-1.528664469718933
1777498738740536320,-0.008705529384315014,-0.01372959837317467,-1.528662443161011
1777498738750393600,-0.008709650486707687,-0.01373416651040316,-1.528666138648987
1777498738760231936,-0.008708428591489792,-0.01373114250600338,-1.528661608695984
1777498738770050560,-0.008711310103535652,-0.01373213529586792,-1.528662323951721
1777498738779850240,-0.008714068681001663,-0.01373391319066286,-1.528661847114563
1777498738789630976,-0.008714046329259872,-0.01372938510030508,-1.528661608695984
1777498738799630336,-0.008712721988558769,-0.01372499112039804,-1.528661847114563
1777498738809846784,-0.008710888214409351,-0.01372166443616152,-1.5286625623703
1777498738820044032,-0.008710362948477268,-0.01372251007705927,-1.528662204742432
1777498738830222336,-0.008708491921424866,-0.01372187305241823,-1.528660893440247
1777498738840380928,-0.008703259751200676,-0.01372352801263332,-1.52865731716156
1777498738850519552,-0.008703891187906265,-0.01372019946575165,-1.528650999069214
1777498738860638720,-0.008706295862793922,-0.01371956709772348,-1.528645396232605
1777498738870738432,-0.008705441839993,-0.01371376868337393,-1.5286465883255
1777498738880818688,-0.008703019469976425,-0.01371782273054123,-1.528642416000366
1777498738890879232,-0.008706076070666313,-0.01371359173208475,-1.528641939163208
1777498738900920064,-0.008705745451152325,-0.01371144875884056,-1.528642535209656
1777498738910943744,-0.0086970254778862,-0.01371983624994755,-1.528639554977417
1777498738920949760,-0.008697154000401497,-0.01372227538377047,-1.52863883972168
1777498738930936576,-0.008705552667379379,-0.01373047474771738,-1.528633832931519
1777498738940903936,-0.008710858412086964,-0.01373488176614046,-1.528633236885071
1777498738950852352,-0.008711005561053753,-0.01373131200671196,-1.528635382652283
1777498738960781568,-0.008712218143045902,-0.01372799277305603,-1.528640389442444
1777498738970691584,-0.008706789463758469,-0.01373372878879309,-1.528640627861023
1777498738980582144,-0.008705911226570606,-0.01372668705880642,-1.528640389442444
1777498738990454016,-0.008703678846359253,-0.01372397597879171,-1.528636455535889
1777498739000307200,-0.00869367178529501,-0.01372429728507996,-1.528637170791626
1777498739010141184,-0.008696609176695347,-0.01372306235134602,-1.528640985488892
1777498739019955968,-0.00870099663734436,-0.01372020039707422,-1.528642058372498
1777498739029751808,-0.008700906299054623,-0.01371896825730801,-1.528640270233154
1777498739039758336,-0.00869928952306509,-0.01371853798627853,-1.528638124465942
1777498739049975552,-0.008698092773556709,-0.0137207331135869,-1.528635144233704
1777498739060173312,-0.008700830861926079,-0.01372456084936857,-1.528633713722229
1777498739070352128,-0.008695425465703011,-0.01372547633945942,-1.528631806373596
1777498739080510976,-0.008698265068233013,-0.01372777298092842,-1.528628349304199
1777498739090650112,-0.008705045096576214,-0.01372238900512457,-1.528626203536987
1777498739100769792,-0.008705276064574718,-0.01372487563639879,-1.528621792793274
1777498739110869504,-0.008705028332769871,-0.01372648775577545,-1.528615713119507
1777498739120949760,-0.008702908642590046,-0.013730863109231,-1.528612852096558
1777498739131010560,-0.0087027782574296,-0.01373293343931437,-1.528614521026611
1777498739141051392,-0.008703012019395828,-0.01373791228979826,-1.528611779212952
1777498739151074560,-0.008704102598130703,-0.01373173762112856,-1.528613924980164
1777498739161079808,-0.008705395273864269,-0.01373081468045712,-1.52861750125885
1777498739171065600,-0.008705209940671921,-0.01373434253036976,-1.528620362281799
1777498739181031936,-0.008701077662408352,-0.01373506337404251,-1.528619050979614
1777498739190979328,-0.008697837591171265,-0.01373999379575253,-1.528619050979614
1777498739200907520,-0.008699576370418072,-0.01373056229203939,-1.528618216514587
1777498739210816512,-0.008699359372258186,-0.01373198255896568,-1.528619647026062
1777498739220706304,-0.008692987263202667,-0.01373306475579739,-1.528623580932617
1777498739230577152,-0.008696206845343113,-0.0137363076210022,-1.528621792793274
1777498739240429056,-0.008697622455656528,-0.01372683048248291,-1.528613328933716
1777498739250262016,-0.008691117167472839,-0.01372875086963177,-1.528612732887268
1777498739260076288,-0.00868967454880476,-0.01373005658388138,-1.528615236282349
1777498739269871616,-0.008686097338795662,-0.01372421439737082,-1.528617978096008
1777498739279647744,-0.008681785315275192,-0.01372637879103422,-1.528621196746826
1777498739289866240,-0.008683011867105961,-0.01372826844453812,-1.528619885444641
1777498739300064768,-0.008685396052896976,-0.01373665127903223,-1.528619527816772
1777498739310243840,-0.008682582527399063,-0.01374190766364336,-1.528621315956116
1777498739320402944,-0.008685875684022903,-0.01374044734984636,-1.528619170188904
1777498739330542080,-0.008691659197211266,-0.01374411024153233,-1.528618693351746
1777498739340662016,-0.008697008714079857,-0.01374036632478237,-1.528620719909668
1777498739350763776,-0.008697744458913803,-0.01373764686286449,-1.528622984886169
1777498739360846592,-0.008698123507201672,-0.01374687161296606,-1.528622627258301
1777498739370909440,-0.008695293217897415,-0.01375086419284344,-1.528619170188904
1777498739380952832,-0.008685472421348095,-0.01375286560505629,-1.528619647026062
1777498739390977280,-0.008685240522027016,-0.01375221833586693,-1.528619289398193
1777498739400982016,-0.00868697464466095,-0.01375595573335886,-1.528616666793823
1777498739410967296,-0.008684622123837471,-0.01374406553804874,-1.528614640235901
1777498739420933376,-0.008684840053319931,-0.01374959945678711,-1.528616189956665
1777498739430881024,-0.008688800036907196,-0.01374620292335749,-1.528613328933716
1777498739440809728,-0.008686888962984085,-0.01375019457191229,-1.528615593910217
1777498739450718976,-0.008684185333549976,-0.01375469192862511,-1.528615593910217
1777498739460609024,-0.008677414618432522,-0.01376318093389273,-1.528622508049011
1777498739470479616,-0.008681151084601879,-0.01376647595316172,-1.528626322746277
1777498739480331264,-0.008682206273078918,-0.01376703847199678,-1.52862012386322
1777498739490163456,-0.008679742924869061,-0.01376817002892494,-1.528621673583984
1777498739499976704,-0.008684669621288776,-0.01377173140645027,-1.528628468513489
1777498739509776896,-0.008680473081767559,-0.01377352513372898,-1.528628468513489
1777498739519561216,-0.008678758516907692,-0.01377642806619406,-1.528630375862122
1777498739529780736,-0.008687270805239677,-0.01377690117806196,-1.528631687164307
1777498739539980544,-0.008682952262461185,-0.01378056313842535,-1.528632521629333
1777498739550160896,-0.008680096827447414,-0.01377112418413162,-1.528635382652283
1777498739560322560,-0.008676465600728989,-0.01377571001648903,-1.528637766838074
1777498739570464256,-0.008673571981489658,-0.01377579383552074,-1.528634190559387
1777498739580586496,-0.008667151443660259,-0.0137676140293479,-1.528633832931519
1777498739590689280,-0.008670985698699951,-0.01376549806445837,-1.528633832931519
1777498739600772608,-0.008665431290864944,-0.01376531925052404,-1.528635382652283
1777498739610836224,-0.008666169829666615,-0.01377053931355476,-1.528635859489441
1777498739620880640,-0.008663933724164963,-0.01376569643616676,-1.528637170791626
1777498739630905088,-0.008663566783070564,-0.01376201491802931,-1.528636693954468
1777498739640913920,-0.008656095713376999,-0.01376186218112707,-1.528638005256653
1777498739650903296,-0.008658812381327152,-0.01375896204262972,-1.528638362884521
1777498739660873216,-0.008656676858663559,-0.01376121584326029,-1.528635144233704
1777498739670823680,-0.008650423027575016,-0.0137605182826519,-1.528632402420044
1777498739680754688,-0.008647085167467594,-0.01375762093812227,-1.528630495071411
1777498739690666240,-0.008644294925034046,-0.01375849265605211,-1.528630495071411
1777498739700558336,-0.008634882979094982,-0.01375751383602619,-1.528631806373596
1777498739710430976,-0.008628860116004944,-0.0137622682377696,-1.528631210327148
1777498739720285184,-0.008624853566288948,-0.01375775784254074,-1.528631448745728
1777498739730120192,-0.008629425428807735,-0.01375979371368885,-1.528632521629333
1777498739739935744,-0.008635382167994976,-0.01376399863511324,-1.528627991676331
1777498739749732096,-0.008642446249723434,-0.01376607641577721,-1.52863073348999
1777498739759509504,-0.008645822294056416,-0.01376763079315424,-1.528625965118408
1777498739769735424,-0.0086429538205266,-0.01376311294734478,-1.528627276420593
1777498739779941376,-0.008643416687846184,-0.01376559771597385,-1.528626203536987
1777498739790127616,-0.008643417619168758,-0.01376636140048504,-1.528627991676331
1777498739800294912,-0.008646968752145767,-0.01376610714942217,-1.528629183769226
1777498739810442752,-0.008643349632620811,-0.01376679260283709,-1.528626203536987
1777498739820570624,-0.008639240637421608,-0.0137643339112401,-1.52862548828125
1777498739830679040,-0.008644616231322289,-0.01376631483435631,-1.528628945350647
1777498739840768000,-0.008638451807200909,-0.01376550272107124,-1.528633117675781
1777498739850837760,-0.008637304417788982,-0.01377394609153271,-1.528629064559937
1777498739860888832,-0.008640344254672527,-0.01377682946622372,-1.528627038002014
1777498739870920704,-0.00863658357411623,-0.01378683745861053,-1.528626561164856
1777498739880933120,-0.008635341189801693,-0.01378741674125195,-1.528626322746277
1777498739890926080,-0.008635384030640125,-0.01379293017089367,-1.528625726699829
1777498739900899840,-0.008633026853203773,-0.01378801744431257,-1.528629779815674
1777498739910854144,-0.008628887124359608,-0.01378886960446835,-1.528631091117859
1777498739920788992,-0.008633931167423725,-0.01379247196018696,-1.528633236885071
1777498739930704896,-0.008638516999781132,-0.01379310712218285,-1.528629779815674
1777498739940601600,-0.008638657629489899,-0.01378717646002769,-1.528630375862122
1777498739950478848,-0.008640017360448837,-0.01378819160163403,-1.52862823009491
1777498739960336896,-0.008641971275210381,-0.01378361694514751,-1.528625845909119
1777498739970175744,-0.008646029978990555,-0.01378264464437962,-1.528627514839172
1777498739979995392,-0.008637987077236176,-0.01377960108220577,-1.528627991676331
1777498739989796096,-0.008637737482786179,-0.01377359870821238,-1.52863085269928
1777498739999577088,-0.008632314391434193,-0.01377865020185709,-1.528629302978516
1777498740009811712,-0.008635988458991051,-0.01377788372337818,-1.528630137443542
1777498740020026368,-0.008637807331979275,-0.01378414407372475,-1.528626084327698
1777498740030221568,-0.008644928224384785,-0.01378814317286015,-1.528625726699829
1777498740040397312,-0.008643626235425472,-0.01378456968814135,-1.528621435165405
1777498740050553344,-0.008634623140096664,-0.01378779299557209,-1.52862548828125
1777498740060689408,-0.00863957591354847,-0.01379099953919649,-1.528626322746277
1777498740070806016,-0.008639544248580933,-0.01378700695931911,-1.528624057769775
1777498740080904192,-0.008645565249025822,-0.01378614734858274,-1.528622627258301
1777498740090983936,-0.00864730030298233,-0.013781045563519,-1.528621435165405
1777498740101043968,-0.008645591326057911,-0.01378062833100557,-1.528623700141907
1777498740111084800,-0.00865059532225132,-0.01378017012029886,-1.528626680374146
1777498740121106176,-0.008648458868265152,-0.01378708891570568,-1.528622627258301
1777498740131107840,-0.008646063506603241,-0.01379060372710228,-1.528627514839172
1777498740141090048,-0.008644973859190941,-0.01378674060106277,-1.528624057769775
1777498740151052800,-0.008648177608847618,-0.01378452032804489,-1.528624534606934
1777498740160996352,-0.008653998374938965,-0.01378811709582806,-1.528625011444092
1777498740170921216,-0.008652424439787865,-0.01378712803125381,-1.528619289398193
1777498740180826880,-0.008652482181787491,-0.01378597784787416,-1.52862024307251
1777498740190713344,-0.008649999275803566,-0.01377846114337444,-1.528619766235352
1777498740200580352,-0.008648794144392014,-0.01377827860414982,-1.528620481491089
1777498740210428416,-0.008646190166473389,-0.01378003135323524,-1.528617262840271
1777498740220257024,-0.008643189445137978,-0.01378154661506414,-1.528615236282349
1777498740230066688,-0.008643562905490398,-0.01378950476646423,-1.528615951538086
1777498740239857920,-0.008648677729070187,-0.01379289198666811,-1.528617382049561
1777498740249862144,-0.008650931529700756,-0.01379635091871023,-1.528619050979614
1777498740260078336,-0.008648136630654335,-0.01379042863845825,-1.528616786003113
1777498740270275584,-0.008648141287267208,-0.01379170920699835,-1.528615236282349
1777498740280453120,-0.008643521927297115,-0.01378702279180288,-1.528611183166504
1777498740290610944,-0.008643472567200661,-0.01378673687577248,-1.528616666793823
1777498740300749056,-0.008638971485197544,-0.01378427352756262,-1.528619050979614
1777498740310867968,-0.008638229221105576,-0.01378671452403069,-1.528619408607483
1777498740320967168,-0.008636936545372009,-0.01379174180328846,-1.528615355491638
1777498740331046912,-0.008635737933218479,-0.01379377860575914,-1.528619289398193
1777498740341108480,-0.008635415695607662,-0.01378932408988476,-1.528622031211853
1777498740351151616,-0.008643156848847866,-0.01379384286701679,-1.528621196746826
1777498740361175296,-0.008643534034490585,-0.01379646733403206,-1.528622269630432
1777498740371179520,-0.008636970072984695,-0.01379924640059471,-1.528626322746277
1777498740381164544,-0.008639556355774403,-0.01379664614796638,-1.528628468513489
1777498740391130112,-0.008639593608677387,-0.01379757653921843,-1.528630375862122
1777498740401075968,-0.008635818958282471,-0.01379717979580164,-1.528631567955017
1777498740411002368,-0.008638001047074795,-0.01380134839564562,-1.528629899024963
1777498740420909824,-0.008640996180474758,-0.01379645336419344,-1.528632402420044
1777498740430797824,-0.008644444867968559,-0.01379953045397997,-1.528635144233704
1777498740440666624,-0.008639827370643616,-0.01380524039268494,-1.528633713722229
1777498740450516224,-0.008639243431389332,-0.01380230113863945,-1.528631687164307
1777498740460346624,-0.008633196353912354,-0.01379810553044081,-1.528634905815125
1777498740470157824,-0.008627923205494881,-0.01379605662077665,-1.528639316558838
1777498740479950080,-0.008625086396932602,-0.01380287948995829,-1.528636455535889
1777498740489954560,-0.008623799309134483,-0.01380485389381647,-1.528637528419495
1777498740500171008,-0.008626946248114109,-0.01380446366965771,-1.528633117675781
1777498740510367744,-0.008633049204945564,-0.01379692275077105,-1.528632521629333
1777498740520545024,-0.00863241869956255,-0.0137978233397007,-1.528633594512939
1777498740530702336,-0.008638196624815464,-0.01380107738077641,-1.528628587722778
1777498740540840192,-0.008636507205665112,-0.01380906533449888,-1.528625130653381
1777498740550958336,-0.008631917648017406,-0.01380596682429314,-1.528625130653381
1777498740561056768,-0.008624560199677944,-0.01380090601742268,-1.528627634048462
1777498740571135488,-0.008626288734376431,-0.01380007620900869,-1.528631925582886
1777498740581194496,-0.008627797476947308,-0.01379521936178207,-1.528637170791626
1777498740591234048,-0.008627054281532764,-0.01379713602364063,-1.528639197349548
1777498740601257472,-0.008628158830106258,-0.01379974000155926,-1.528640747070312
1777498740611261440,-0.008621669374406338,-0.01380895730108023,-1.528638601303101
1777498740621246208,-0.008623859845101833,-0.01381451729685068,-1.528643131256104
1777498740631211264,-0.008629613555967808,-0.01381754223257303,-1.528646469116211
1777498740641156864,-0.008623232133686543,-0.01381628774106503,-1.528647065162659
1777498740651083264,-0.008618813008069992,-0.01381911523640156,-1.52864682674408
1777498740660990208,-0.008619743399322033,-0.01382345519959927,-1.528652310371399
1777498740670877696,-0.008614250458776951,-0.01381842792034149,-1.528654098510742
1777498740680746752,-0.008612680248916149,-0.01381411403417587,-1.528651595115662
1777498740690596096,-0.008615127764642239,-0.01381262298673391,-1.528653025627136
1777498740700426752,-0.00861261785030365,-0.01381172332912683,-1.528652191162109
1777498740710237696,-0.008610440418124199,-0.01381264720112085,-1.528656125068665
1777498740720029440,-0.008616549894213676,-0.01381510123610497,-1.528653621673584
1777498740729802240,-0.008613849990069866,-0.01381174754351377,-1.528653979301453
1777498740740020224,-0.008606483228504658,-0.0138113284483552,-1.528655886650085
1777498740750218496,-0.008605683222413063,-0.01381098944693804,-1.528651118278503
1777498740760396800,-0.008601521141827106,-0.01381956320255995,-1.528654336929321
1777498740770556160,-0.008605725131928921,-0.01381410844624043,-1.528655290603638
1777498740780696064,-0.008611496537923813,-0.01381314545869827,-1.528652191162109
1777498740790816256,-0.008611902594566345,-0.01381536852568388,-1.528653502464294
1777498740800916736,-0.008613051846623421,-0.01381291635334492,-1.528650999069214
1777498740810997760,-0.008609181270003319,-0.01381398737430573,-1.528650999069214
1777498740821059584,-0.008607098832726479,-0.01381131075322628,-1.528649806976318
1777498740831101696,-0.008609668351709843,-0.01380998268723488,-1.528655409812927
1777498740841124096,-0.008604787290096283,-0.01380957569926977,-1.528654932975769
1777498740851127552,-0.008602805435657501,-0.01381662115454674,-1.528659462928772
1777498740861111552,-0.008601845242083073,-0.01381780859082937,-1.528661608695984
1777498740871076096,-0.008605317212641239,-0.01382409688085318,-1.528655886650085
1777498740881025280,-0.008602630347013474,-0.01382667943835258,-1.528659343719482
1777498740890955520,-0.008604420349001884,-0.01382528711110353,-1.528661489486694
1777498740900866560,-0.008609499782323837,-0.01382069010287523,-1.528661251068115
1777498740910758144,-0.008606335148215294,-0.01382439117878675,-1.528661131858826
1777498740920631296,-0.008601503446698189,-0.01383261289447546,-1.528662085533142
1777498740930484736,-0.008606122806668282,-0.01383438427001238,-1.52866542339325
1777498740940319232,-0.008603818714618683,-0.01383066270500422,-1.528661727905273
1777498740950134528,-0.008597833104431629,-0.0138333048671484,-1.528661131858826
1777498740959931392,-0.008600820787250996,-0.01382679026573896,-1.528663396835327
1777498740969709568,-0.008597332052886486,-0.01382341794669628,-1.528665781021118
1777498740979929600,-0.008600304834544659,-0.01382654719054699,-1.528663873672485
1777498740990129920,-0.008598767220973969,-0.01382838934659958,-1.528659582138062
1777498741000310272,-0.00860492791980505,-0.01382661517709494,-1.528658270835876
1777498741010471680,-0.008609606884419918,-0.01382143795490265,-1.528660535812378
1777498741020613376,-0.008606218732893467,-0.0138203464448452,-1.528661131858826
1777498741030735616,-0.008600694127380848,-0.01382395438849926,-1.528659820556641
1777498741040837632,-0.008601712994277477,-0.0138205224648118,-1.52865743637085
1777498741050920448,-0.008598986081779003,-0.01382510829716921,-1.528660297393799
1777498741060983552,-0.008593810722231865,-0.01383088156580925,-1.528660655021667
1777498741071026944,-0.008590062148869038,-0.01383444759994745,-1.528660297393799
1777498741081050624,-0.008594249375164509,-0.01383881457149982,-1.528660535812378
1777498741091055104,-0.008593293838202953,-0.01383789535611868,-1.528665900230408
1777498741101040128,-0.008597423322498798,-0.01384007465094328,-1.528665900230408
1777498741111005696,-0.008598748594522476,-0.01383529137820005,-1.528665781021118
1777498741120951808,-0.008599969558417797,-0.01383085735142231,-1.528663873672485
1777498741130878208,-0.00860938336700201,-0.01383379474282265,-1.528659105300903
1777498741140785664,-0.008609133772552013,-0.01383373606950045,-1.528656363487244
1777498741150678272,-0.008609402924776077,-0.01383044011890888,-1.528656363487244
1777498741160551680,-0.008608191274106503,-0.01383826229721308,-1.5286625623703
1777498741170406400,-0.008614609017968178,-0.013834442012012,-1.528661727905273
1777498741180241920,-0.008614640682935715,-0.01383002754300833,-1.528659820556641
1777498741190058496,-0.008621816523373127,-0.01383014768362045,-1.528660416603088
1777498741199856128,-0.008623535744845867,-0.01382736768573523,-1.52866005897522
1777498741209634560,-0.008624842390418053,-0.01382210105657578,-1.528658866882324
1777498741219859968,-0.008631677366793156,-0.01381487678736448,-1.528656840324402
1777498741230065664,-0.008625470101833344,-0.01381788682192564,-1.528653740882874
1777498741240252416,-0.008628688752651215,-0.01381789799779654,-1.528653621673584
1777498741250419712,-0.008621810004115105,-0.0138206360861659,-1.528656482696533
1777498741260566784,-0.008617679588496685,-0.01381590310484171,-1.528658032417297
1777498741270694144,-0.008613703772425652,-0.01381007768213749,-1.52866268157959
1777498741280801792,-0.008610991761088371,-0.01380427088588476,-1.528661727905273
1777498741290889984,-0.008607650175690651,-0.01380616147071123,-1.528656721115112
1777498741300958464,-0.008609349839389324,-0.01381035428494215,-1.528653979301453
1777498741311007232,-0.008605389855802059,-0.01381009072065353,-1.528652787208557
1777498741321036800,-0.008607910946011543,-0.01381275337189436,-1.528651356697083
1777498741331048448,-0.00861548725515604,-0.0138038182631135,-1.528652787208557
1777498741341042176,-0.008623473346233368,-0.01380134094506502,-1.528654098510742
1777498741351016448,-0.008614771068096161,-0.01379817072302103,-1.528654932975769
1777498741360971520,-0.008608892560005188,-0.01379925385117531,-1.528653621673584
1777498741370907392,-0.008604544214904308,-0.01380481757223606,-1.528656482696533
1777498741380823808,-0.00860395934432745,-0.01380661688745022,-1.52865743637085
1777498741390721024,-0.008598079904913902,-0.01381375081837177,-1.528658270835876
1777498741400599296,-0.008598503656685352,-0.01381422206759453,-1.528662085533142
1777498741410458368,-0.008593902923166752,-0.0138086648657918,-1.52866518497467
1777498741420299008,-0.008590555749833584,-0.01380234304815531,-1.528659701347351
1777498741430119936,-0.008590325713157654,-0.01380232721567154,-1.528663396835327
1777498741439921920,-0.008581526577472687,-0.01380774099379778,-1.528661489486694
1777498741449704960,-0.008580957539379597,-0.01380864810198545,-1.528660416603088
1777498741459704320,-0.008580867201089859,-0.0138026075437665,-1.52865469455719
1777498741469919488,-0.008580236695706844,-0.01380134001374245,-1.528655529022217
1777498741480115200,-0.008582066744565964,-0.0138071496039629,-1.528657674789429
1777498741490290944,-0.008576361462473869,-0.01380879152566195,-1.528659462928772
1777498741500446976,-0.008586753159761429,-0.01381256803870201,-1.528658628463745
1777498741510583296,-0.008592656813561916,-0.01381512731313705,-1.528655290603638
1777498741520699904,-0.008597220294177532,-0.0138111924752593,-1.528658270835876
1777498741530797568,-0.008590227924287319,-0.01381048560142517,-1.528659582138062
1777498741540876800,-0.008593790233135223,-0.01381068583577871,-1.528661727905273
1777498741550936320,-0.008592419326305389,-0.01381525211036205,-1.528660774230957
1777498741560976128,-0.008598877117037773,-0.01381239388138056,-1.528655648231506
1777498741570996736,-0.008601666428148746,-0.0138136874884367,-1.528655767440796
1777498741580998144,-0.008601072244346142,-0.01382143329828978,-1.528658032417297
1777498741590980096,-0.008601080626249313,-0.01382396463304758,-1.528655290603638
1777498741600942592,-0.008603764697909355,-0.01382553763687611,-1.528658032417297
1777498741610885888,-0.008606190793216228,-0.01382728479802608,-1.528657793998718
1777498741620810240,-0.008601087145507336,-0.01383389718830585,-1.528658986091614
1777498741630715136,-0.008601994253695011,-0.01383629534393549,-1.528660535812378
1777498741640600320,-0.008599820546805859,-0.01383158098906279,-1.528658628463745
1777498741650466560,-0.008599490858614445,-0.01382485497742891,-1.52865993976593
1777498741660313344,-0.008601842448115349,-0.01382233668118715,-1.528661131858826
1777498741670141184,-0.008598479442298412,-0.01382361073046923,-1.528663873672485
1777498741679949568,-0.008596189320087433,-0.01382720097899437,-1.528660297393799
1777498741689740800,-0.008587806485593319,-0.01382856443524361,-1.52866518497467
1777498741699745024,-0.008583243936300278,-0.01382482890039682,-1.52866518497467
1777498741709960960,-0.008575350977480412,-0.01382110081613064,-1.528662204742432
1777498741720157696,-0.008571874350309372,-0.01381971500813961,-1.528661012649536
1777498741730334720,-0.008573643863201141,-0.01381566654890776,-1.528661012649536
1777498741740492032,-0.008574466221034527,-0.01381538808345795,-1.528660535812378
1777498741750630144,-0.008578765206038952,-0.01380805764347315,-1.528660655021667
1777498741760748544,-0.008580312132835388,-0.01380317285656929,-1.528661489486694
1777498741770847744,-0.00858025811612606,-0.01380198262631893,-1.52865993976593
1777498741780926720,-0.008580178022384644,-0.01380334887653589,-1.528661251068115
1777498741790986240,-0.008578872308135033,-0.01380656007677317,-1.528658032417297
1777498741801028096,-0.008569065481424332,-0.01380558032542467,-1.52866005897522
1777498741811052544,-0.008568166755139828,-0.01380327064543962,-1.528659701347351
1777498741821057536,-0.008571140468120575,-0.01380233466625214,-1.528666257858276
1777498741831043072,-0.008572001941502094,-0.01380223780870438,-1.528663396835327
1777498741841009408,-0.008572276681661606,-0.01380809769034386,-1.528663277626038
1777498741850957312,-0.008567464537918568,-0.01380656007677317,-1.528661847114563
1777498741860885760,-0.008569625206291676,-0.01381254382431507,-1.528662323951721
1777498741870794752,-0.008568176068365574,-0.01381764560937881,-1.528666138648987
1777498741880685056,-0.008564646355807781,-0.01382329221814871,-1.528666019439697
1777498741890556672,-0.008565769530832767,-0.01382717117667198,-1.528665542602539
1777498741900408576,-0.008571915328502655,-0.01383324712514877,-1.528665661811829
1777498741910241536,-0.008569654077291489,-0.0138270128518343,-1.528663992881775
1777498741920055552,-0.008563900366425514,-0.01383298169821501,-1.528663039207458
1777498741929850368,-0.008568585850298405,-0.01383106783032417,-1.52866518497467
1777498741939856384,-0.008569521829485893,-0.01382508315145969,-1.528666734695435
1777498741950073088,-0.008565627038478851,-0.01382848154753447,-1.528663396835327
1777498741960269824,-0.008557905443012714,-0.01383208483457565,-1.52866518497467
1777498741970447616,-0.008556919172406197,-0.01382448617368937,-1.528671264648438
1777498741980605952,-0.008556489832699299,-0.01382671482861042,-1.528672337532043
1777498741990744832,-0.008558482863008976,-0.01383111253380775,-1.528675079345703
1777498742000863744,-0.008561389520764351,-0.01383284758776426,-1.528680682182312
1777498742010963456,-0.008561111055314541,-0.01382970530539751,-1.528681635856628
1777498742021043200,-0.008559137582778931,-0.01383038703352213,-1.528683066368103
1777498742031103488,-0.008554667234420776,-0.013832644559443,-1.528684496879578
1777498742041144320,-0.008544300682842731,-0.01383063569664955,-1.528684258460999
1777498742051168000,-0.008541952818632126,-0.01382851414382458,-1.528681755065918
1777498742061173760,-0.00854045432060957,-0.01383008901029825,-1.528677344322205
1777498742071160576,-0.0085441954433918,-0.0138266459107399,-1.528669714927673
1777498742081128448,-0.008540758863091469,-0.0138318482786417,-1.528666019439697
1777498742091076864,-0.008543167263269424,-0.0138319730758667,-1.528666257858276
1777498742101006080,-0.008539248257875443,-0.01383244711905718,-1.528666615486145
1777498742110915840,-0.008536601439118385,-0.01383685786277056,-1.528665781021118
1777498742120806400,-0.008536995388567448,-0.01383606810122728,-1.52866268157959
1777498742130678016,-0.008540092967450619,-0.01383510231971741,-1.528662443161011
1777498742140530944,-0.008537869900465012,-0.01383963413536549,-1.5286625623703
1777498742150364672,-0.008529164828360081,-0.01384139060974121,-1.528663516044617
1777498742160179200,-0.008532313629984856,-0.01383744645863771,-1.528663635253906
1777498742169974528,-0.008529536426067352,-0.01383841410279274,-1.528663158416748
1777498742179750912,-0.008532598614692688,-0.01384653802961111,-1.528660655021667
1777498742189969664,-0.008527235127985477,-0.01385163702070713,-1.528659105300903
1777498742200168704,-0.008514879271388054,-0.01384664978832006,-1.528655171394348
1777498742210348288,-0.00851586926728487,-0.01384587585926056,-1.528650522232056
1777498742220508416,-0.0085172513499856,-0.01384533848613501,-1.528650164604187
1777498742230649088,-0.008507520891726017,-0.0138415889814496,-1.528648138046265
1777498742240770048,-0.008501484058797359,-0.01384232100099325,-1.528652906417847
1777498742250871296,-0.008499284274876118,-0.01384415756911039,-1.528658151626587
1777498742260953088,-0.008496830239892006,-0.0138423154130578,-1.528661966323853
1777498742271015680,-0.008498714305460453,-0.01384193450212479,-1.528666257858276
1777498742281058560,-0.008496886119246483,-0.01384763792157173,-1.528661251068115
1777498742291083264,-0.00849639531224966,-0.01384958624839783,-1.52865993976593
1777498742301090304,-0.008495491929352283,-0.01385062374174595,-1.528662085533142
1777498742311078144,-0.008492209948599339,-0.01385306194424629,-1.528662323951721
1777498742321046528,-0.008487220853567123,-0.01385139208287001,-1.528659582138062
1777498742330995968,-0.008488129824399948,-0.01385319232940674,-1.528658866882324
1777498742340926208,-0.00848042219877243,-0.01385435275733471,-1.528653502464294
1777498742350836992,-0.00848336610943079,-0.01385920494794846,-1.528656005859375
1777498742360729088,-0.008481975644826889,-0.01386567112058401,-1.528658032417297
1777498742370602240,-0.00847527664154768,-0.01385982893407345,-1.528661727905273
1777498742380456448,-0.008474115282297134,-0.01386094000190496,-1.528662919998169
1777498742390291712,-0.008472701534628868,-0.01385900378227234,-1.528663158416748
1777498742400107520,-0.008466822095215321,-0.01385177951306105,-1.5286625623703
1777498742409904640,-0.008463305421173573,-0.01384792942553759,-1.528663873672485
1777498742419682560,-0.008463458158075809,-0.01384842023253441,-1.528666496276855
1777498742429903104,-0.008465353399515152,-0.01385312154889107,-1.52866542339325
1777498742440103680,-0.008470016531646252,-0.01384942512959242,-1.528666853904724
1777498742450284544,-0.008464228361845016,-0.01385684870183468,-1.528667330741882
1777498742460446464,-0.008466966450214386,-0.01385627593845129,-1.528669357299805
1777498742470588672,-0.008466960862278938,-0.01385692041367292,-1.528674006462097
1777498742480711168,-0.00846625491976738,-0.01386156491935253,-1.528671622276306
1777498742490813952,-0.008468680083751678,-0.01386069972068071,-1.52867066860199
1777498742500897792,-0.008470075204968452,-0.01386335305869579,-1.528672099113464
1777498742510961920,-0.008467749692499638,-0.01386220846325159,-1.528670787811279
1777498742521006336,-0.008468978106975555,-0.01386552769690752,-1.528669357299805
1777498742531031040,-0.008468629792332649,-0.01386656053364277,-1.5286705493927
1777498742541037056,-0.008469906635582447,-0.01386678963899612,-1.528668642044067
1777498742551023616,-0.008471590466797352,-0.0138680711388588,-1.528669714927673
1777498742560990720,-0.008473968133330345,-0.01386658661067486,-1.528663635253906
1777498742570941952,-0.008481375873088837,-0.01386434957385063,-1.52865743637085
1777498742580873728,-0.00847601518034935,-0.01386993005871773,-1.528660178184509
1777498742590786816,-0.008474740199744701,-0.01387141738086939,-1.528661966323853
1777498742600680448,-0.008481658063828945,-0.01387243904173374,-1.528666019439697
1777498742610555136,-0.008486868813633919,-0.01387228444218636,-1.528666019439697
1777498742620410880,-0.00849011167883873,-0.01386923715472221,-1.528671979904175
1777498742630247424,-0.008492923341691494,-0.01387231424450874,-1.528671145439148
1777498742640065280,-0.008484294638037682,-0.0138735780492425,-1.528672695159912
1777498742649864704,-0.008489298634231091,-0.01387260667979717,-1.528670191764832
1777498742659644672,-0.008486924692988396,-0.01387307792901993,-1.528671264648438
1777498742669869056,-0.008490012027323246,-0.01387648098170757,-1.528668165206909
1777498742680073472,-0.00848949421197176,-0.01387390308082104,-1.528672456741333
1777498742690258688,-0.008481081575155258,-0.01387454941868782,-1.528672933578491
1777498742700423936,-0.008479837328195572,-0.01387022249400616,-1.528670787811279
1777498742710569472,-0.008480205200612545,-0.01387606933712959,-1.528671145439148
1777498742720695296,-0.008474431000649929,-0.01387013401836157,-1.528674483299255
1777498742730801664,-0.008476313203573227,-0.01386768836528063,-1.528675436973572
1777498742740888320,-0.008475948125123978,-0.01386307459324598,-1.528671622276306
1777498742750955264,-0.008478228002786636,-0.01385755091905594,-1.528672695159912
1777498742761002752,-0.008481504395604134,-0.01386379823088646,-1.528674006462097
1777498742771034112,-0.008481536991894245,-0.01386093162000179,-1.528674840927124
1777498742781046016,-0.00848238542675972,-0.01386448740959167,-1.528676390647888
1777498742791038208,-0.008474002592265606,-0.01386637147516012,-1.528675556182861
1777498742801010688,-0.008469588123261929,-0.01386949326843023,-1.528679251670837
1777498742810964224,-0.008471312001347542,-0.01387395802885294,-1.52867603302002
1777498742820898304,-0.008470992557704449,-0.01387429889291525,-1.528677344322205
1777498742830812928,-0.008464568294584751,-0.01387654524296522,-1.528679847717285
1777498742840708352,-0.008469249121844769,-0.0138753280043602,-1.528679251670837
1777498742850585088,-0.008468634448945522,-0.01386476308107376,-1.528676629066467
1777498742860442368,-0.008469513617455959,-0.01386470161378384,-1.528678059577942
1777498742870280704,-0.008471854962408543,-0.01386709325015545,-1.528678417205811
1777498742880099328,-0.008463500067591667,-0.01386190112680197,-1.528680920600891
1777498742889898752,-0.008466790430247784,-0.01387204695492983,-1.528683066368103
1777498742899679232,-0.008463790640234947,-0.01387165393680334,-1.528684258460999
1777498742909913856,-0.008464552462100983,-0.01387033704668283,-1.5286785364151
1777498742920128768,-0.008465716615319252,-0.0138754490762949,-1.528671741485596
1777498742930324224,-0.008462930098176003,-0.01388148311525583,-1.528672695159912
1777498742940499712,-0.008460373617708683,-0.01388602424412966,-1.528670430183411
1777498742950655232,-0.008455877192318439,-0.01388002745807171,-1.52866792678833
1777498742960791040,-0.008446795865893364,-0.01387703139334917,-1.528666496276855
1777498742970907392,-0.008444970473647118,-0.01387561298906803,-1.528672218322754
1777498742981003776,-0.008440607227385044,-0.01387191377580166,-1.528669118881226
1777498742991080448,-0.008445775136351585,-0.01387190073728561,-1.528673648834229
1777498743001139200,-0.008446363732218742,-0.01387498155236244,-1.528671979904175
1777498743011179776,-0.008440773002803326,-0.01388123631477356,-1.528671741485596
1777498743021200640,-0.008437487296760082,-0.01387527119368315,-1.528671383857727
1777498743031202048,-0.008434724062681198,-0.01387664023786783,-1.528668165206909
1777498743041184256,-0.008428231813013554,-0.01387686468660831,-1.52866005897522
1777498743051147264,-0.008429083041846752,-0.01388019137084484,-1.528660416603088
1777498743061090816,-0.008429400622844696,-0.01388393994420767,-1.528654932975769
1777498743071015168,-0.008429008536040783,-0.01388774067163467,-1.528651833534241
1777498743080920064,-0.008430688641965389,-0.01389182545244694,-1.528656363487244
1777498743090806016,-0.008429538458585739,-0.01389523968100548,-1.528658509254456
1777498743100672512,-0.008426867425441742,-0.01389316190034151,-1.528657913208008
1777498743110519552,-0.008422917686402798,-0.01388924848288298,-1.528656840324402
1777498743120347648,-0.008429866284132004,-0.01389006618410349,-1.528658866882324
1777498743130156544,-0.008433511480689049,-0.01389212068170309,-1.52865743637085
1777498743139946240,-0.008431734517216682,-0.01389516610652208,-1.528657197952271
1777498743149949184,-0.008425085805356503,-0.01390151958912611,-1.528652906417847
1777498743160165376,-0.008422601036727428,-0.01390301343053579,-1.52865469455719
1777498743170361856,-0.008415322750806808,-0.01390853617340326,-1.528654217720032
1777498743180539136,-0.008407579734921455,-0.0139138251543045,-1.528654336929321
1777498743190696960,-0.008403782732784748,-0.01391413155943155,-1.528650045394897
1777498743200835328,-0.008397205732762814,-0.01391534321010113,-1.528648376464844
1777498743210953728,-0.008397012017667294,-0.01391445752233267,-1.528648495674133
1777498743221052928,-0.008397256955504417,-0.0139083955436945,-1.52864408493042
1777498743231132416,-0.008395886979997158,-0.01390823163092136,-1.528647184371948
1777498743241192448,-0.008399284444749355,-0.01391510665416718,-1.528648853302002
1777498743251233024,-0.008395037613809109,-0.01391308661550283,-1.528647065162659
1777498743261256192,-0.008390640839934349,-0.01391048543155193,-1.528649210929871
1777498743271261440,-0.008388133719563484,-0.01390729006379843,-1.528648734092712
1777498743281247232,-0.008393806405365467,-0.01390217524021864,-1.528650164604187
1777498743291213568,-0.008397528901696205,-0.01390426885336637,-1.528652429580688
1777498743301160192,-0.008402060717344284,-0.0139130437746644,-1.528651118278503
1777498743311087616,-0.008405882865190506,-0.01391854975372553,-1.52864682674408
1777498743320995840,-0.008412429131567478,-0.01392426714301109,-1.528648138046265
1777498743330884352,-0.008411278948187828,-0.0139269744977355,-1.528645038604736
1777498743340753664,-0.008413330651819706,-0.01393028069287539,-1.528649806976318
1777498743350604032,-0.008412751369178295,-0.01392882317304611,-1.528651475906372
1777498743360435200,-0.008409987203776836,-0.01392549369484186,-1.528651714324951
1777498743370247424,-0.008415150456130505,-0.01392276119440794,-1.528650879859924
1777498743380040448,-0.008412456139922142,-0.01393040921539068,-1.528653621673584
1777498743390045696,-0.008410481736063957,-0.01392837148159742,-1.528653979301453
1777498743400262656,-0.008406578563153744,-0.01393070258200169,-1.528651237487793
1777498743410459904,-0.00840479414910078,-0.01392604596912861,-1.528653740882874
1777498743420637952,-0.008401390165090561,-0.0139255877584219,-1.528659462928772
1777498743430796544,-0.008403072133660316,-0.01392699964344501,-1.528655648231506
1777498743440935424,-0.008397149853408337,-0.01392040587961674,-1.52865731716156
1777498743451054848,-0.008398231118917465,-0.01391722355037928,-1.528656959533691
1777498743461154816,-0.008393834345042706,-0.01391753740608692,-1.52865469455719
1777498743471234816,-0.008400102145969868,-0.01391404494643211,-1.528653264045715
1777498743481295104,-0.008402847684919834,-0.01391490921378136,-1.528652787208557
1777498743491337728,-0.008400095626711845,-0.0139190936461091,-1.528650879859924
1777498743501362176,-0.008400684222579002,-0.01391689665615559,-1.528650999069214
1777498743511366912,-0.008400020189583302,-0.01391363702714443,-1.528651356697083
1777498743521352192,-0.008403039537370205,-0.01391594763845205,-1.528652787208557
1777498743531318016,-0.008397076278924942,-0.0139137078076601,-1.52865195274353
1777498743541264384,-0.00839802622795105,-0.01391421910375357,-1.528650522232056
1777498743551191296,-0.008401481434702873,-0.01391864009201527,-1.528653621673584
1777498743561098752,-0.008397959172725677,-0.01392063591629267,-1.528654336929321
1777498743570987264,-0.008401744998991489,-0.01391845289617777,-1.528651833534241
1777498743580856832,-0.008408199064433575,-0.01392348576337099,-1.528650641441345
1777498743590706944,-0.008413401432335377,-0.013921775855124,-1.528653144836426
1777498743600537856,-0.008412974886596203,-0.01391765475273132,-1.528654456138611
1777498743610350080,-0.008405739441514015,-0.01391358114778996,-1.528653144836426
1777498743620143104,-0.008410358801484108,-0.01391907222568989,-1.528654098510742
1777498743629916928,-0.008407500572502613,-0.0139260571449995,-1.528648853302002
1777498743640134144,-0.008409580215811729,-0.01392493769526482,-1.528644561767578
1777498743650331648,-0.008408754132688046,-0.0139214675873518,-1.528643250465393
1777498743660509696,-0.00840472336858511,-0.01392039470374584,-1.528642535209656
1777498743670669056,-0.008406437002122402,-0.01392157562077045,-1.528640389442444
1777498743680808448,-0.008400164544582367,-0.01391741074621677,-1.528642416000366
1777498743690928384,-0.008394964039325714,-0.0139143830165267,-1.528645038604736
1777498743701028864,-0.008399166166782379,-0.01391533017158508,-1.528645515441895
1777498743711109888,-0.00840194895863533,-0.01391350198537111,-1.528645992279053
1777498743721171200,-0.008401139639317989,-0.01391106098890305,-1.528644919395447
1777498743731213056,-0.008398496545851231,-0.0139135280624032,-1.528649210929871
1777498743741235712,-0.0083949975669384,-0.01392080634832382,-1.528642296791077
1777498743751239168,-0.008394811302423477,-0.01392295956611633,-1.528635263442993
1777498743761227008,-0.008390775881707668,-0.01392429880797863,-1.52863609790802
1777498743771195392,-0.0083875497803092,-0.01392049435526133,-1.528636693954468
1777498743781144320,-0.008388517424464226,-0.01392338145524263,-1.528638005256653
1777498743791073536,-0.008391786366701126,-0.01391625963151455,-1.528635859489441
1777498743800983808,-0.008387462235987186,-0.0139136528596282,-1.528635025024414
1777498743810874880,-0.008392085321247578,-0.01391403004527092,-1.528635740280151
1777498743820746240,-0.008390235714614391,-0.01392177864909172,-1.528634190559387
1777498743830598400,-0.008393115364015102,-0.01392209064215422,-1.528634309768677
1777498743840431616,-0.008390267379581928,-0.01392229087650776,-1.528632044792175
1777498743850245888,-0.008389531634747982,-0.0139204915612936,-1.52863085269928
1777498743860040704,-0.008389850147068501,-0.01392525248229504,-1.528630256652832
1777498743869816576,-0.008385257795453072,-0.01392848510295153,-1.528628945350647
1777498743880035584,-0.008383183740079403,-0.0139229679480195,-1.528628349304199
1777498743890235136,-0.008384347893297672,-0.01392264571040869,-1.52863073348999
1777498743900414976,-0.008389110676944256,-0.01391742005944252,-1.528630256652832
1777498743910575872,-0.008386093191802502,-0.01391589548438787,-1.528626561164856
1777498743920717312,-0.00838015042245388,-0.01391895674169064,-1.528627395629883
1777498743930839040,-0.00838162936270237,-0.01391797419637442,-1.528629183769226
1777498743940941312,-0.008386638946831226,-0.01392032951116562,-1.528629422187805
1777498743951023872,-0.008389215916395187,-0.01392234396189451,-1.52862823009491
1777498743961086976,-0.008386061526834965,-0.01392730418592691,-1.528634667396545
1777498743971130624,-0.008382735773921013,-0.01392836589366198,-1.528636336326599
1777498743981154816,-0.008380656130611897,-0.01393494661897421,-1.528640389442444
1777498743991160064,-0.008373383432626724,-0.01393636222928762,-1.528640270233154
1777498744001145600,-0.008374877274036407,-0.01394024398177862,-1.528638124465942
1777498744011111936,-0.00837287399917841,-0.01394179556518793,-1.528636455535889
1777498744021061376,-0.008368444629013538,-0.01394523214548826,-1.528635740280151
1777498744030994176,-0.008371908217668533,-0.01394584029912949,-1.528639674186707
1777498744040907520,-0.008374598808586597,-0.01394327729940414,-1.528642416000366
1777498744050801920,-0.008375533856451511,-0.01394256576895714,-1.528644204139709
1777498744060677376,-0.008376644924283028,-0.01394433714449406,-1.528644561767578
1777498744070533632,-0.008378340862691402,-0.01394583098590374,-1.528645157814026
1777498744080370944,-0.008371591567993164,-0.01394639536738396,-1.52863872051239
1777498744090189056,-0.00836348719894886,-0.01395098958164454,-1.528638005256653
1777498744099988480,-0.008366189897060394,-0.01395143195986748,-1.52863597869873
1777498744109768960,-0.008365209214389324,-0.01395118236541748,-1.528639078140259
1777498744119994368,-0.008365745656192303,-0.0139546561986208,-1.528645396232605
1777498744130200064,-0.00836719386279583,-0.01395324245095253,-1.528647422790527
1777498744140386048,-0.008365195244550705,-0.01395750883966684,-1.528649568557739
1777498744150552320,-0.008365044370293617,-0.01395520661026239,-1.528643608093262
1777498744160699136,-0.008367681875824928,-0.01395554933696985,-1.528640270233154
1777498744170826496,-0.008372177369892597,-0.01395401172339916,-1.52863597869873
1777498744180933632,-0.008371422067284584,-0.0139569379389286,-1.528637170791626
1777498744191022080,-0.00836644321680069,-0.01395684853196144,-1.528634548187256
1777498744201090816,-0.008367137983441353,-0.01395449694246054,-1.528634309768677
1777498744211139584,-0.008370641618967056,-0.01395549345761538,-1.528635859489441
1777498744221172224,-0.008368055336177349,-0.01395395398139954,-1.528636693954468
1777498744231185408,-0.008368456736207008,-0.01395364105701447,-1.528637647628784
1777498744241178880,-0.008370883762836456,-0.01394909899681807,-1.528638362884521
1777498744251152896,-0.00836822297424078,-0.01394420955330133,-1.528642177581787
1777498744261107712,-0.00836497638374567,-0.01393591891974211,-1.528644919395447
1777498744271043072,-0.008363828063011169,-0.01393908075988293,-1.528643608093262
1777498744280958976,-0.008364877663552761,-0.01393683906644583,-1.52864682674408
1777498744290855680,-0.008363109081983566,-0.0139451315626502,-1.528648614883423
1777498744300733440,-0.008363465778529644,-0.01393844559788704,-1.528649210929871
1777498744310592000,-0.008366947993636131,-0.01394082605838776,-1.528652787208557
1777498744320431360,-0.008371028117835522,-0.01394243352115154,-1.528653979301453
1777498744330251776,-0.008369973860681057,-0.01393762789666653,-1.528654336929321
1777498744340052736,-0.008367289789021015,-0.0139399990439415,-1.528654098510742
1777498744349834496,-0.008364865556359291,-0.01393842976540327,-1.528656840324402
1777498744359833088,-0.008371117524802685,-0.01394056994467974,-1.528650999069214
1777498744370047744,-0.008370689116418362,-0.01394087169319391,-1.528651714324951
1777498744380242688,-0.008370395749807358,-0.01394034922122955,-1.528651356697083
1777498744390417664,-0.008367951959371567,-0.01394398789852858,-1.528654336929321
1777498744400572928,-0.008368265815079212,-0.01394664123654366,-1.528653264045715
1777498744410708480,-0.008367158472537994,-0.01394718326628208,-1.528654813766479
1777498744420824064,-0.008364641107618809,-0.01394702680408955,-1.528656363487244
1777498744430919936,-0.008366868831217289,-0.01394298486411572,-1.528652667999268
1777498744440997888,-0.008365710265934467,-0.01394235342741013,-1.528652787208557
1777498744451056128,-0.008369911462068558,-0.01394642982631922,-1.528654456138611
1777498744461095168,-0.008366057649254799,-0.01394738256931305,-1.52865195274353
1777498744471114752,-0.008362899534404278,-0.01395035348832607,-1.528645277023315
1777498744481114880,-0.008355142548680305,-0.01395614445209503,-1.528642654418945
1777498744491095552,-0.00835111178457737,-0.01396188419312239,-1.528643846511841
1777498744501056768,-0.008345989510416985,-0.01395878195762634,-1.52864682674408
1777498744510998016,-0.008341165259480476,-0.01396187208592892,-1.528643250465393
1777498744520920320,-0.00834550429135561,-0.01396303623914719,-1.528642177581787
1777498744530823424,-0.008351188153028488,-0.01395732816308737,-1.528640866279602
1777498744540706816,-0.008343941532075405,-0.0139504112303257,-1.52864134311676
1777498744550570752,-0.008345874957740307,-0.01394660212099552,-1.528639554977417
1777498744560415488,-0.008346214890480042,-0.01395066361874342,-1.528641223907471
1777498744570240768,-0.008346286602318287,-0.01395590323954821,-1.528638482093811
1777498744580046848,-0.008344368077814579,-0.01395803689956665,-1.528637886047363
1777498744589833984,-0.008344222791492939,-0.01395430881530046,-1.528637886047363
1777498744599835904,-0.008338861167430878,-0.01395917590707541,-1.528637051582336
1777498744610051328,-0.008334298618137836,-0.01396559923887253,-1.52863597869873
1777498744620247296,-0.008334025740623474,-0.0139647489413619,-1.52863609790802
1777498744630424064,-0.008331599645316601,-0.01396373752504587,-1.528635501861572
1777498744640581632,-0.008327241986989975,-0.01395436003804207,-1.528631329536438
1777498744650719232,-0.008325245231389999,-0.0139586366713047,-1.528629064559937
1777498744660837376,-0.008316843770444393,-0.01395931467413902,-1.528626322746277
1777498744670935808,-0.008316384628415108,-0.01396095100790262,-1.528624296188354
1777498744681014784,-0.008310802280902863,-0.01396090816706419,-1.528623819351196
1777498744691073792,-0.008311793208122253,-0.01396592520177364,-1.528619527816772
1777498744701113600,-0.008309714496135712,-0.0139712318778038,-1.528614640235901
1777498744711133952,-0.008301333524286747,-0.01397007890045643,-1.528616905212402
1777498744721135104,-0.008291361853480339,-0.01396681554615498,-1.528620004653931
1777498744731117312,-0.008299276232719421,-0.01396862417459488,-1.528620600700378
1777498744741080064,-0.008300956338644028,-0.01396943442523479,-1.528616905212402
1777498744751024896,-0.008301826193928719,-0.01396859157830477,-1.52861475944519
1777498744760952320,-0.00830526277422905,-0.01397725287824869,-1.528618216514587
1777498744770860800,-0.008310230448842049,-0.01397703494876623,-1.528616309165955
1777498744780750080,-0.008313501253724098,-0.01397474855184555,-1.528617262840271
1777498744790620160,-0.008313572965562344,-0.01398155372589827,-1.528619885444641
1777498744800471296,-0.008311503566801548,-0.01397724635899067,-1.528620004653931
1777498744810303232,-0.008310170844197273,-0.01397756207734346,-1.528615474700928
1777498744820115968,-0.008302639238536358,-0.01397784799337387,-1.528616309165955
1777498744829910272,-0.008303439244627953,-0.01397943403571844,-1.52861499786377
1777498744839916544,-0.008302844129502773,-0.01397931762039661,-1.528618931770325
1777498744850133504,-0.008302830159664154,-0.01398262195289135,-1.52861487865448
1777498744860330496,-0.008301423862576485,-0.01398410741239786,-1.528614282608032
1777498744870508288,-0.008297694846987724,-0.0139850378036499,-1.528618097305298
1777498744880666112,-0.008297072723507881,-0.01398883201181889,-1.52861475944519
1777498744890804480,-0.008301741443574429,-0.01398923993110657,-1.528614044189453
1777498744900923136,-0.008297056891024113,-0.01399495452642441,-1.528618574142456
1777498744911022080,-0.008295957930386066,-0.01399919576942921,-1.528614640235901
1777498744921101568,-0.008295293897390366,-0.0139953251928091,-1.528609752655029
1777498744931161600,-0.008304947055876255,-0.01400046423077583,-1.528609871864319
1777498744941201664,-0.008299569599330425,-0.01400221884250641,-1.528611421585083
1777498744951223040,-0.008295835927128792,-0.01400152966380119,-1.528613686561584
1777498744961224960,-0.00829343032091856,-0.01400516182184219,-1.528615355491638
1777498744971209216,-0.008288605138659477,-0.01399803068488836,-1.528619289398193
1777498744981175808,-0.008288796059787273,-0.01400006376206875,-1.528618454933167
1777498744991123200,-0.008299061097204685,-0.01400206983089447,-1.528622150421143
1777498745001051648,-0.008299482986330986,-0.0140032023191452,-1.528620481491089
1777498745010961152,-0.008293942548334599,-0.01400409545749426,-1.528623938560486
1777498745020851200,-0.008295432664453983,-0.0140038775280118,-1.528621912002563
1777498745030722048,-0.008297866210341454,-0.01400945615023375,-1.528622627258301
1777498745040573696,-0.008302416652441025,-0.0140126533806324,-1.528624773025513
1777498745050406656,-0.008299441076815128,-0.0140072125941515,-1.528625726699829
1777498745060220672,-0.008294951170682907,-0.01400262862443924,-1.528626918792725
1777498745070015744,-0.008300750516355038,-0.01400092989206314,-1.528631210327148
1777498745079791872,-0.008307577110826969,-0.01400170754641294,-1.528634667396545
1777498745090010112,-0.008307614363729954,-0.01400652900338173,-1.528634548187256
1777498745100208640,-0.008301704190671444,-0.01401444897055626,-1.528633236885071
1777498745110387712,-0.008303532376885414,-0.01401509530842304,-1.528631925582886
1777498745120547328,-0.00830648560076952,-0.01401462405920029,-1.528634667396545
1777498745130687488,-0.00830535776913166,-0.01401910930871964,-1.528635740280151
1777498745140808192,-0.008307692594826221,-0.01401581149548292,-1.528638601303101
1777498745150909184,-0.008304229006171227,-0.01402049511671066,-1.528643131256104
1777498745160990976,-0.008309327997267246,-0.01401684526354074,-1.528642177581787
1777498745171052544,-0.008311282843351364,-0.01401903294026852,-1.528640985488892
1777498745181094400,-0.008306345902383327,-0.01401958428323269,-1.528642654418945
1777498745191116544,-0.008309308439493179,-0.01401347015053034,-1.5286465883255
1777498745201119744,-0.008312186226248741,-0.01401353534311056,-1.528643488883972
1777498745211103232,-0.008313261903822422,-0.01400914788246155,-1.528645157814026
1777498745221069824,-0.008314121514558792,-0.0140062365680933,-1.528651118278503
1777498745231017216,-0.008312426507472992,-0.01400160510092974,-1.528650522232056
1777498745240945408,-0.008309361524879932,-0.01399983745068312,-1.528644919395447
1777498745250854144,-0.00831149984151125,-0.01399417128413916,-1.528645515441895
1777498745260743680,-0.008313140831887722,-0.01399216707795858,-1.528645873069763
1777498745270614016,-0.008311222307384014,-0.01399054378271103,-1.528643012046814
1777498745280465152,-0.008314476348459721,-0.01399155613034964,-1.528643131256104
1777498745290296832,-0.008319401182234287,-0.01398788299411535,-1.528647065162659
1777498745300109824,-0.008320600725710392,-0.01398760359734297,-1.528648972511292
1777498745309903616,-0.008320164866745472,-0.01399468816816807,-1.528650283813477
1777498745319678464,-0.00831191148608923,-0.01399405859410763,-1.528650760650635
1777498745329897728,-0.008307929150760174,-0.01399975549429655,-1.528648376464844
1777498745340097792,-0.008309108205139637,-0.01399752032011747,-1.528651833534241
1777498745350277888,-0.008316867053508759,-0.01399695500731468,-1.528653621673584
1777498745360438016,-0.008307455107569695,-0.01399144344031811,-1.528654813766479
1777498745370578176,-0.00830402784049511,-0.01398756634443998,-1.528657555580139
1777498745380698880,-0.00830522645264864,-0.01398524641990662,-1.528658390045166
1777498745390799360,-0.008301517926156521,-0.01398609951138496,-1.528660893440247
1777498745400880128,-0.008293972350656986,-0.01399317290633917,-1.528661966323853
1777498745410943232,-0.008294112980365753,-0.01398477703332901,-1.528659105300903
1777498745420988672,-0.008295937441289425,-0.01398985832929611,-1.528654456138611
1777498745431014656,-0.008299918845295906,-0.013987697660923,-1.528656601905823
1777498745441021184,-0.008300395682454109,-0.01400161255151033,-1.528654813766479
1777498745451007744,-0.008297430351376534,-0.01400990877300501,-1.528647899627686
1777498745460975104,-0.008296395651996136,-0.01401006430387497,-1.528642177581787
1777498745470923264,-0.00829390250146389,-0.01400649454444647,-1.528641939163208
1777498745480851712,-0.008298845961689949,-0.01401078328490257,-1.528639674186707
1777498745490761216,-0.008295978419482708,-0.01400910690426826,-1.52863883972168
1777498745500651520,-0.008293761871755123,-0.0140050919726491,-1.528637528419495
1777498745510522368,-0.008285519666969776,-0.01400577649474144,-1.528640866279602
1777498745520374016,-0.008282764814794064,-0.01400486100465059,-1.52863883972168
1777498745530206464,-0.008285666815936565,-0.01400367449969053,-1.528641581535339
1777498745540019712,-0.008286346681416035,-0.01400437671691179,-1.528642535209656
1777498745549813760,-0.008288492448627949,-0.01400239672511816,-1.528644442558289
1777498745559588352,-0.008292030543088913,-0.01399427838623524,-1.528647184371948
1777498745569812992,-0.008291205391287804,-0.01398660987615585,-1.528648853302002
1777498745580017664,-0.008286075666546822,-0.0139909852296114,-1.528648614883423
1777498745590203136,-0.008281647227704525,-0.01398999243974686,-1.528648257255554
1777498745600369408,-0.008281370624899864,-0.01399023830890656,-1.528645634651184
1777498745610515712,-0.008285759948194027,-0.01399113051593304,-1.52864408493042
1777498745620642304,-0.008281349204480648,-0.01399184018373489,-1.528640866279602
1777498745630749440,-0.008284001611173153,-0.01399231981486082,-1.528642177581787
1777498745640837120,-0.008275092579424381,-0.01398918032646179,-1.528642416000366
1777498745650904832,-0.008277685381472111,-0.01399660296738148,-1.528646469116211
1777498745660952832,-0.008277296088635921,-0.01399576757103205,-1.528651237487793
1777498745670981120,-0.008270557038486004,-0.01399554684758186,-1.528655529022217
1777498745680990464,-0.008272380568087101,-0.01399681251496077,-1.528655171394348
1777498745690980352,-0.008273661136627197,-0.01400125306099653,-1.52865207195282
1777498745700952064,-0.008271641097962856,-0.01400089450180531,-1.528654456138611
1777498745710906112,-0.00827451515942812,-0.01399737503379583,-1.528653264045715
1777498745720840704,-0.008273972198367119,-0.01399434451013803,-1.528656482696533
1777498745730755840,-0.008268764242529869,-0.01399590633809566,-1.528656840324402
1777498745740651776,-0.008269377984106541,-0.01399754546582699,-1.528658032417297
1777498745750528512,-0.008263339288532734,-0.01399925071746111,-1.528657913208008
1777498745760385792,-0.008261946029961109,-0.01399847771972418,-1.528657078742981
1777498745770223616,-0.008263510651886463,-0.01399274356663227,-1.528656005859375
1777498745780042752,-0.008268789388239384,-0.01399596221745014,-1.52865731716156
1777498745789842944,-0.008267125114798546,-0.01399468164891005,-1.52866005897522
1777498745799623936,-0.008266023360192776,-0.01399900484830141,-1.528659224510193
1777498745809849856,-0.008268559351563454,-0.01399918086826801,-1.5286545753479
1777498745820056064,-0.00826623197644949,-0.01400338485836983,-1.528658866882324
1777498745830242560,-0.00826581846922636,-0.01400407683104277,-1.528661608695984
1777498745840409344,-0.008263314142823219,-0.01400676183402538,-1.5286625623703
1777498745850556672,-0.008261700160801411,-0.01400336530059576,-1.528659224510193
1777498745860684288,-0.008262133225798607,-0.01400582492351532,-1.52866005897522
1777498745870793472,-0.008257657289505005,-0.01400918327271938,-1.528658628463745
1777498745880883456,-0.008262727409601212,-0.01400011777877808,-1.528658628463745
1777498745890954240,-0.008258514106273651,-0.01399964094161987,-1.528656482696533
1777498745901005312,-0.008257416076958179,-0.01400075573474169,-1.528657078742981
1777498745911037440,-0.008253522217273712,-0.01399628911167383,-1.528656721115112
1777498745921049856,-0.008258002810180187,-0.01399375218898058,-1.528657078742981
1777498745931042816,-0.008260618895292282,-0.01398948766291142,-1.528654456138611
1777498745941016320,-0.008256901986896992,-0.01398664619773626,-1.528653740882874
1777498745950971136,-0.008249404840171337,-0.01398713886737823,-1.528651595115662
1777498745960906752,-0.008252826519310474,-0.01398651674389839,-1.528645277023315
1777498745970823168,-0.008256714791059494,-0.01399142108857632,-1.528645634651184
1777498745980720384,-0.008257364854216576,-0.01398712955415249,-1.528643012046814
1777498745990598144,-0.008252286352217197,-0.01398844551295042,-1.528638243675232
1777498746000456704,-0.008258112706243992,-0.01398531161248684,-1.528637766838074
1777498746010296064,-0.008254752494394779,-0.01397707872092724,-1.528640389442444
1777498746020116480,-0.008257394656538963,-0.01397770550101995,-1.528642058372498
1777498746029921792,-0.008255212567746639,-0.01398124732077122,-1.528643012046814
1777498746039710720,-0.008255993947386742,-0.01399149931967258,-1.52864396572113
1777498746049713664,-0.008254841901361942,-0.01398918870836496,-1.528643131256104
1777498746059929856,-0.008253494277596474,-0.01399480178952217,-1.528645873069763
1777498746070126336,-0.008258312940597534,-0.01398981921374798,-1.52864396572113
1777498746080303360,-0.008258786983788013,-0.01399397384375334,-1.528640151023865
1777498746090460928,-0.008261502720415592,-0.01399750355631113,-1.52863621711731
1777498746100598784,-0.008261610753834248,-0.01400309801101685,-1.528640389442444
1777498746110716928,-0.008261464536190033,-0.01400454342365265,-1.528643131256104
1777498746120815104,-0.008257003501057625,-0.01400549989193678,-1.528640627861023
1777498746130893824,-0.008254856802523136,-0.01401189249008894,-1.528639554977417
1777498746140953088,-0.008259689435362816,-0.01401915401220322,-1.528635025024414
1777498746150992640,-0.008256267756223679,-0.0140285836532712,-1.528634786605835
1777498746161013248,-0.008245660923421383,-0.0140330083668232,-1.52863597869873
1777498746171014400,-0.008249078877270222,-0.01404012460261583,-1.52863621711731
1777498746180995840,-0.008249836042523384,-0.01404197793453932,-1.528631091117859
1777498746190957824,-0.008252883329987526,-0.01403839979320765,-1.528631210327148
1777498746200900608,-0.008254303596913815,-0.01403514388948679,-1.528634190559387
1777498746210823936,-0.008255091495811939,-0.01402803044766188,-1.528635025024414
1777498746220727808,-0.008254563435912132,-0.01403327099978924,-1.528632521629333
1777498746230618624,-0.008253162726759911,-0.01403542142361403,-1.528635859489441
1777498746240490240,-0.008248555473983288,-0.01403716113418341,-1.528634548187256
1777498746250342656,-0.008248633705079556,-0.01403516530990601,-1.528636574745178
1777498746260175360,-0.008241732604801655,-0.01403701771050692,-1.528632521629333
1777498746269989120,-0.008242560550570488,-0.01404101587831974,-1.528631806373596
1777498746279783936,-0.008232017979025841,-0.01404866855591536,-1.528631567955017
1777498746289790208,-0.008227458223700523,-0.01404136419296265,-1.528626441955566
1777498746300007168,-0.008230763487517834,-0.01403462328016758,-1.528626322746277
1777498746310204160,-0.008233646862208843,-0.01403735298663378,-1.528630018234253
1777498746320382208,-0.008236066438257694,-0.0140422023832798,-1.528625249862671
1777498746330540544,-0.008240056224167347,-0.01403904426842928,-1.528622388839722
1777498746340679168,-0.008239902555942535,-0.01403687335550785,-1.52862274646759
1777498746350797824,-0.008235950954258442,-0.01404251903295517,-1.528620719909668
1777498746360897280,-0.008232789114117622,-0.01403805520385504,-1.528623938560486
1777498746370977280,-0.008228517137467861,-0.01404498424381018,-1.528631091117859
1777498746381037568,-0.00822612177580595,-0.01404127571731806,-1.528634190559387
1777498746391078144,-0.008225283585488796,-0.0140360202640295,-1.528632283210754
1777498746401099264,-0.00822090357542038,-0.01403386611491442,-1.52863621711731
1777498746411100928,-0.00821972917765379,-0.01403413433581591,-1.528634548187256
1777498746421083136,-0.008216211572289467,-0.01403541304171085,-1.528633952140808
1777498746431045888,-0.008210291154682636,-0.01403716299682856,-1.528633832931519
1777498746440993024,-0.008206635713577271,-0.01404082030057907,-1.528642177581787
1777498746450920960,-0.008204803802073002,-0.01403895951807499,-1.528643369674683
1777498746460829696,-0.008199346251785755,-0.01404147874563932,-1.528641939163208
1777498746470719232,-0.008201246149837971,-0.01404464617371559,-1.528642654418945
1777498746480589824,-0.008204293437302113,-0.01404254883527756,-1.528646230697632
1777498746490441216,-0.008202115073800087,-0.01403727941215038,-1.528646349906921
1777498746500273408,-0.008206138387322426,-0.01402702089399099,-1.528648376464844
1777498746510086912,-0.008212810382246971,-0.0140243312343955,-1.528650879859924
1777498746519881728,-0.008218991570174694,-0.01402095425873995,-1.528652667999268
1777498746529657600,-0.008215094916522503,-0.01402662321925163,-1.528654813766479
1777498746539875840,-0.008210042491555214,-0.01402975805103779,-1.528655886650085
1777498746550074368,-0.008205694146454334,-0.01403031311929226,-1.528653979301453
1777498746560252928,-0.008202476426959038,-0.01404031272977591,-1.52865195274353
1777498746570412544,-0.008198969997465611,-0.01403663400560617,-1.52864944934845
1777498746580552448,-0.008197866380214691,-0.01403417158871889,-1.528654456138611
1777498746590672640,-0.008198697119951248,-0.01403391547501087,-1.528650164604187
1777498746600773120,-0.008197975344955921,-0.0140294786542654,-1.52865207195282
1777498746610853632,-0.008200568147003651,-0.01403040625154972,-1.528650522232056
1777498746620914432,-0.008194036781787872,-0.01403215620666742,-1.52865207195282
1777498746630955776,-0.008187420666217804,-0.01403438579291105,-1.528649091720581
1777498746640977408,-0.008186326362192631,-0.0140330009162426,-1.528644680976868
1777498746650980096,-0.008179506286978722,-0.01403096877038479,-1.52864408493042
1777498746660965632,-0.008176270872354507,-0.01402934174984694,-1.528645396232605
1777498746670931968,-0.008172829635441303,-0.01403643004596233,-1.528641939163208
1777498746680878592,-0.00816918071359396,-0.01404258888214827,-1.528640151023865
1777498746690805504,-0.008170575834810734,-0.01404472440481186,-1.528635859489441
1777498746700713472,-0.008175767958164215,-0.01404634583741426,-1.528634786605835
1777498746710601984,-0.008178975433111191,-0.01404459122568369,-1.52863609790802
1777498746720471296,-0.008182250894606113,-0.01404886972159147,-1.528636932373047
1777498746730321152,-0.008182789199054241,-0.01404793094843626,-1.52863597869873
1777498746740152320,-0.008184872567653656,-0.01404851395636797,-1.528636813163757
1777498746749964544,-0.008184382691979408,-0.01404870953410864,-1.528638124465942
1777498746759757568,-0.008187824860215187,-0.01404237188398838,-1.528641700744629
1777498746769531392,-0.008183937519788742,-0.01404886413365602,-1.528640389442444
1777498746779750656,-0.00818212702870369,-0.01404912862926722,-1.528642892837524
1777498746789949952,-0.008179353550076485,-0.01404961943626404,-1.528643608093262
1777498746800129536,-0.0081745320931077,-0.01404912397265434,-1.528641581535339
1777498746810290176,-0.008180120959877968,-0.01404907554388046,-1.52863621711731
1777498746820431360,-0.008184713311493397,-0.0140487514436245,-1.528636455535889
1777498746830552320,-0.008178990334272385,-0.01404851954430342,-1.528635144233704
1777498746840653568,-0.008184879086911678,-0.01405100058764219,-1.528637766838074
1777498746850735360,-0.008183817379176617,-0.01404642034322023,-1.528634905815125
1777498746860797696,-0.008181918412446976,-0.01404385268688202,-1.528632998466492
1777498746870839808,-0.008180717937648296,-0.01404101308435202,-1.528632283210754
1777498746880862464,-0.008179808966815472,-0.01404268573969603,-1.528629541397095
1777498746890866176,-0.008175269700586796,-0.01404913421720266,-1.528627872467041
1777498746900850688,-0.008171461522579193,-0.01405545696616173,-1.528626322746277
1777498746910819072,-0.008174637332558632,-0.01405582018196583,-1.528624892234802
1777498746920767744,-0.008169263601303101,-0.01405405253171921,-1.528627395629883
1777498746930697216,-0.008166994899511337,-0.01404751371592283,-1.528629899024963
1777498746940606976,-0.008161640726029873,-0.01404800266027451,-1.528629899024963
1777498746950497792,-0.008162222802639008,-0.01404376327991486,-1.528625726699829
1777498746960369408,-0.008159751072525978,-0.01404454465955496,-1.528626322746277
1777498746970221568,-0.008159659802913666,-0.01404036674648523,-1.528626441955566
1777498746980054528,-0.008153831586241722,-0.01403463631868362,-1.52862548828125
1777498746989868544,-0.00815090723335743,-0.0140356132760644,-1.528624176979065
1777498746999663360,-0.008151378482580185,-0.0140331732109189,-1.528621792793274
1777498747009439232,-0.008142769336700439,-0.0140343252569437,-1.528620004653931
1777498747019664896,-0.008143540471792221,-0.01403441559523344,-1.528619527816772
1777498747029870592,-0.008145648054778576,-0.01403439976274967,-1.528618812561035
1777498747040056320,-0.008145040832459927,-0.01403006631880999,-1.528619170188904
1777498747050223104,-0.008153530769050121,-0.01402412820607424,-1.528619885444641
1777498747060370944,-0.008159035816788673,-0.01402791682630777,-1.528621315956116
1777498747070498816,-0.00815894827246666,-0.01402359642088413,-1.528622031211853
1777498747080607232,-0.00816051010042429,-0.01402135752141476,-1.528623580932617
1777498747090696192,-0.008168098516762257,-0.01402033399790525,-1.528626799583435
1777498747100765440,-0.008166610263288021,-0.01402396243065596,-1.528620600700378
1777498747110815488,-0.00816312525421381,-0.01402926817536354,-1.528623223304749
1777498747120846336,-0.008157293312251568,-0.01403083000332117,-1.528622627258301
1777498747130860288,-0.008158155716955662,-0.01403143815696239,-1.528620004653931
1777498747140856064,-0.00815639179199934,-0.01402996107935905,-1.528616666793823
1777498747150832384,-0.008161481469869614,-0.01402743346989155,-1.528618812561035
1777498747160789248,-0.008162029087543488,-0.01403061207383871,-1.528615117073059
1777498747170726912,-0.008158047683537006,-0.01403331477195024,-1.528616189956665
1777498747180644864,-0.008155697956681252,-0.01403341256082058,-1.52861475944519
1777498747190543616,-0.008161158300936222,-0.01403644774109125,-1.528613924980164
1777498747200422912,-0.008166561834514141,-0.01403753459453583,-1.528612017631531
1777498747210283520,-0.008162302896380424,-0.01403383444994688,-1.528611540794373
1777498747220124672,-0.008162863552570343,-0.01403774507343769,-1.528614401817322
1777498747229946880,-0.008165907114744186,-0.014035957865417,-1.528614044189453
1777498747239749376,-0.008163838647305965,-0.01403680443763733,-1.528616189956665
1777498747249532672,-0.008165686391294003,-0.01403753366321325,-1.528618812561035
1777498747259767552,-0.008161958307027817,-0.01403180137276649,-1.528617024421692
1777498747269982464,-0.008155913092195988,-0.01402583066374063,-1.528615832328796
1777498747280177920,-0.008160581812262535,-0.01402943767607212,-1.528612852096558
1777498747290353408,-0.008161607198417187,-0.01402397453784943,-1.528617024421692
1777498747300509440,-0.008153617382049561,-0.0140227135270834,-1.528617024421692
1777498747310645248,-0.008152087219059467,-0.01402266789227724,-1.528615951538086
1777498747320761344,-0.008152195252478123,-0.01402334403246641,-1.528617262840271
1777498747330857984,-0.008151586167514324,-0.01402530539780855,-1.528618693351746
1777498747340935936,-0.008159244433045387,-0.01403265446424484,-1.528623819351196
1777498747350995456,-0.008161080069839954,-0.01403119415044785,-1.52862823009491
1777498747361035520,-0.008162682875990868,-0.01403241977095604,-1.528627514839172
1777498747371055872,-0.00815932173281908,-0.01403678394854069,-1.528631091117859
1777498747381056768,-0.008161484263837337,-0.01403474528342485,-1.528632044792175
1777498747391038208,-0.008158264681696892,-0.01403987221419811,-1.52862811088562
1777498747400999936,-0.0081591522321105,-0.0140351178124547,-1.52862548828125
1777498747410942208,-0.008156240917742252,-0.01403483282774687,-1.528625130653381
1777498747420865792,-0.008150579407811165,-0.01402815524488688,-1.528625249862671
1777498747430770432,-0.008139592595398426,-0.01402806397527456,-1.528626441955566
1777498747440655360,-0.008138152770698071,-0.01402618177235126,-1.52862548828125
1777498747450520832,-0.008139034733176231,-0.01402176171541214,-1.528627038002014
1777498747460367360,-0.008142021484673023,-0.01402567699551582,-1.528631091117859
1777498747470194432,-0.008140078745782375,-0.01402887143194675,-1.52862811088562
1777498747480002560,-0.008140956051647663,-0.01402417384088039,-1.528624296188354
1777498747489791232,-0.008142762817442417,-0.01401889510452747,-1.528623819351196
1777498747499793152,-0.008144419640302658,-0.01401900500059128,-1.528624773025513
1777498747510008320,-0.00814858078956604,-0.01401556376367807,-1.528627872467041
1777498747520203776,-0.008148877881467342,-0.01401886343955994,-1.528626561164856
1777498747530380288,-0.008143655024468899,-0.01402197685092688,-1.528627872467041
1777498747540537088,-0.008141782134771347,-0.01402450539171696,-1.528626561164856
1777498747550674176,-0.008144020102918148,-0.01402313075959682,-1.528631567955017
1777498747560791808,-0.008147578686475754,-0.01402562111616135,-1.528630614280701
1777498747570889984,-0.008144425228238106,-0.01402734965085983,-1.528631925582886
1777498747580968704,-0.00813938956707716,-0.01402845233678818,-1.528629183769226
1777498747591027712,-0.008138191886246204,-0.01403039786964655,-1.528631448745728
1777498747601067264,-0.008144286461174488,-0.01403642818331718,-1.528628349304199
1777498747611091200,-0.008144177496433258,-0.01403754763305187,-1.528631329536438
1777498747621095680,-0.008146640844643116,-0.01404269132763147,-1.528629422187805
1777498747631080704,-0.008150004781782627,-0.014046311378479,-1.52862536907196
1777498747641046016,-0.008152364753186703,-0.01404939405620098,-1.528618097305298
1777498747650992128,-0.00815883930772543,-0.01405386067926884,-1.528618216514587
1777498747660918272,-0.008158150129020214,-0.01405136194080114,-1.528623223304749
1777498747670825216,-0.008159263990819454,-0.01406009960919619,-1.528622984886169
1777498747680712704,-0.008154256269335747,-0.01406767219305038,-1.528624296188354
1777498747690581248,-0.008152727968990803,-0.0140688493847847,-1.528626203536987
1777498747700430336,-0.008149967528879642,-0.01406892854720354,-1.528630018234253
1777498747710260224,-0.008142744190990925,-0.01406797673553228,-1.528634667396545
1777498747720070912,-0.00814101193100214,-0.0140738720074296,-1.528635859489441
1777498747729862656,-0.008130830712616444,-0.01407064776867628,-1.528634548187256
1777498747739867136,-0.008130035363137722,-0.01406438276171684,-1.52863621711731
1777498747750084096,-0.008131398819386959,-0.01406076271086931,-1.528640151023865
1777498747760281600,-0.008138865232467651,-0.01405378803610802,-1.528641223907471
1777498747770459392,-0.008138458244502544,-0.0140539463609457,-1.528644680976868
1777498747780617472,-0.008129768073558807,-0.01405056659132242,-1.528642773628235
1777498747790756096,-0.008131567388772964,-0.01405116729438305,-1.528636574745178
1777498747800875008,-0.008123395033180714,-0.01404983643442392,-1.528636574745178
1777498747810974464,-0.008122225292026997,-0.01404641289263964,-1.52863609790802
1777498747821054208,-0.008111021481454372,-0.01404269505292177,-1.528638482093811
1777498747831114240,-0.008111824281513691,-0.01404731441289186,-1.528636336326599
1777498747841155072,-0.008112975396215916,-0.01404825784265995,-1.528634905815125
1777498747851179264,-0.00811855960637331,-0.01405232306569815,-1.528637647628784
1777498747861184256,-0.008111310191452503,-0.01404881849884987,-1.52864134311676
1777498747871169792,-0.008108491078019142,-0.01405350305140018,-1.528640031814575
1777498747881135616,-0.008110175840556622,-0.01405879948288202,-1.528636932373047
1777498747891082240,-0.008108544163405895,-0.01405735686421394,-1.528645634651184
1777498747901009664,-0.008104054257273674,-0.01406077574938536,-1.528638362884521
1777498747910917632,-0.008109051734209061,-0.0140642374753952,-1.528639674186707
1777498747920805888,-0.00810662005096674,-0.01406146679073572,-1.528637886047363
1777498747930675712,-0.008100985549390316,-0.01405975688248873,-1.528634786605835
1777498747940526080,-0.008092537522315979,-0.01406576670706272,-1.528639435768127
1777498747950357248,-0.008083286695182323,-0.01406238041818142,-1.528640627861023
1777498747960168960,-0.00808060634881258,-0.01405611634254456,-1.528640389442444
1777498747969961984,-0.008080024272203445,-0.01406299136579037,-1.528638243675232
1777498747979735808,-0.008074223063886166,-0.01406481117010117,-1.528638362884521
1777498747989954048,-0.008073797449469566,-0.01406029518693686,-1.528637409210205
1777498748000152320,-0.008074201643466949,-0.014055997133255,-1.528635859489441
1777498748010330368,-0.008073336444795132,-0.01405398454517126,-1.528630495071411
1777498748020488448,-0.008071691729128361,-0.01405328884720802,-1.528627753257751
1777498748030628608,-0.008077088743448257,-0.0140531612560153,-1.528620481491089
1777498748040749312,-0.008074980229139328,-0.01405233796685934,-1.528623461723328
1777498748050850304,-0.00807387288659811,-0.01405241340398788,-1.52862012386322
1777498748060931840,-0.008067109622061253,-0.01404864247888327,-1.528619647026062
1777498748070994432,-0.008066058158874512,-0.01404756121337414,-1.528615713119507
1777498748081037824,-0.008072149939835072,-0.01404820941388607,-1.528615355491638
1777498748091061504,-0.008069386705756187,-0.01403909735381603,-1.528614044189453
1777498748101065728,-0.008069464005529881,-0.01403346378356218,-1.528619289398193
1777498748111051264,-0.008064819499850273,-0.01403865497559309,-1.52862274646759
1777498748121017344,-0.008062714710831642,-0.01404016744345427,-1.528620481491089
1777498748130963968,-0.008061481639742851,-0.01404281426221132,-1.528616189956665
1777498748140891392,-0.008058629930019379,-0.01403708197176456,-1.528614044189453
1777498748150799616,-0.008050679229199886,-0.0140407532453537,-1.52861750125885
1777498748160691712,-0.008048667572438717,-0.01404364593327045,-1.528614044189453
1777498748170567680,-0.008051232434809208,-0.01404708530753851,-1.528615713119507
1777498748180424704,-0.008047757670283318,-0.01404990535229445,-1.528616070747375
1777498748190262784,-0.008042658679187298,-0.01405134703963995,-1.528613448143005
1777498748200081920,-0.008037704974412918,-0.01405697409063578,-1.528614282608032
1777498748209882112,-0.008033131249248981,-0.01405687164515257,-1.528615236282349
1777498748219663104,-0.008025713264942169,-0.01405930612236261,-1.528614044189453
1777498748229882368,-0.008022548630833626,-0.01405917201191187,-1.528612732887268
1777498748240081920,-0.008022652938961983,-0.01406025420874357,-1.528609395027161
1777498748250261760,-0.008022221736609936,-0.01406003907322884,-1.528611898422241
1777498748260421888,-0.00802393164485693,-0.01405522134155035,-1.528616189956665
1777498748270562560,-0.008027647621929646,-0.01405149046331644,-1.528616309165955
1777498748280683776,-0.008027462288737297,-0.0140523873269558,-1.528620839118958
1777498748290785024,-0.008039624430239201,-0.01404916495084763,-1.528618812561035
1777498748300867072,-0.008032400161027908,-0.01404394675046206,-1.528622508049011
1777498748310929408,-0.008023364469408989,-0.01403991132974625,-1.528619408607483
1777498748320972288,-0.008017836138606071,-0.01404102705419064,-1.528619766235352
1777498748330995456,-0.008019840344786644,-0.0140377813950181,-1.528622269630432
1777498748340999424,-0.008026951923966408,-0.0140359690412879,-1.52862548828125
1777498748350984192,-0.008024298585951328,-0.01403061952441931,-1.528626203536987
1777498748360949504,-0.008022787049412727,-0.01402493938803673,-1.528625845909119
1777498748370895616,-0.008019429631531239,-0.01403373759239912,-1.528629660606384
1777498748380822272,-0.008025317452847958,-0.01402408536523581,-1.528631567955017
1777498748390729728,-0.008023650385439396,-0.01403031684458256,-1.528630137443542
1777498748400617984,-0.008025174029171467,-0.0140271270647645,-1.528628468513489
1777498748410490624,-0.008023502305150032,-0.01402051001787186,-1.528626799583435
1777498748420347904,-0.008026101626455784,-0.01402115635573864,-1.52862286567688
1777498748430185728,-0.008027149364352226,-0.01400945987552404,-1.528626680374146
1777498748440004608,-0.008026067167520523,-0.014008111320436,-1.528621077537537
1777498748449804800,-0.008029000833630562,-0.01401069760322571,-1.528617382049561
1777498748459585280,-0.008035609498620033,-0.01401724573224783,-1.528619647026062
1777498748469810432,-0.008033703081309795,-0.01402636151760817,-1.528624296188354
1777498748480015616,-0.008027492091059685,-0.01402263250201941,-1.528627634048462
1777498748490200832,-0.008028134703636169,-0.01403163466602564,-1.528624773025513
1777498748500367360,-0.008021058514714241,-0.01403463631868362,-1.528624057769775
1777498748510514432,-0.008026834577322006,-0.0140278646722436,-1.528630137443542
1777498748520641280,-0.008023742586374283,-0.01403522957116365,-1.528630018234253
1777498748530748672,-0.008022517897188663,-0.01403375528752804,-1.52863621711731
1777498748540836608,-0.008019374683499336,-0.01403914671391249,-1.528635382652283
1777498748550904576,-0.008017087355256081,-0.01404000446200371,-1.528634071350098
1777498748560952832,-0.008019536733627319,-0.01404113695025444,-1.52863347530365
1777498748570981120,-0.008012874983251095,-0.01403939165174961,-1.528630018234253
1777498748580990208,-0.008008247241377831,-0.01403840817511082,-1.528633713722229
1777498748590980096,-0.008011228404939175,-0.01403755694627762,-1.52863335609436
1777498748600950272,-0.00801406241953373,-0.01403979957103729,-1.528631210327148
1777498748610901248,-0.008016741834580898,-0.01403398532420397,-1.528629302978516
1777498748620832768,-0.008019079454243183,-0.01403124444186687,-1.528628945350647
1777498748630744576,-0.00801421795040369,-0.01403292268514633,-1.528623700141907
1777498748640636928,-0.008009763434529305,-0.01403099950402975,-1.528621435165405
1777498748650510080,-0.008004899136722088,-0.01403397507965565,-1.528623223304749
1777498748660364032,-0.00800471194088459,-0.01403756719082594,-1.528619647026062
1777498748670205952,-0.008007065393030643,-0.01403974369168282,-1.528612732887268
1777498748680028672,-0.008008026517927647,-0.01403565611690283,-1.528610706329346
1777498748689832448,-0.008005309849977493,-0.01402903161942959,-1.528612375259399
1777498748699617536,-0.008000590838491917,-0.01402797549962997,-1.528610467910767
1777498748709613312,-0.008002364076673985,-0.01402891241014004,-1.528608322143555
1777498748719819776,-0.008002331480383873,-0.01402744743973017,-1.528606653213501
1777498748730007040,-0.007999416440725327,-0.01404137536883354,-1.528602838516235
1777498748740174336,-0.008000539615750313,-0.01404436212033033,-1.528603911399841
1777498748750321664,-0.008002824150025845,-0.01404412090778351,-1.528607487678528
1777498748760450048,-0.008005257695913315,-0.01404816191643476,-1.528607368469238
1777498748770559232,-0.008007875643670559,-0.01404680404812098,-1.528606295585632
1777498748780649472,-0.008010829798877239,-0.01404176373034716,-1.528605580329895
1777498748790720000,-0.008007789961993694,-0.0140423346310854,-1.528603434562683
1777498748800771072,-0.008008318021893501,-0.01403957046568394,-1.528600215911865
1777498748810802688,-0.008000489324331284,-0.01403748895972967,-1.528597712516785
1777498748820814848,-0.007996005937457085,-0.01404020376503468,-1.528593420982361
1777498748830807552,-0.007989700883626938,-0.01404241658747196,-1.528595089912415
1777498748840780544,-0.007980896160006523,-0.0140426941215992,-1.528593182563782
1777498748850734336,-0.007977534085512161,-0.01403653062880039,-1.528591513633728
1777498748860668416,-0.007983418181538582,-0.01403642166405916,-1.52859628200531
1777498748870583040,-0.007980575785040855,-0.0140423234552145,-1.528591513633728
1777498748880478464,-0.00797583069652319,-0.0140402102842927,-1.528592348098755
1777498748890354688,-0.007981039583683014,-0.01404501032084227,-1.528594851493835
1777498748900211200,-0.007973244413733482,-0.01404876541346312,-1.528592586517334
1777498748910048512,-0.007972784340381622,-0.01404473185539246,-1.528594017028809
1777498748919866624,-0.007967714220285416,-0.01404028106480837,-1.528595566749573
1777498748929666048,-0.007967251352965832,-0.01403809897601604,-1.528596520423889
1777498748939447040,-0.007960531860589981,-0.01403522212058306,-1.528586626052856
1777498748949445888,-0.007954734377563,-0.01403630059212446,-1.528585195541382
1777498748959662336,-0.007960325106978416,-0.01403621677309275,-1.528585076332092
1777498748969859328,-0.007960496470332146,-0.01404344849288464,-1.528580188751221
1777498748980036352,-0.007958456873893738,-0.01404658704996109,-1.528576374053955
1777498748990193664,-0.007960330694913864,-0.01404584757983685,-1.528576374053955
1777498749000331776,-0.007959921844303608,-0.01405231188982725,-1.528580188751221
1777498749010450176,-0.00795463752001524,-0.01404779870063066,-1.528582453727722
1777498749020548864,-0.007955221459269524,-0.01404475513845682,-1.528578162193298
1777498749030629120,-0.007948108017444611,-0.01404558960348368,-1.528581261634827
1777498749040690688,-0.007945166900753975,-0.01404064614325762,-1.52858293056488
1777498749050732544,-0.007945729419589043,-0.01403664797544479,-1.528587818145752
1777498749060754944,-0.007946191355586052,-0.01403647102415562,-1.528587102890015
1777498749070758656,-0.00794488936662674,-0.01403770502656698,-1.52858829498291
1777498749080743168,-0.007934892550110817,-0.01403095573186874,-1.528588175773621
1777498749090708224,-0.007934892550110817,-0.01403350289911032,-1.528589248657227
1777498749100653824,-0.007933552376925945,-0.01403138786554337,-1.528586626052856
1777498749110580480,-0.007932658307254314,-0.01402755454182625,-1.528589487075806
1777498749120487936,-0.007926850579679012,-0.0140284700319171,-1.528586030006409
1777498749130375936,-0.007920307107269764,-0.01403207052499056,-1.528586506843567
1777498749140244480,-0.007923957891762257,-0.01403248123824596,-1.528582692146301
1777498749150093824,-0.00792150292545557,-0.0140303447842598,-1.528587102890015
1777498749159923968,-0.007921939715743065,-0.0140297319740057,-1.528583765029907
1777498749169734912,-0.007921719923615456,-0.01403151266276836,-1.528579711914062
1777498749179526400,-0.007922390475869179,-0.01403594575822353,-1.528578758239746
1777498749189531392,-0.007923087105154991,-0.01402937341481447,-1.528578281402588
1777498749199749632,-0.007921217940747738,-0.01403283979743719,-1.528577089309692
1777498749209948160,-0.007919109426438808,-0.01403208915144205,-1.528581023216248
1777498749220126720,-0.007918450050055981,-0.01403375994414091,-1.528580546379089
1777498749230285312,-0.007912412285804749,-0.01403475366532803,-1.52858304977417
1777498749240425728,-0.007908516563475132,-0.01404635887593031,-1.528582334518433
1777498749250546944,-0.007909166626632214,-0.01404348574578762,-1.528579473495483
1777498749260648960,-0.007913031615316868,-0.01404402311891317,-1.528581976890564
1777498749270731264,-0.007919806055724621,-0.01404538750648499,-1.528581738471985
1777498749280794368,-0.007916114293038845,-0.01404433231800795,-1.528585076332092
1777498749290837760,-0.007915709167718887,-0.0140451630577445,-1.528584241867065
1777498749300861952,-0.007912303321063519,-0.01404342986643314,-1.528582096099854
1777498749310866432,-0.007914258167147636,-0.01404051575809717,-1.528583765029907
1777498749320851968,-0.007918728515505791,-0.01404096465557814,-1.528586983680725
1777498749330818304,-0.007920067757368088,-0.01403959561139345,-1.528587818145752
1777498749340765440,-0.007922210730612278,-0.01404277887195349,-1.52859103679657
1777498749350693120,-0.007924269884824753,-0.01404634490609169,-1.528589725494385
1777498749360601600,-0.007933016866445541,-0.01405489724129438,-1.528587937355042
1777498749370490880,-0.007935401983559132,-0.01405521109700203,-1.528584361076355
1777498749380360704,-0.007937554270029068,-0.014054199680686,-1.52858304977417
1777498749390211840,-0.0079350546002388,-0.01405097730457783,-1.52858555316925
1777498749400049408,-0.007938450202345848,-0.01405775081366301,-1.528589248657227
1777498749409868032,-0.00793582946062088,-0.01406124606728554,-1.528588056564331
1777498749419667456,-0.007935984060168266,-0.01406670082360506,-1.52858304977417
1777498749429447936,-0.007937614805996418,-0.01406829990446568,-1.528581619262695
1777498749439667456,-0.007935683242976665,-0.0140644246712327,-1.528581738471985
1777498749449867264,-0.007936986163258553,-0.01406403165310621,-1.528584718704224
1777498749460047360,-0.007937517948448658,-0.01406746730208397,-1.528577327728271
1777498749470208256,-0.007940073497593403,-0.01406309939920902,-1.52857768535614
1777498749480349440,-0.007950243540108204,-0.01407221052795649,-1.528576374053955
1777498749490471424,-0.00795290432870388,-0.01407518982887268,-1.52857780456543
1777498749500573696,-0.007950687780976295,-0.01407388690859079,-1.528581261634827
1777498749510656512,-0.007955889217555523,-0.01407535467296839,-1.528577446937561
1777498749520719872,-0.007950911298394203,-0.0140777500346303,-1.528578519821167
1777498749530763776,-0.007952420972287655,-0.01408260408788919,-1.528583645820618
1777498749540788224,-0.007950189523398876,-0.01408478338271379,-1.528584361076355
1777498749550793472,-0.007952012121677399,-0.014084761030972,-1.528586983680725
1777498749560779008,-0.00795481912791729,-0.01408475730568171,-1.52859103679657
1777498749570745088,-0.007962711155414581,-0.01408481691032648,-1.528587579727173
1777498749580691456,-0.007965387776494026,-0.01408650446683168,-1.528584361076355
1777498749590618624,-0.007964585907757282,-0.01408753823488951,-1.528584241867065
1777498749600526336,-0.007963472977280617,-0.01408982370048761,-1.528583765029907
1777498749610414336,-0.00796156283468008,-0.01408935431391001,-1.528589487075806
1777498749620284160,-0.007957779802381992,-0.01408590469509363,-1.52859890460968
1777498749630142464,-0.007956914603710175,-0.01409150660037994,-1.528596997261047
1777498749639982080,-0.007957789115607738,-0.01409445889294147,-1.528596639633179
1777498749649802752,-0.007950866594910622,-0.0140981636941433,-1.528600811958313
1777498749659604480,-0.007950857281684875,-0.01409902889281511,-1.528602600097656
1777498749669387520,-0.007953774183988571,-0.01409428473562002,-1.528597474098206
1777498749679607040,-0.007952135987579823,-0.01409928314387798,-1.528599381446838
1777498749689807104,-0.007954245433211327,-0.0140962265431881,-1.528600096702576
1777498749699987456,-0.00794669333845377,-0.01409346889704466,-1.528596520423889
1777498749710148096,-0.007948385551571846,-0.01408714428544044,-1.528596043586731
1777498749720289280,-0.007947345264256001,-0.014090227894485,-1.528590559959412
1777498749730411264,-0.007946228608489037,-0.01408664043992758,-1.528587222099304
1777498749740513536,-0.007937782444059849,-0.01408655103296041,-1.528587222099304
1777498749750596096,-0.007938209921121597,-0.0140822846442461,-1.528587102890015
1777498749760659200,-0.007933305576443672,-0.01408462598919868,-1.528586506843567
1777498749770702592,-0.007928594015538692,-0.01408843416720629,-1.528584241867065
1777498749780726272,-0.007928051054477692,-0.01409033592790365,-1.528586387634277
1777498749790730752,-0.007934879511594772,-0.01408587209880352,-1.528583288192749
1777498749800716288,-0.007935634814202785,-0.01408951170742512,-1.528576731681824
1777498749810682112,-0.007932699285447598,-0.01408780831843615,-1.528575897216797
1777498749820628736,-0.007933243177831173,-0.01408431306481361,-1.528580904006958
1777498749830556160,-0.007926826365292072,-0.01408425718545914,-1.528578639030457
1777498749840464128,-0.007923818193376064,-0.01408515404909849,-1.528584480285645
1777498749850352640,-0.007921477779746056,-0.01408614031970501,-1.52858293056488
1777498749860221952,-0.007917527109384537,-0.01408296916633844,-1.528583168983459
1777498749870075904,-0.007914043962955475,-0.01407768577337265,-1.528581738471985
1777498749879914496,-0.00791296549141407,-0.01407969743013382,-1.528579592704773
1777498749889734144,-0.007913360372185707,-0.01408015564084053,-1.528575897216797
1777498749899535104,-0.007908925414085388,-0.01408115494996309,-1.528573870658875
1777498749909316864,-0.0079102898016572,-0.01408669538795948,-1.528573155403137
1777498749919542272,-0.007906552404165268,-0.01408801879733801,-1.528573989868164
1777498749929747968,-0.007902401499450207,-0.01408836711198092,-1.528572678565979
1777498749939933696,-0.007901988923549652,-0.01408976782113314,-1.528571128845215
1777498749950099712,-0.007902760989964008,-0.01409458089619875,-1.52856981754303
1777498749960246784,-0.007904700003564358,-0.0140845300629735,-1.528566479682922
1777498749970374144,-0.007905070669949055,-0.01408831961452961,-1.528566002845764
1777498749980482048,-0.007906027138233185,-0.01409738790243864,-1.52856981754303
1777498749990569728,-0.007906205952167511,-0.01409859582781792,-1.528566002845764
1777498750000637952,-0.007905513048171997,-0.01409788243472576,-1.528563261032104
1777498750010686720,-0.007906459271907806,-0.01409727334976196,-1.528566002845764
1777498750020716032,-0.007909104228019714,-0.0140950633212924,-1.528570294380188
1777498750030725376,-0.007908904924988747,-0.01409607380628586,-1.528568506240845
1777498750040715776,-0.007908761501312256,-0.01410148106515408,-1.528570652008057
1777498750050686464,-0.007905765436589718,-0.01408660411834717,-1.528570294380188
1777498750060637952,-0.007909656502306461,-0.01408986002206802,-1.528570055961609
1777498750070569984,-0.007907574065029621,-0.01409128401428461,-1.528574347496033
1777498750080482560,-0.007910723797976971,-0.01408465672284365,-1.528567790985107
1777498750090375936,-0.0079147107899189,-0.01407824084162712,-1.528565049171448
1777498750100250112,-0.007910828106105328,-0.01407468598335981,-1.528566360473633
1777498750110104576,-0.007910996675491333,-0.01406987849622965,-1.52856707572937
1777498750119946240,-0.007914652116596699,-0.01406725402921438,-1.528571963310242
1777498750129768448,-0.007910675369203091,-0.01406961958855391,-1.528571367263794
1777498750139571968,-0.007908266969025135,-0.01407763920724392,-1.528570175170898
1777498750149356288,-0.007902377285063267,-0.01406993716955185,-1.528570652008057
1777498750159591424,-0.007904437370598316,-0.01407480053603649,-1.528569936752319
1777498750169806592,-0.007906986400485039,-0.01406992226839066,-1.528568148612976
1777498750180002560,-0.007912362925708294,-0.01407314743846655,-1.528565883636475
1777498750190178560,-0.007910219021141529,-0.01407823618501425,-1.52856171131134
1777498750200334592,-0.007907883264124393,-0.01407773699611425,-1.528563618659973
1777498750210471168,-0.007908877916634083,-0.01407376583665609,-1.528560757637024
1777498750220589824,-0.007911693304777145,-0.01407385524362326,-1.528563261032104
1777498750230688768,-0.007915050722658634,-0.01406725123524666,-1.528559565544128
1777498750240768512,-0.007907143794000149,-0.01407061517238617,-1.528561234474182
1777498750250828288,-0.007907341234385967,-0.01406889967620373,-1.528565287590027
1777498750260868864,-0.007905833423137665,-0.01406934577971697,-1.528565049171448
1777498750270889728,-0.007906063459813595,-0.01407669577747583,-1.528568148612976
1777498750280891392,-0.00790838897228241,-0.01408002804964781,-1.528572082519531
1777498750290873856,-0.007910310290753841,-0.01407839730381966,-1.528574585914612
1777498750300837376,-0.007910951972007751,-0.0140774454921484,-1.52857518196106
1777498750310781440,-0.007910220883786678,-0.01408100873231888,-1.528575539588928
1777498750320706304,-0.007909371517598629,-0.01408290211111307,-1.528579115867615
1777498750330611712,-0.007905865088105202,-0.01408938318490982,-1.528582453727722
1777498750340497920,-0.00790525134652853,-0.01408749260008335,-1.528584480285645
1777498750350364672,-0.007910588756203651,-0.01408623903989792,-1.528583765029907
1777498750360211968,-0.007904032245278358,-0.01408179104328156,-1.52858579158783
1777498750370040576,-0.007899987511336803,-0.0140809565782547,-1.528585910797119
1777498750379850752,-0.007898950017988682,-0.01407953910529613,-1.528590202331543
1777498750389644544,-0.007903324440121651,-0.01407435908913612,-1.52858579158783
1777498750399651328,-0.007902847602963448,-0.01408059895038605,-1.528583168983459
1777498750409867776,-0.007903293706476688,-0.01408041082322598,-1.528578996658325
1777498750420064512,-0.007907317019999027,-0.01407722383737564,-1.528575658798218
1777498750430241792,-0.007908576168119907,-0.01407222542911768,-1.528576493263245
1777498750440399104,-0.007907737046480179,-0.01407299283891916,-1.528575420379639
1777498750450536960,-0.007907053455710411,-0.01407673582434654,-1.528573393821716
1777498750460654848,-0.007908460684120655,-0.01407943665981293,-1.528578639030457
1777498750470753536,-0.00790480338037014,-0.01408692263066769,-1.528576493263245
1777498750480832256,-0.007900204509496689,-0.01409298740327358,-1.528581142425537
1777498750490891520,-0.007896231487393379,-0.01409948244690895,-1.528582215309143
1777498750500932608,-0.007891478016972542,-0.01410000398755074,-1.528583407402039
1777498750510955776,-0.007881064899265766,-0.01409553270787001,-1.528580069541931
1777498750520959488,-0.007881083525717258,-0.01409077923744917,-1.528580069541931
1777498750530944000,-0.007883632555603981,-0.01409133989363909,-1.528581857681274
1777498750540909312,-0.007885613478720188,-0.01409751176834106,-1.528584837913513
1777498750550855424,-0.007883059792220592,-0.01409831270575523,-1.528584837913513
1777498750560782080,-0.007880414836108685,-0.01409765332937241,-1.528590798377991
1777498750570689280,-0.007880755700170994,-0.01410537213087082,-1.528595805168152
1777498750580577792,-0.007882826030254364,-0.01410513464361429,-1.528592586517334
1777498750590447360,-0.007884090766310692,-0.01410496328026056,-1.528588175773621
1777498750600297472,-0.007884855382144451,-0.01410645991563797,-1.528589010238647
1777498750610128640,-0.007887639105319977,-0.01411478873342276,-1.528590559959412
1777498750619940608,-0.00788413267582655,-0.01411987189203501,-1.528590559959412
1777498750629733376,-0.007879940792918205,-0.01411558408290148,-1.528590559959412
1777498750639738112,-0.007878961972892284,-0.01412143185734749,-1.528587460517883
1777498750649955072,-0.007877370342612267,-0.01412043161690235,-1.5285884141922
1777498750660152320,-0.007882256060838699,-0.01412496995180845,-1.528592944145203
1777498750670330112,-0.007882032543420792,-0.01412673853337765,-1.528596878051758
1777498750680488448,-0.007880449295043945,-0.0141276940703392,-1.528600335121155
1777498750690627072,-0.007881071418523788,-0.01412870269268751,-1.528596758842468
1777498750700745728,-0.007879024371504784,-0.01412890292704105,-1.528599381446838
1777498750710845184,-0.007874815724790096,-0.01412758324295282,-1.528595089912415
1777498750720924928,-0.007876105606555939,-0.01413180585950613,-1.528592944145203
1777498750730984960,-0.007879694923758507,-0.01413293369114399,-1.528599143028259
1777498750741025280,-0.007875388488173485,-0.01412642654031515,-1.52860152721405
1777498750751046400,-0.007871760055422783,-0.01413297466933727,-1.528605222702026
1777498750761048064,-0.007871941663324833,-0.01413444057106972,-1.528604507446289
1777498750771031808,-0.007872265763580799,-0.01413299422711134,-1.528602838516235
1777498750780998400,-0.007873599417507648,-0.01412863098084927,-1.528598070144653
1777498750790945536,-0.007871563546359539,-0.01412789430469275,-1.528595924377441
1777498750800873472,-0.007864156737923622,-0.01412802003324032,-1.528592824935913
1777498750810782208,-0.007857497781515121,-0.01412743236869574,-1.528593420982361
1777498750820671744,-0.007848837412893772,-0.01412152778357267,-1.528590559959412
1777498750830541824,-0.007849446497857571,-0.01412225235253572,-1.528588891029358
1777498750840393472,-0.007849946618080139,-0.01412742678076029,-1.528587460517883
1777498750850226432,-0.007853126153349876,-0.01412709709256887,-1.528586387634277
1777498750860041216,-0.007857895456254482,-0.01412458810955286,-1.5285884141922
1777498750869836544,-0.007857895456254482,-0.01412647217512131,-1.528586864471436
1777498750879843328,-0.007859841920435429,-0.01412175316363573,-1.52858555316925
1777498750890060800,-0.007859218865633011,-0.0141192227602005,-1.528587818145752
1777498750900258304,-0.007864498533308506,-0.01412003301084042,-1.528590083122253
1777498750910436608,-0.007860475219786167,-0.01411665137857199,-1.528588175773621
1777498750920595712,-0.007859503850340843,-0.01411808375269175,-1.528588652610779
1777498750930735104,-0.007860087789595127,-0.01412025094032288,-1.528588652610779
1777498750940855040,-0.007859746925532818,-0.01411684695631266,-1.528588771820068
1777498750950955264,-0.007860935293138027,-0.01412115897983313,-1.528593778610229
1777498750961038080,-0.00786238256841898,-0.01411989144980907,-1.528593420982361
1777498750971101440,-0.007856905460357666,-0.01411965675652027,-1.528592467308044
1777498750981145344,-0.007857122458517551,-0.01411154121160507,-1.528590321540833
1777498750991169792,-0.007851982489228249,-0.01411182899028063,-1.528590679168701
1777498751001175040,-0.007851244881749153,-0.01411294098943472,-1.528592109680176
1777498751011160832,-0.007848609238862991,-0.01411063969135284,-1.528590202331543
1777498751021127168,-0.007849011570215225,-0.01411016378551722,-1.528583407402039
1777498751031074048,-0.007846610620617867,-0.01411157287657261,-1.528584241867065
1777498751041002240,-0.007836651057004929,-0.01411618664860725,-1.528581380844116
1777498751050911488,-0.007836057804524899,-0.01412040274590254,-1.528580188751221
1777498751060801536,-0.007839923724532127,-0.01412101462483406,-1.528582453727722
1777498751070672128,-0.007837396115064621,-0.01412106212228537,-1.528587222099304
1777498751080523520,-0.007839571684598923,-0.01411839388310909,-1.528586983680725
1777498751090355712,-0.007834809832274914,-0.01412265095859766,-1.528587102890015
1777498751100168960,-0.007838438265025616,-0.01412198133766651,-1.528586268424988
1777498751109962752,-0.007839307188987732,-0.01412166468799114,-1.528586387634277
1777498751119738624,-0.007828308269381523,-0.01411856804043055,-1.528586626052856
1777498751129958144,-0.007834592834115028,-0.01411169581115246,-1.528584599494934
1777498751140157952,-0.007837362587451935,-0.01411141641438007,-1.528581380844116
1777498751150337792,-0.007836497388780117,-0.01411581318825483,-1.52857518196106
1777498751160498688,-0.007838800549507141,-0.01411884836852551,-1.528577327728271
1777498751170639872,-0.007842068560421467,-0.01411757338792086,-1.528576135635376
1777498751180761088,-0.007842333987355232,-0.01411937177181244,-1.528582453727722
1777498751190862848,-0.007841662503778934,-0.01412039063870907,-1.528581857681274
1777498751200944640,-0.007843761704862118,-0.01411546394228935,-1.528574347496033
1777498751211006976,-0.007835207507014275,-0.01410856749862432,-1.528573036193848
1777498751221049088,-0.00783842895179987,-0.01410740055143833,-1.528578758239746
1777498751231071744,-0.007838536985218525,-0.01410137303173542,-1.528578758239746
1777498751241075456,-0.007841450162231922,-0.01410167850553989,-1.528578996658325
1777498751251059456,-0.007839374244213104,-0.01410672161728144,-1.528579592704773
1777498751261024000,-0.007835729978978634,-0.01410821639001369,-1.528583288192749
1777498751270969088,-0.007833263836801052,-0.01410926505923271,-1.528582572937012
1777498751280894464,-0.007834415882825851,-0.01411010045558214,-1.52858293056488
1777498751290800384,-0.007827293127775192,-0.01411005761474371,-1.528579354286194
1777498751300687104,-0.007827884517610073,-0.01410557050257921,-1.528578639030457
1777498751310554112,-0.007829771377146244,-0.01410322450101376,-1.528581976890564
1777498751320406016,-0.007828039117157459,-0.014100331813097,-1.528584241867065
1777498751330242048,-0.007822727784514427,-0.01410133764147758,-1.528583288192749
1777498751340059136,-0.007824936881661415,-0.01409978978335857,-1.528581738471985
1777498751349857024,-0.007826924324035645,-0.01409868523478508,-1.52858555316925
1777498751359636224,-0.007821591570973396,-0.01409875694662333,-1.528584122657776
1777498751369861376,-0.007821524515748024,-0.01409407053142786,-1.52858293056488
1777498751380066816,-0.007811933290213346,-0.01409369055181742,-1.528583526611328
1777498751390252032,-0.007814039476215839,-0.014092774130404,-1.528584241867065
1777498751400417280,-0.007808996830135584,-0.01409113314002752,-1.528583526611328
1777498751410563072,-0.007809694390743971,-0.01409035362303257,-1.528586387634277
1777498751420690176,-0.007812418974936008,-0.01408802904188633,-1.528589725494385
1777498751430799104,-0.007808149326592684,-0.01409115362912416,-1.528592824935913
1777498751440888576,-0.007803782355040312,-0.01408681552857161,-1.528594851493835
1777498751450958592,-0.007800290361046791,-0.01409013010561466,-1.528597950935364
1777498751461009152,-0.007800573948770761,-0.01409050729125738,-1.528595685958862
1777498751471040256,-0.007797657512128353,-0.01409254316240549,-1.528594851493835
1777498751481051904,-0.00779374735429883,-0.01409577392041683,-1.528600335121155
1777498751491044096,-0.007784259039908648,-0.01409361138939857,-1.528602957725525
1777498751501017344,-0.007783704437315464,-0.0140980975702405,-1.528602004051208
1777498751510971648,-0.007784361951053143,-0.01409359276294708,-1.528595924377441
1777498751520906496,-0.007781445514410734,-0.01409372314810753,-1.528589606285095
1777498751530822144,-0.007778278551995754,-0.01408994290977716,-1.528586626052856
1777498751540718336,-0.007781179156154394,-0.01408380549401045,-1.528581500053406
1777498751550595328,-0.007779908366501331,-0.01408504042774439,-1.528581261634827
1777498751560453120,-0.007774429861456156,-0.01408106926828623,-1.528579235076904
1777498751570291456,-0.007774938363581896,-0.01408588234335184,-1.528581500053406
1777498751580111616,-0.007776543032377958,-0.01409123651683331,-1.528583407402039
1777498751589913600,-0.007767153438180685,-0.01409211009740829,-1.5285804271698
1777498751599696384,-0.007763300091028214,-0.01410418562591076,-1.528577566146851
1777498751609693952,-0.007772347889840603,-0.01410243287682533,-1.52857768535614
1777498751619900416,-0.007772412616759539,-0.01410054787993431,-1.528573989868164
1777498751630086912,-0.007776186801493168,-0.01409969944506884,-1.528576374053955
1777498751640253952,-0.007777545601129532,-0.01410460006445646,-1.528577446937561
1777498751650401280,-0.007776972372084856,-0.01410671509802341,-1.528576374053955
1777498751660528896,-0.007773603312671185,-0.01411001943051815,-1.528575897216797
1777498751670639104,-0.007772004697471857,-0.01410416327416897,-1.528573393821716
1777498751680729344,-0.007768141571432352,-0.01410934701561928,-1.528571248054504
1777498751690800384,-0.007768821902573109,-0.01411626767367125,-1.528571009635925
1777498751700851712,-0.007764328736811876,-0.01411504577845335,-1.528573274612427
1777498751710883584,-0.007762075401842594,-0.01412220764905214,-1.528574109077454
1777498751720896256,-0.007762528490275145,-0.01412342768162489,-1.528573870658875
1777498751730889472,-0.007758954539895058,-0.01412345562130213,-1.528576731681824
1777498751740863488,-0.007756659761071205,-0.0141180818900466,-1.528578042984009
1777498751750818560,-0.007762714754790068,-0.01411671470850706,-1.528580904006958
1777498751760754176,-0.007764209527522326,-0.014116071164608,-1.528585076332092
1777498751770670592,-0.007766894530504942,-0.01411493495106697,-1.528580665588379
1777498751780567552,-0.007763897534459829,-0.0141079667955637,-1.528582334518433
1777498751790445568,-0.007760005537420511,-0.01410920731723309,-1.528579831123352
1777498751800304384,-0.007758528459817171,-0.01410836912691593,-1.5285804271698
1777498751810144000,-0.007754495833069086,-0.01411560829728842,-1.528580069541931
1777498751819965184,-0.007760371081531048,-0.0141177698969841,-1.528576731681824
1777498751829774336,-0.007760100532323122,-0.01411883067339659,-1.528574228286743
1777498751839564544,-0.00776849128305912,-0.0141134662553668,-1.528573274612427
1777498751849567744,-0.007769938558340073,-0.0141169149428606,-1.528570175170898
1777498751859783168,-0.007769375573843718,-0.014114442281425,-1.528572082519531
1777498751869978880,-0.007776816841214895,-0.01411736570298672,-1.528573036193848
1777498751880154880,-0.007776471786201,-0.01412061974406242,-1.528572559356689
1777498751890312448,-0.007774682249873877,-0.01412079855799675,-1.528566241264343
1777498751900450304,-0.007767608389258385,-0.01412396412342787,-1.528561592102051
1777498751910568704,-0.00776744307950139,-0.01413088291883469,-1.528564453125
1777498751920667392,-0.007770243566483259,-0.01413078606128693,-1.528562664985657
1777498751930746624,-0.007771752774715424,-0.01413380354642868,-1.528565883636475
1777498751940806400,-0.007769948802888393,-0.01413191761821508,-1.528570771217346
1777498751950846720,-0.007768944837152958,-0.01413711998611689,-1.528571963310242
1777498751960867584,-0.007768717128783464,-0.01413640193641186,-1.528570055961609
1777498751970870784,-0.007769381161779165,-0.01413844153285027,-1.528574347496033
1777498751980855808,-0.007771377451717854,-0.01413547806441784,-1.528574585914612
1777498751990821888,-0.007766472641378641,-0.01414231117814779,-1.528573274612427
1777498752000768768,-0.007757611572742462,-0.01414172165095806,-1.528572082519531
1777498752010696448,-0.00775439478456974,-0.01414439547806978,-1.528570890426636
1777498752020605184,-0.007757575716823339,-0.01414254028350115,-1.528568744659424
1777498752030494720,-0.007763517554849386,-0.01413858309388161,-1.528571128845215
1777498752040364800,-0.007769975811243057,-0.01413820218294859,-1.52856707572937
1777498752050216448,-0.007765505462884903,-0.01413744408637285,-1.52856981754303
1777498752060049152,-0.00776675483211875,-0.01412970758974552,-1.528570890426636
1777498752069862912,-0.007765194401144981,-0.01413173228502274,-1.528570532798767
1777498752079657472,-0.007765717804431915,-0.01412861701101065,-1.528572916984558
1777498752089663488,-0.007760592270642519,-0.01413078233599663,-1.528574824333191
1777498752099880448,-0.007761964108794928,-0.01413392368704081,-1.528576254844666
1777498752110077952,-0.007758226711302996,-0.01413324289023876,-1.528576493263245
1777498752120256256,-0.007761199492961168,-0.01413289923220873,-1.528571486473083
1777498752130414848,-0.007761179935187101,-0.01413165405392647,-1.528577089309692
1777498752140553728,-0.007770906202495098,-0.01413144636899233,-1.528576016426086
1777498752150672896,-0.007769368123263121,-0.01412813831120729,-1.52857768535614
1777498752160772608,-0.00776799488812685,-0.01413036976009607,-1.528575897216797
1777498752170852608,-0.007763770408928394,-0.01412667240947485,-1.528571605682373
1777498752180912896,-0.007760902866721153,-0.01412751246243715,-1.528567552566528
1777498752190953472,-0.007760632783174515,-0.01413245778530836,-1.528564095497131
1777498752200975360,-0.007751063443720341,-0.01412998698651791,-1.528563380241394
1777498752210977536,-0.007743178866803646,-0.01413259282708168,-1.528565645217896
1777498752220960256,-0.007737396284937859,-0.01413402054458857,-1.528569936752319
1777498752230927360,-0.007732960395514965,-0.0141386017203331,-1.52857494354248
1777498752240875264,-0.007732975296676159,-0.01413395069539547,-1.52857518196106
1777498752250804224,-0.007733030710369349,-0.01413301564753056,-1.528572916984558
1777498752260713728,-0.007732169702649117,-0.01413681451231241,-1.528569936752319
1777498752270604544,-0.007737128529697657,-0.01414436940103769,-1.528571605682373
1777498752280475904,-0.007737976498901844,-0.01414135005325079,-1.528567790985107
1777498752290328320,-0.007740432396531105,-0.01414092630147934,-1.528565406799316
1777498752300161280,-0.007740940432995558,-0.01414232235401869,-1.528565645217896
1777498752309976064,-0.007738390937447548,-0.01415006816387177,-1.528564214706421
1777498752319771904,-0.00773392291739583,-0.01415225770324469,-1.528560400009155
1777498752329548544,-0.007732190657407045,-0.01415090635418892,-1.528558731079102
1777498752339766784,-0.007737156003713608,-0.01415169425308704,-1.528561234474182
1777498752349965312,-0.00773382093757391,-0.01415791176259518,-1.528555035591125
1777498752360144384,-0.007731962949037552,-0.01416197326034307,-1.528552532196045
1777498752370303744,-0.007726836483925581,-0.01416461262851954,-1.528550982475281
1777498752380444160,-0.007728224620223045,-0.01416940521448851,-1.528551816940308
1777498752390564864,-0.007731321733444929,-0.01416763477027416,-1.52855396270752
1777498752400666112,-0.007723587565124035,-0.01416109316051006,-1.528553128242493
1777498752410747648,-0.007721015717834234,-0.01416536699980497,-1.528552770614624
1777498752420809984,-0.007717291824519634,-0.01416415814310312,-1.528551936149597
1777498752430852864,-0.007721264380961657,-0.0141628310084343,-1.52855122089386
1777498752440876288,-0.007719451561570168,-0.01416378282010555,-1.528549909591675
1777498752450880768,-0.007723682560026646,-0.01416410878300667,-1.5285484790802
1777498752460866560,-0.007734921295195818,-0.01416555605828762,-1.528550267219543
1777498752470832896,-0.007733875885605812,-0.01417316123843193,-1.528551816940308
1777498752480779776,-0.007741222623735666,-0.01416606549173594,-1.528553485870361
1777498752490707200,-0.007745527662336826,-0.01417053304612637,-1.528555154800415
1777498752500615424,-0.007743688765913248,-0.014163663610816,-1.528554081916809
1777498752510508032,-0.007743660360574722,-0.01416071597486734,-1.528553009033203
1777498752520384256,-0.007745171431452036,-0.01416593231260777,-1.528554320335388
1777498752530241536,-0.00773880910128355,-0.01416483614593744,-1.528558611869812
1777498752540079872,-0.007729404605925083,-0.01416787784546614,-1.528557062149048
1777498752549899520,-0.007725459523499012,-0.01416812092065811,-1.528561472892761
1777498752559699968,-0.007718687411397696,-0.01416994351893663,-1.528563618659973
1777498752569481216,-0.007717708125710487,-0.01417846791446209,-1.52855908870697
1777498752579700480,-0.007718427106738091,-0.01417946442961693,-1.528559446334839
1777498752589900032,-0.007718504406511784,-0.01417975034564734,-1.52855908870697
1777498752600079872,-0.007724497467279434,-0.01417944394052029,-1.528560042381287
1777498752610241280,-0.007730789482593536,-0.01418373174965382,-1.528561353683472
1777498752620382976,-0.007726584561169147,-0.01418022625148296,-1.528561115264893
1777498752630504704,-0.007721249014139175,-0.0141825107857585,-1.528560280799866
1777498752640606976,-0.007719137240201235,-0.01418212056159973,-1.528562068939209
1777498752650689536,-0.007720085792243481,-0.01419219467788935,-1.528556823730469
1777498752660752896,-0.007719377055764198,-0.01419828552752733,-1.528562664985657
1777498752670796288,-0.007721544243395329,-0.01420158613473177,-1.528562903404236
1777498752680819968,-0.007727996446192265,-0.01420072838664055,-1.528560161590576
1777498752690824704,-0.007731977850198746,-0.01420007087290287,-1.528560996055603
1777498752700809728,-0.007733355741947889,-0.01420295983552933,-1.52856433391571
1777498752710775296,-0.007733526173979044,-0.01420458313077688,-1.528557658195496
1777498752720721664,-0.007735759951174259,-0.01420797314494848,-1.528558373451233
1777498752730652672,-0.007735189981758595,-0.01420990843325853,-1.528556942939758
1777498752740564480,-0.007735047955065966,-0.01420505717396736,-1.528559446334839
1777498752750457344,-0.007734090089797974,-0.01420617382973433,-1.52855908870697
1777498752760331008,-0.007738450076431036,-0.01420745905488729,-1.52856433391571
1777498752770185728,-0.007732612080872059,-0.01421402767300606,-1.528566360473633
1777498752780021504,-0.007727791089564562,-0.01421587262302637,-1.528563618659973
1777498752789837824,-0.007724062539637089,-0.01421442441642284,-1.528564929962158
1777498752799635200,-0.007727685384452343,-0.01421077735722065,-1.528566837310791
1777498752809414144,-0.00772264925763011,-0.01421463489532471,-1.528568506240845
1777498752819639552,-0.007719066925346851,-0.01422130782157183,-1.528567910194397
1777498752829844992,-0.00771827157586813,-0.01422467548400164,-1.528573036193848
1777498752840031232,-0.007724447641521692,-0.01422524359077215,-1.52857518196106
1777498752850198016,-0.00772202992811799,-0.01422433741390705,-1.528577089309692
1777498752860345344,-0.007725357543677092,-0.01422519516199827,-1.528581142425537
1777498752870472960,-0.007727821357548237,-0.01422547362744808,-1.528581261634827
1777498752880580608,-0.00772404670715332,-0.01423024479299784,-1.528583526611328
1777498752890669312,-0.007724979892373085,-0.01423047855496407,-1.528581738471985
1777498752900738304,-0.007724269758909941,-0.01422466244548559,-1.528581500053406
1777498752910787584,-0.007722808048129082,-0.01422330550849438,-1.528580784797668
1777498752920817664,-0.007726488169282675,-0.01421977113932371,-1.528581500053406
1777498752930831616,-0.007728042080998421,-0.01422017626464367,-1.528581023216248
1777498752940826112,-0.007736386731266975,-0.01421692501753569,-1.528578162193298
1777498752950801152,-0.007738114800304174,-0.01421731431037188,-1.52857768535614
1777498752960756736,-0.007737414445728064,-0.01421866193413734,-1.528571963310242
1777498752970693632,-0.007736918516457081,-0.01421629264950752,-1.528571605682373
1777498752980611072,-0.007737898733466864,-0.01421702839434147,-1.528572678565979
1777498752990509824,-0.007742342073470354,-0.01421700417995453,-1.528574824333191
1777498753000389120,-0.007744663394987583,-0.01422317884862423,-1.528571486473083
1777498753010250240,-0.007745168171823025,-0.0142230112105608,-1.52857518196106
1777498753020091904,-0.007743229158222675,-0.01422346383333206,-1.528572678565979
1777498753029914624,-0.007742727175354958,-0.01422745361924171,-1.528570652008057
1777498753039717888,-0.007747021969407797,-0.0142285069450736,-1.528567552566528
1777498753049502464,-0.007744796108454466,-0.01422538235783577,-1.528571844100952
1777498753059728896,-0.00774554256349802,-0.01422474812716246,-1.528572082519531
1777498753069935872,-0.007739790249615908,-0.01422493811696768,-1.528577566146851
1777498753080123136,-0.007745372131466866,-0.01421886496245861,-1.528584241867065
1777498753090290432,-0.007742271292954683,-0.01421379297971725,-1.528580069541931
1777498753100438528,-0.007746000774204731,-0.01421478018164635,-1.528575301170349
1777498753110566656,-0.007743805646896362,-0.01421335805207491,-1.528574466705322
1777498753120676608,-0.007742018438875675,-0.01421277970075607,-1.528573393821716
1777498753130767104,-0.007746074814349413,-0.01421584933996201,-1.52857518196106
1777498753140838144,-0.007748499047011137,-0.01421323884278536,-1.528574466705322
1777498753150889472,-0.00775317195802927,-0.0142187736928463,-1.528573751449585
1777498753160921600,-0.007755813654512167,-0.014219731092453,-1.528578758239746
1777498753170934272,-0.007758121006190777,-0.01421811990439892,-1.528575420379639
1777498753180927488,-0.007759811356663704,-0.01422500424087048,-1.528576970100403
1777498753190900992,-0.007755475584417582,-0.01423413120210171,-1.52857768535614
1777498753200856064,-0.007753827609121799,-0.0142339188605547,-1.528582572937012
1777498753210791680,-0.007756473030894995,-0.01423659082502127,-1.528586268424988
1777498753220707840,-0.007754002697765827,-0.01423645857721567,-1.528587222099304
1777498753230604800,-0.00775438966229558,-0.01423664856702089,-1.528584241867065
1777498753240482560,-0.007751838304102421,-0.01423969864845276,-1.528583765029907
1777498753250341376,-0.00775129534304142,-0.01424088794738054,-1.528584003448486
1777498753260180480,-0.007756106555461884,-0.01424031890928745,-1.528579354286194
1777498753270000896,-0.007755925878882408,-0.01423495914787054,-1.52857506275177
1777498753279808512,-0.007762647699564695,-0.01423823088407516,-1.52857494354248
1777498753289597184,-0.007760311011224985,-0.01423410046845675,-1.528577923774719
1777498753299599872,-0.007762954104691744,-0.01423423364758492,-1.528577566146851
1777498753309816064,-0.00776685168966651,-0.01423980481922626,-1.528576612472534
1777498753320012288,-0.007770739961415529,-0.0142397303134203,-1.528579831123352
1777498753330189568,-0.007774358615279198,-0.01423446740955114,-1.528578877449036
1777498753340347136,-0.007775049190968275,-0.01423341501504183,-1.528578996658325
1777498753350485248,-0.007776204962283373,-0.01423355750739574,-1.528578996658325
1777498753360603392,-0.007776047103106976,-0.01422738470137119,-1.528582692146301
1777498753370702592,-0.007781038526445627,-0.01422147545963526,-1.528581976890564
1777498753380781824,-0.007774084806442261,-0.01422043051570654,-1.528581023216248
1777498753390841856,-0.007777124643325806,-0.01422044355422258,-1.528579473495483
1777498753400885248,-0.00777633348479867,-0.01421763282269239,-1.528576016426086
1777498753410909440,-0.007775264792144299,-0.01421330124139786,-1.528573870658875
1777498753420914176,-0.007772665936499834,-0.01421932503581047,-1.52857518196106
1777498753430899712,-0.007779987528920174,-0.01421568170189857,-1.528573989868164
1777498753440866048,-0.007777976337820292,-0.01421533245593309,-1.528576016426086
1777498753450813440,-0.007784205488860607,-0.01421131566166878,-1.528571009635925
1777498753460741376,-0.007780904415994883,-0.01421014685183764,-1.528568148612976
1777498753470649856,-0.007777838967740536,-0.01421523280441761,-1.52856707572937
1777498753480540160,-0.007771069649606943,-0.01421346142888069,-1.528563976287842
1777498753490411264,-0.007770461961627007,-0.01421898975968361,-1.528564691543579
1777498753500262912,-0.007768847513943911,-0.01422550622373819,-1.528559565544128
1777498753510095360,-0.007766191381961107,-0.0142244715243578,-1.528561353683472
1777498753519908864,-0.007759999949485064,-0.01422264240682125,-1.528561353683472
1777498753529703168,-0.007756117731332779,-0.0142229488119483,-1.528560042381287
1777498753539708672,-0.007756467442959547,-0.01422127708792686,-1.528560996055603
1777498753549924608,-0.007757058367133141,-0.01422644127160311,-1.52855384349823
1777498753560120832,-0.007750676479190588,-0.01422473695129156,-1.528554916381836
1777498753570297856,-0.00775290559977293,-0.01422182563692331,-1.528557777404785
1777498753580455168,-0.007749600801616907,-0.01422381587326527,-1.528559803962708
1777498753590592768,-0.007748546078801155,-0.01421966310590506,-1.528560280799866
1777498753600710400,-0.007749409414827824,-0.01422295067459345,-1.528563380241394
1777498753610808832,-0.00775202177464962,-0.01422426197677851,-1.528567790985107
1777498753620887296,-0.007751505356281996,-0.0142255574464798,-1.528562426567078
1777498753630946304,-0.00776234082877636,-0.01423289813101292,-1.528560876846313
1777498753640985856,-0.007760907523334026,-0.01423794217407703,-1.528558611869812
1777498753651006464,-0.007772457785904408,-0.01424221601337194,-1.528558254241943
1777498753661008640,-0.007774979341775179,-0.01424791943281889,-1.528558731079102
1777498753670992896,-0.007773488759994507,-0.01424967404454947,-1.528558135032654
1777498753680957696,-0.007770586293190718,-0.01424734015017748,-1.528556942939758
1777498753690903040,-0.007774513214826584,-0.01424423046410084,-1.52855658531189
1777498753700828672,-0.007773162797093391,-0.01424029842019081,-1.528555512428284
1777498753710735360,-0.007771051023155451,-0.0142424525693059,-1.528557062149048
1777498753720622848,-0.007771029137074947,-0.01423529908061028,-1.528552055358887
1777498753730490880,-0.007768482435494661,-0.0142345791682601,-1.528553605079651
1777498753740339968,-0.00777303334325552,-0.01423190161585808,-1.528556942939758
1777498753750170112,-0.007778714876621962,-0.01422709506005049,-1.528561234474182
1777498753759981312,-0.007779769599437714,-0.01423093117773533,-1.528566002845764
1777498753769773056,-0.007782875094562769,-0.0142306899651885,-1.528568744659424
1777498753779777792,-0.007778387051075697,-0.01422575023025274,-1.528565764427185
1777498753789995264,-0.007775283884257078,-0.01422828156501055,-1.528566479682922
1777498753800192768,-0.007774267811328173,-0.01422553788870573,-1.528569936752319
1777498753810372352,-0.00777028501033783,-0.01422713790088892,-1.528565168380737
1777498753820532480,-0.007767959963530302,-0.01423339825123549,-1.528565168380737
1777498753830672896,-0.007766747381538153,-0.0142291858792305,-1.528571367263794
1777498753840793600,-0.007764600683003664,-0.01422741077840328,-1.528572082519531
1777498753850895104,-0.007766613271087408,-0.014228287152946,-1.528576850891113
1777498753860976896,-0.007772350218147039,-0.01422964967787266,-1.528580904006958
1777498753871039232,-0.007771105505526066,-0.01422785222530365,-1.528579354286194
1777498753881082624,-0.007774863392114639,-0.01422948949038982,-1.528576374053955
1777498753891108608,-0.00776597810909152,-0.01422503124922514,-1.528579592704773
1777498753901116928,-0.007758744992315769,-0.01422467362135649,-1.528581023216248
1777498753911105792,-0.007756495848298073,-0.01423200219869614,-1.528582334518433
1777498753921075200,-0.007758776657283306,-0.01423646882176399,-1.528585910797119
1777498753931024896,-0.007753816898912191,-0.01424315944314003,-1.528587698936462
1777498753940955392,-0.007752999663352966,-0.01423938665539026,-1.528586387634277
1777498753950866688,-0.007757114246487617,-0.01423803903162479,-1.528586506843567
1777498753960758528,-0.007761399261653423,-0.01423115748912096,-1.528590202331543
1777498753970630912,-0.007756586186587811,-0.01423213351517916,-1.52858567237854
1777498753980484352,-0.00775837479159236,-0.01422589365392923,-1.528587579727173
1777498753990318592,-0.007751019205898046,-0.01422687154263258,-1.528585910797119
1777498754000133632,-0.007745553273707628,-0.01422670390456915,-1.528581976890564
1777498754009928960,-0.007738444022834301,-0.01421771012246609,-1.528579235076904
1777498754019705344,-0.007740843575447798,-0.01422059535980225,-1.528578639030457
1777498754029925120,-0.007740836590528488,-0.01422091852873564,-1.52858030796051
1777498754040125184,-0.007744973059743643,-0.01422618795186281,-1.528581023216248
1777498754050305280,-0.007745162583887577,-0.01423136331140995,-1.528579115867615
1777498754060465664,-0.007743979338556528,-0.01422717142850161,-1.528575778007507
1777498754070607104,-0.007749202195554972,-0.01422603614628315,-1.528578400611877
1777498754080728832,-0.00775135587900877,-0.01423343271017075,-1.52857494354248
1777498754090831104,-0.007751799188554287,-0.0142296589910984,-1.5285724401474
1777498754100913408,-0.007752023171633482,-0.01422978192567825,-1.528570175170898
1777498754110976512,-0.007752192672342062,-0.01422766596078873,-1.528567552566528
1777498754121019648,-0.007747883908450603,-0.01423031371086836,-1.528566360473633
1777498754131043328,-0.007741609122604132,-0.01422862708568573,-1.528568506240845
1777498754141047552,-0.007740400265902281,-0.0142335956916213,-1.528572559356689
1777498754151031808,-0.007741417270153761,-0.01422577165067196,-1.528572797775269
1777498754160997120,-0.007746448740363121,-0.01421929430216551,-1.528576135635376
1777498754170942976,-0.007747191935777664,-0.0142242880538106,-1.528576135635376
1777498754180869120,-0.007742735557258129,-0.01421570032835007,-1.528574228286743
1777498754190775808,-0.007746302522718906,-0.01421569008380175,-1.528571367263794
1777498754200663040,-0.00774393742904067,-0.01421941164880991,-1.528572201728821
1777498754210531328,-0.007749532349407673,-0.01421106420457363,-1.528573393821716
1777498754220380416,-0.007752228062599897,-0.01420507859438658,-1.528570294380188
1777498754230210816,-0.007747064810246229,-0.01420561689883471,-1.528570532798767
1777498754240022784,-0.007745691575109959,-0.01421227119863033,-1.528569936752319
1777498754249820160,-0.007742656860500574,-0.01421458832919598,-1.528569340705872
1777498754259598592,-0.007742168381810188,-0.01421183068305254,-1.528568029403687
1777498754269823488,-0.007742418441921473,-0.01420716661959887,-1.528566479682922
1777498754280028672,-0.007741037756204605,-0.01421182416379452,-1.528569102287292
1777498754290213632,-0.007735277526080608,-0.01421389728784561,-1.528568983078003
1777498754300378368,-0.007741000968962908,-0.01420698501169682,-1.528571605682373
1777498754310524672,-0.007739556487649679,-0.01420589629560709,-1.528571963310242
1777498754320652288,-0.00773691525682807,-0.01420524716377258,-1.528567552566528
1777498754330760192,-0.007733956910669804,-0.01420627906918526,-1.52856719493866
1777498754340848128,-0.007725269068032503,-0.01420752611011267,-1.528567671775818
1777498754350916864,-0.007727846968919039,-0.01421103067696095,-1.528573155403137
1777498754360966144,-0.007727880030870438,-0.01421533897519112,-1.528571248054504
1777498754370995712,-0.007718752138316631,-0.01421946380287409,-1.528568387031555
1777498754381006080,-0.00771403918042779,-0.01422067824751139,-1.528572797775269
1777498754390996992,-0.0077096251770854,-0.01421587914228439,-1.528576850891113
1777498754400968704,-0.007706630509346724,-0.01421865355223417,-1.528577566146851
1777498754410920704,-0.007710996083915234,-0.0142175043001771,-1.528578281402588
1777498754420853504,-0.007708251941949129,-0.01422667969018221,-1.528579711914062
1777498754430766848,-0.007701695896685123,-0.01423676684498787,-1.528579354286194
1777498754440660480,-0.007699674461036921,-0.01424611266702414,-1.528578162193298
1777498754450534912,-0.007700114976614714,-0.01424876041710377,-1.528585433959961
1777498754460390144,-0.007699205540120602,-0.01425161119550467,-1.528587698936462
1777498754470226688,-0.007697806693613529,-0.01425511389970779,-1.528588056564331
1777498754480044032,-0.00769482459872961,-0.01425180863589048,-1.528589606285095
1777498754489842432,-0.007690388709306717,-0.01425677165389061,-1.528593063354492
1777498754499621632,-0.007696832064539194,-0.0142579572275281,-1.528590559959412
1777498754509846528,-0.007696012500673532,-0.01425417885184288,-1.528589248657227
1777498754520051968,-0.007692323997616768,-0.01425210293382406,-1.528584837913513
1777498754530238208,-0.007689572405070066,-0.01425078604370356,-1.528583168983459
1777498754540404736,-0.007692101411521435,-0.01425188314169645,-1.528581976890564
1777498754550551296,-0.00769834965467453,-0.01425031758844852,-1.52858030796051
1777498754560678400,-0.007696198765188456,-0.01425306778401136,-1.528578400611877
1777498754570787328,-0.007693019695580006,-0.0142540019005537,-1.528576850891113
1777498754580877056,-0.007692566141486168,-0.0142523068934679,-1.528576731681824
1777498754590947328,-0.007690762169659138,-0.01425119582563639,-1.528575897216797
1777498754600998400,-0.007691430393606424,-0.01424819882959127,-1.528575778007507
1777498754611029760,-0.00769423833116889,-0.01425645034760237,-1.528576016426086
1777498754621041664,-0.007698165718466043,-0.01425582822412252,-1.528575897216797
1777498754631034112,-0.007699667941778898,-0.01425615046173334,-1.528573632240295
1777498754641007104,-0.007700464688241482,-0.01425887271761894,-1.528574347496033
1777498754650961664,-0.007704149000346661,-0.01426476985216141,-1.528573274612427
1777498754660896768,-0.007701380178332329,-0.01426461338996887,-1.528573870658875
1777498754670812416,-0.007700155023485422,-0.01427003927528858,-1.528572201728821
1777498754680708864,-0.007702679373323917,-0.01426722668111324,-1.528574705123901
1777498754690586112,-0.00769713381305337,-0.01426437590271235,-1.528570294380188
1777498754700446720,-0.007695131003856659,-0.0142627190798521,-1.528575778007507
1777498754710291200,-0.007691976614296436,-0.01425849739462137,-1.528576374053955
1777498754720116736,-0.007694722153246403,-0.01425776071846485,-1.528579354286194
1777498754729923328,-0.007694965694099665,-0.01425920240581036,-1.528582692146301
1777498754739711488,-0.007696900051087141,-0.01425895933061838,-1.528583526611328
1777498754749713152,-0.007699124980717897,-0.01426008529961109,-1.528580069541931
1777498754759928832,-0.007695009931921959,-0.01425778586417437,-1.528587460517883
1777498754770125056,-0.007695171982049942,-0.0142506891861558,-1.528588771820068
1777498754780301568,-0.007698230445384979,-0.01424843724817038,-1.52858555316925
1777498754790458112,-0.007697531953454018,-0.01424716506153345,-1.528587579727173
1777498754800595456,-0.007696999236941338,-0.01424729358404875,-1.528582096099854
1777498754810714112,-0.007688405457884073,-0.01425349898636341,-1.528578519821167
1777498754820812800,-0.007688935380429029,-0.01425474230200052,-1.528581976890564
1777498754830892032,-0.007684672717005014,-0.01426116656512022,-1.528584241867065
1777498754840951552,-0.007687709294259548,-0.0142646562308073,-1.528586387634277
1777498754850991616,-0.007689653895795345,-0.01425786409527063,-1.528584837913513
1777498754861012480,-0.007685620337724686,-0.01426214817911386,-1.528587698936462
1777498754871013632,-0.007688743993639946,-0.0142593327909708,-1.528592705726624
1777498754880995840,-0.00769199850037694,-0.0142610352486372,-1.528594970703125
1777498754890958848,-0.007688503246754408,-0.01425684243440628,-1.528590202331543
1777498754900902400,-0.007683461531996727,-0.01425478979945183,-1.528584599494934
1777498754910826752,-0.007688039448112249,-0.01425386313349009,-1.528582453727722
1777498754920731904,-0.007684036623686552,-0.01425982173532248,-1.528580784797668
1777498754930617600,-0.00768292648717761,-0.01426711864769459,-1.528575897216797
1777498754940484096,-0.007680591195821762,-0.01427539810538292,-1.52858030796051
1777498754950331648,-0.007670221384614706,-0.01427564118057489,-1.528580665588379
1777498754960161280,-0.007667412515729666,-0.01426975335925817,-1.528580188751221
1777498754969971968,-0.007658404763787985,-0.01427301019430161,-1.528580546379089
1777498754979763712,-0.007650492712855339,-0.01427496317774057,-1.52858293056488
1777498754989767936,-0.0076448661275208,-0.01426856499165297,-1.528576135635376
1777498754999984384,-0.007645821664482355,-0.01426627393811941,-1.528575778007507
1777498755010180864,-0.007642688695341349,-0.01426348555833101,-1.528576016426086
1777498755020358400,-0.007644618395715952,-0.01427050121128559,-1.52857780456543
1777498755030515968,-0.007642996963113546,-0.01427401416003704,-1.528574585914612
1777498755040654080,-0.007641035132110119,-0.01427262462675571,-1.528572678565979
1777498755050772224,-0.007633132394403219,-0.01426459196954966,-1.528568744659424
1777498755060871168,-0.007624818943440914,-0.01425658166408539,-1.528570652008057
1777498755070950400,-0.007623312063515186,-0.0142572782933712,-1.528571009635925
1777498755081010176,-0.007620482705533504,-0.01425735559314489,-1.528573036193848
1777498755091050240,-0.007624159101396799,-0.01425691321492195,-1.528573274612427
1777498755101071104,-0.007623250596225262,-0.01426013000309467,-1.528573870658875
1777498755111072768,-0.00762606505304575,-0.01426305063068867,-1.528571367263794
1777498755121058048,-0.007629223167896271,-0.01426366623491049,-1.528570532798767
1777498755131023872,-0.007629164028912783,-0.01426263805478811,-1.528565883636475
1777498755140970496,-0.007631283719092607,-0.01425922848284245,-1.528564214706421
1777498755150897664,-0.007632187567651272,-0.01425774116069078,-1.528566598892212
1777498755160805632,-0.007635797839611769,-0.01425740029662848,-1.528568148612976
1777498755170694400,-0.007639945019036531,-0.01425232086330652,-1.528572559356689
1777498755180563712,-0.007636127527803183,-0.01425296720117331,-1.528571128845215
1777498755190413312,-0.007628918625414371,-0.01425772253423929,-1.528567552566528
1777498755200244480,-0.00762441661208868,-0.01425632461905479,-1.528566360473633
1777498755210056448,-0.007622031960636377,-0.01425479259341955,-1.528558969497681
1777498755219849216,-0.007622736040502787,-0.0142497792840004,-1.528554797172546
1777498755229623040,-0.007622761186212301,-0.01425414625555277,-1.52855372428894
1777498755239841280,-0.007620072923600674,-0.01425995957106352,-1.528550386428833
1777498755250039552,-0.007615455891937017,-0.01425646245479584,-1.52855122089386
1777498755260217856,-0.007618142291903496,-0.01425622776150703,-1.528548955917358
1777498755270376192,-0.007615203969180584,-0.0142611525952816,-1.528544306755066
1777498755280517120,-0.007614983711391687,-0.01426298916339874,-1.52854597568512
1777498755290638336,-0.007615193724632263,-0.01425922475755215,-1.528545498847961
1777498755300739840,-0.007614886853843927,-0.01426220685243607,-1.528548359870911
1777498755310821632,-0.007613377645611763,-0.01426547672599554,-1.528549432754517
1777498755320883968,-0.007612233515828848,-0.01426583155989647,-1.528548002243042
1777498755330926592,-0.007611437235027552,-0.01426954101771116,-1.528546094894409
1777498755340950016,-0.007608711253851652,-0.01426961366087198,-1.528541684150696
1777498755350953984,-0.007610625587403774,-0.01427077408879995,-1.528542876243591
1777498755360939264,-0.007609404157847166,-0.01426928769797087,-1.5285404920578
1777498755370905344,-0.007611628621816635,-0.01427389774471521,-1.528537392616272
1777498755380851968,-0.007615915033966303,-0.01427639089524746,-1.528535604476929
1777498755390779392,-0.007616220042109489,-0.01428002677857876,-1.528535604476929
1777498755400687104,-0.007616195362061262,-0.01428386475890875,-1.528535127639771
1777498755410575872,-0.007626328151673079,-0.01428783684968948,-1.528533577919006
1777498755420445440,-0.007628594525158405,-0.01429231557995081,-1.528538107872009
1777498755430295552,-0.007633564062416553,-0.01429632306098938,-1.52853524684906
1777498755440131072,-0.007641152944415808,-0.01429885346442461,-1.528530955314636
1777498755449949696,-0.007638427894562483,-0.01429365575313568,-1.528531193733215
1777498755459749632,-0.007637652102857828,-0.01429450698196888,-1.528534412384033
1777498755469530624,-0.007644504774361849,-0.01429438032209873,-1.528532028198242
1777498755479750912,-0.00764643307775259,-0.01428983267396688,-1.528531193733215
1777498755489951232,-0.007644390221685171,-0.01429626438766718,-1.528533339500427
1777498755500131840,-0.007640135940164328,-0.01430344767868519,-1.528532743453979
1777498755510292480,-0.007644726894795895,-0.01430145744234324,-1.528535962104797
1777498755520433920,-0.007643411867320538,-0.01430452521890402,-1.528541088104248
1777498755530555904,-0.007637509144842625,-0.01430442836135626,-1.52853524684906
1777498755540658944,-0.00763992452993989,-0.01429835241287947,-1.528533458709717
1777498755550743552,-0.007630011532455683,-0.01429551374167204,-1.528533339500427
1777498755560808448,-0.007625015918165445,-0.0142893185839057,-1.528533577919006
1777498755570853632,-0.007619088515639305,-0.01428667176514864,-1.528535604476929
1777498755580879360,-0.00762093672528863,-0.01428351271897554,-1.528541564941406
1777498755590885632,-0.007621925324201584,-0.01428830716758966,-1.528539896011353
1777498755600872448,-0.007617179770022631,-0.01428698655217886,-1.528541684150696
1777498755610839552,-0.007613662164658308,-0.01428692974150181,-1.52853786945343
1777498755620787456,-0.007622547447681427,-0.01428652741014957,-1.52853786945343
1777498755630716160,-0.007621273398399353,-0.01429520733654499,-1.528539776802063
1777498755640625664,-0.007617835886776447,-0.01429115701466799,-1.528537750244141
1777498755650515712,-0.007616871502250433,-0.01429037749767303,-1.528537034988403
1777498755660386048,-0.007611647713929415,-0.01428866665810347,-1.528536677360535
1777498755670237184,-0.007616644259542227,-0.01429126691073179,-1.528536319732666
1777498755680069120,-0.007616917137056589,-0.01429225225001574,-1.528536677360535
1777498755689881600,-0.007610208354890347,-0.0142939630895853,-1.528532862663269
1777498755699675392,-0.007612583227455616,-0.0142951300367713,-1.528534889221191
1777498755709450752,-0.007608276326209307,-0.01429657265543938,-1.528532028198242
1777498755719675904,-0.007605635095387697,-0.01429285854101181,-1.528533220291138
1777498755729881344,-0.007603080477565527,-0.01429767347872257,-1.528533697128296
1777498755740067328,-0.007602673023939133,-0.0143043277785182,-1.528532385826111
1777498755750234112,-0.007607404608279467,-0.01429782621562481,-1.528533697128296
1777498755760380928,-0.007601988967508078,-0.01429614890366793,-1.528533101081848
1777498755770508288,-0.007604483980685472,-0.01430170517414808,-1.528536200523376
1777498755780615680,-0.007599291391670704,-0.0142998369410634,-1.528535008430481
1777498755790703872,-0.007596412673592567,-0.01429695263504982,-1.528537511825562
1777498755800772352,-0.007596250157803297,-0.01429483853280544,-1.528538823127747
1777498755810821376,-0.007602744270116091,-0.01429925486445427,-1.528536915779114
1777498755820850688,-0.007601525168865919,-0.01429588254541159,-1.5285404920578
1777498755830861056,-0.007601489778608084,-0.01429006271064281,-1.528542280197144
1777498755840851968,-0.00760046998038888,-0.01428963709622622,-1.528543472290039
1777498755850826496,-0.007602614350616932,-0.0142871206626296,-1.528542280197144
1777498755860781824,-0.007596644572913647,-0.0142917213961482,-1.528543949127197
1777498755870717696,-0.007596420124173164,-0.01429204177111387,-1.528539180755615
1777498755880634368,-0.007593368645757437,-0.01429223269224167,-1.528538823127747
1777498755890532352,-0.007591298315674067,-0.01429532188922167,-1.528539657592773
1777498755900410880,-0.007589208427816629,-0.01429737638682127,-1.528537631034851
1777498755910269952,-0.007586730178445578,-0.0142995547503233,-1.528539061546326
1777498755920109824,-0.00758322374895215,-0.01429937407374382,-1.528534412384033
1777498755929931008,-0.007579671684652567,-0.01430160645395517,-1.528536796569824
1777498755939732992,-0.007589530199766159,-0.01430371217429638,-1.528541207313538
1777498755949516032,-0.007589071989059448,-0.01430897507816553,-1.528539776802063
1777498755959742464,-0.00758993299677968,-0.01430239621549845,-1.528536796569824
1777498755969949440,-0.007587482687085867,-0.01429898012429476,-1.528540015220642
1777498755980136704,-0.007585785817354918,-0.01429986953735352,-1.528538584709167
1777498755990304768,-0.007584118284285069,-0.01430068910121918,-1.52853786945343
1777498756000453120,-0.007581438403576612,-0.01430053170770407,-1.528538227081299
1777498756010581760,-0.007578427437692881,-0.0143005745485425,-1.52854061126709
1777498756020690176,-0.00757299829274416,-0.0142996096983552,-1.5285404920578
1777498756030779136,-0.007576371543109417,-0.01430399529635906,-1.5285404920578
1777498756040848384,-0.007575349882245064,-0.01430182531476021,-1.528544545173645
1777498756050897920,-0.007576479576528072,-0.01430627424269915,-1.528540015220642
1777498756060927744,-0.007570993155241013,-0.01431085914373398,-1.528538465499878
1777498756070938112,-0.007568344939500093,-0.01431194040924311,-1.528537273406982
1777498756080929024,-0.00756336934864521,-0.01431533228605986,-1.528537750244141
1777498756090900480,-0.007559529971331358,-0.01431897282600403,-1.528539538383484
1777498756100854272,-0.007552955765277147,-0.01431858912110329,-1.528537392616272
1777498756110790656,-0.007552299648523331,-0.01431634370237589,-1.528537750244141
1777498756120707840,-0.007555974181741476,-0.01431277394294739,-1.528536200523376
1777498756130605824,-0.007551564835011959,-0.01431157812476158,-1.52853262424469
1777498756140484352,-0.007556220050901175,-0.01431316789239645,-1.528529644012451
1777498756150343680,-0.007557866163551807,-0.01431377418339252,-1.528531789779663
1777498756160184064,-0.007556905504316092,-0.01431193109601736,-1.528537034988403
1777498756170005248,-0.007557769771665335,-0.01431457325816154,-1.528535723686218
1777498756179807232,-0.007558439392596483,-0.0143137788400054,-1.528536677360535
1777498756189590784,-0.007567643653601408,-0.01432034745812416,-1.528539061546326
1777498756199591168,-0.007570423185825348,-0.01431466266512871,-1.528540372848511
1777498756209807616,-0.007576729170978069,-0.01431444752961397,-1.52853536605835
1777498756220004608,-0.007580933626741171,-0.01431471575051546,-1.528537034988403
1777498756230181376,-0.007577677723020315,-0.01431728061288595,-1.528536319732666
1777498756240338176,-0.007577895652502775,-0.0143207386136055,-1.528538703918457
1777498756250475520,-0.007576553616672754,-0.01431939192116261,-1.528541207313538
1777498756260593152,-0.007574073504656553,-0.01432462129741907,-1.528543472290039
1777498756270691328,-0.007568633183836937,-0.01432481594383717,-1.528542041778564
1777498756280770560,-0.007571745663881302,-0.01432370487600565,-1.528542280197144
1777498756290831104,-0.007571652997285128,-0.01432588789612055,-1.528542876243591
1777498756300871936,-0.007569429464638233,-0.01432418823242188,-1.528544187545776
1777498756310893568,-0.007571389898657799,-0.01432356797158718,-1.528546810150146
1777498756320895488,-0.007573508657515049,-0.01432240661233664,-1.52854597568512
1777498756330877952,-0.007573987357318401,-0.01431982778012753,-1.528542280197144
1777498756340840960,-0.007569320499897003,-0.01432646624743938,-1.528540134429932
1777498756350784512,-0.007576263509690762,-0.01432597450911999,-1.528538346290588
1777498756360708608,-0.00757899135351181,-0.01432633306831121,-1.528536081314087
1777498756370613504,-0.00758607592433691,-0.01432619988918304,-1.528534412384033
1777498756380499200,-0.00759499566629529,-0.01432987116277218,-1.528535127639771
1777498756390365696,-0.007594394497573376,-0.01433288399130106,-1.528537631034851
1777498756400212992,-0.007593242917209864,-0.01433619949966669,-1.528537511825562
1777498756410041344,-0.007594107650220394,-0.01433778461068869,-1.52853786945343
1777498756419851008,-0.007597478106617928,-0.0143388332799077,-1.528537392616272
1777498756429641216,-0.00759471720084548,-0.01434033084660769,-1.528539061546326
1777498756439645184,-0.007601290009915829,-0.01434343867003918,-1.528534889221191
1777498756449862400,-0.007600220385938883,-0.01434441283345222,-1.52852988243103
1777498756460059392,-0.007601843681186438,-0.0143448282033205,-1.528531193733215
1777498756470236928,-0.007599581498652697,-0.01434412691742182,-1.528533458709717
1777498756480395520,-0.007596449926495552,-0.01434714812785387,-1.528535842895508
1777498756490534400,-0.007594680413603783,-0.01434884127229452,-1.528534054756165
1777498756500653312,-0.007603668142110109,-0.01434861961752176,-1.528535604476929
1777498756510752768,-0.007604524493217468,-0.01434778608381748,-1.528537392616272
1777498756520832768,-0.007602142170071602,-0.01434662286192179,-1.528532743453979
1777498756530893056,-0.007597759366035461,-0.01433971524238586,-1.52853786945343
1777498756540933888,-0.007593673653900623,-0.01434234902262688,-1.528541564941406
1777498756550955008,-0.007594679016619921,-0.01434518024325371,-1.528540730476379
1777498756560956928,-0.007593963760882616,-0.0143492016941309,-1.528545498847961
1777498756570939648,-0.00759762292727828,-0.0143523383885622,-1.528547644615173
1777498756580902912,-0.007597133051604033,-0.01434739306569099,-1.528547763824463
1777498756590846464,-0.007600951008498669,-0.01434897258877754,-1.528546333312988
1777498756600772608,-0.007593277841806412,-0.01434578001499176,-1.528540730476379
1777498756610681344,-0.007600843906402588,-0.01434056274592876,-1.5285404920578
1777498756620570880,-0.007598895113915205,-0.01434261910617352,-1.528541684150696
1777498756630441216,-0.007597646210342646,-0.01433418225497007,-1.528544783592224
1777498756640292608,-0.007591531611979008,-0.01432894356548786,-1.528550386428833
1777498756650124800,-0.007591916248202324,-0.01433021016418934,-1.528551816940308
1777498756659938304,-0.007594877853989601,-0.01433102414011955,-1.528553366661072
1777498756669732608,-0.007592654787003994,-0.01433194894343615,-1.528554201126099
1777498756679507968,-0.007589064072817564,-0.01433145068585873,-1.528556704521179
1777498756689726208,-0.007588978391140699,-0.01433312334120274,-1.528555870056152
1777498756699924736,-0.007581732235848904,-0.01433289237320423,-1.528556346893311
1777498756710103552,-0.007580804172903299,-0.01433681603521109,-1.528556346893311
1777498756720263936,-0.007577027194201946,-0.01433748565614223,-1.528555274009705
1777498756730404352,-0.007575700990855694,-0.01434205565601587,-1.528547644615173
1777498756740525312,-0.007578765507787466,-0.01434370968490839,-1.528544902801514
1777498756750626816,-0.007576637901365757,-0.01434414181858301,-1.528543591499329
1777498756760708864,-0.007571231108158827,-0.0143426526337862,-1.528546214103699
1777498756770771200,-0.007565564475953579,-0.01434619072824717,-1.528548359870911
1777498756780814080,-0.007567684631794691,-0.01434668339788914,-1.528547883033752
1777498756790837760,-0.00756857730448246,-0.01433939859271049,-1.528552651405334
1777498756800844032,-0.007566597778350115,-0.01434725895524025,-1.528555989265442
1777498756810832384,-0.007563248742371798,-0.01434857491403818,-1.528554201126099
1777498756820801280,-0.007561571430414915,-0.01435488555580378,-1.52855110168457
1777498756830750976,-0.007563693914562464,-0.01436234172433615,-1.52855122089386
1777498756840681216,-0.007564022671431303,-0.01436050981283188,-1.528554558753967
1777498756850592512,-0.007559408433735371,-0.01435885578393936,-1.528555274009705
1777498756860484608,-0.007561629638075829,-0.01436386909335852,-1.528552055358887
1777498756870357248,-0.007563532330095768,-0.01436484418809414,-1.528550982475281
1777498756880211200,-0.007559177000075579,-0.01436762977391481,-1.528548836708069
1777498756890046464,-0.007555470801889896,-0.01437013875693083,-1.528549909591675
1777498756899862784,-0.007555219810456038,-0.01437424588948488,-1.528552174568176
1777498756909659904,-0.007553503382951021,-0.0143766263499856,-1.528556108474731
1777498756919438336,-0.007555106189101934,-0.01437661051750183,-1.52855658531189
1777498756929657856,-0.007559999357908964,-0.0143804894760251,-1.528556346893311
1777498756939857664,-0.007562109269201756,-0.01438187062740326,-1.528557300567627
1777498756950037760,-0.007562607526779175,-0.01438347436487675,-1.528553247451782
1777498756960198912,-0.007563772611320019,-0.01438501663506031,-1.528545260429382
1777498756970340352,-0.007560393773019314,-0.01438250485807657,-1.528545737266541
1777498756980462080,-0.007558360695838928,-0.01438850630074739,-1.528547167778015
1777498756990564608,-0.007550001610070467,-0.01439035777002573,-1.528547048568726
1777498757000647168,-0.007548104505985975,-0.01439950615167618,-1.528546094894409
1777498757010710528,-0.007546859327703714,-0.01440622378140688,-1.528546452522278
1777498757020754176,-0.007544107269495726,-0.01440615579485893,-1.528545498847961
1777498757030781184,-0.007540647406131029,-0.01441133860498667,-1.528546214103699
1777498757040788736,-0.007534718606621027,-0.01440256834030151,-1.528546810150146
1777498757050776832,-0.007537037134170532,-0.01440077647566795,-1.528546690940857
1777498757060745728,-0.007541862782090902,-0.01439705397933722,-1.52854597568512
1777498757070695424,-0.007544390391558409,-0.01439214870333672,-1.528547406196594
1777498757080625920,-0.007548067253082991,-0.01439201179891825,-1.528548121452332
1777498757090536960,-0.007551056798547506,-0.01440219860523939,-1.528551816940308
1777498757100429056,-0.007553913164883852,-0.01440777909010649,-1.528556704521179
1777498757110303232,-0.007550871931016445,-0.01441097259521484,-1.528558254241943
1777498757120157952,-0.007554288487881422,-0.01440991647541523,-1.528559803962708
1777498757129993728,-0.007551636081188917,-0.01440967340022326,-1.528558373451233
1777498757139810048,-0.00755392899736762,-0.01441009528934956,-1.528557062149048
1777498757149607424,-0.007546474225819111,-0.01440772414207458,-1.528554558753967
1777498757159385856,-0.007541878614574671,-0.01440663635730743,-1.52855372428894
1777498757169611776,-0.00753744738176465,-0.01440416648983955,-1.528554558753967
1777498757179817728,-0.007532123010605574,-0.01440599001944065,-1.528559565544128
1777498757190003968,-0.007531242445111275,-0.01440566126257181,-1.528562903404236
1777498757200170752,-0.007529502268880606,-0.01440112479031086,-1.528563261032104
1777498757210318080,-0.007527422159910202,-0.01440461445599794,-1.528560638427734
1777498757220445952,-0.007527772802859545,-0.01440531015396118,-1.528557896614075
1777498757230553856,-0.00752610806375742,-0.0144062452018261,-1.528563499450684
1777498757240642560,-0.007524121552705765,-0.01440794300287962,-1.528562903404236
1777498757250711808,-0.007519243750721216,-0.01440276019275188,-1.528560280799866
1777498757260761344,-0.007519255392253399,-0.0144038675352931,-1.528560757637024
1777498757270791424,-0.007517035584896803,-0.01440510246902704,-1.528555989265442
1777498757280802048,-0.007514907047152519,-0.01440244074910879,-1.528555035591125
1777498757290793472,-0.007515945006161928,-0.01439587399363518,-1.528552651405334
1777498757300765440,-0.007509303279221058,-0.01439588982611895,-1.528552532196045
1777498757310717952,-0.007506365422159433,-0.01439245976507664,-1.528554081916809
1777498757320651008,-0.00749832671135664,-0.01438976917415857,-1.52855920791626
1777498757330564864,-0.007498788181692362,-0.01439064554870129,-1.528555989265442
1777498757340459776,-0.007497228682041168,-0.01439025718718767,-1.528554320335388
1777498757350335232,-0.007497605867683887,-0.01438918150961399,-1.5285564661026
1777498757360195328,-0.007497744634747505,-0.01439202204346657,-1.5285564661026
1777498757370040320,-0.007493167649954557,-0.01439300924539566,-1.528553247451782
1777498757379866368,-0.00749313086271286,-0.01440032478421926,-1.528547763824463
1777498757389672960,-0.007499476429075003,-0.01439293287694454,-1.528547286987305
1777498757399460864,-0.007497666869312525,-0.0143982358276844,-1.52854311466217
1777498757409695232,-0.007494736462831497,-0.01440008822828531,-1.528544545173645
1777498757419910144,-0.007494887337088585,-0.01439976319670677,-1.528538703918457
1777498757430105600,-0.007489437703043222,-0.01439961884170771,-1.528538227081299
1777498757440281344,-0.007494393736124039,-0.01440325193107128,-1.528532981872559
1777498757450437632,-0.007492759730666876,-0.01440374180674553,-1.528531193733215
1777498757460574208,-0.007492018863558769,-0.01440277509391308,-1.528534173965454
1777498757470690560,-0.007491826079785824,-0.01440921798348427,-1.528533816337585
1777498757480787712,-0.007494246587157249,-0.01440858282148838,-1.528534889221191
1777498757490864896,-0.007496713194996119,-0.01440898235887289,-1.528531670570374
1777498757500922624,-0.007498071528971195,-0.01441262103617191,-1.528524994850159
1777498757510960896,-0.007502971217036247,-0.01441555097699165,-1.528524875640869
1777498757520981760,-0.007500904146581888,-0.01441109366714954,-1.528523564338684
1777498757530984960,-0.007500304840505123,-0.014411685988307,-1.528524994850159
1777498757540968960,-0.007496926467865705,-0.01441279891878366,-1.528522849082947
1777498757550933248,-0.007495744153857231,-0.01441456098109484,-1.528522372245789
1777498757560878336,-0.007500447332859039,-0.01441625133156776,-1.528528809547424
1777498757570803968,-0.007496220525354147,-0.0144156226888299,-1.528522729873657
1777498757580710656,-0.007493990007787943,-0.01441779918968678,-1.528526902198792
1777498757590597376,-0.007491900119930506,-0.01441636681556702,-1.528526306152344
1777498757600465152,-0.007484900299459696,-0.01441685203462839,-1.528526306152344
1777498757610313984,-0.007483683992177248,-0.01441788487136364,-1.528527140617371
1777498757620143616,-0.007483508437871933,-0.01442594546824694,-1.528523206710815
1777498757629954048,-0.007487434428185225,-0.01443331129848957,-1.528524041175842
1777498757639744768,-0.007487575057893991,-0.01443439163267612,-1.528526544570923
1777498757649747968,-0.007486696820706129,-0.014439114369452,-1.528527021408081
1777498757659962880,-0.007485239766538143,-0.0144427539780736,-1.528526663780212
1777498757670157824,-0.007485516835004091,-0.01443922333419323,-1.52852988243103
1777498757680334080,-0.007482757791876793,-0.01444177981466055,-1.528529405593872
1777498757690490624,-0.007489385083317757,-0.01444790791720152,-1.528527975082397
1777498757700627200,-0.007489475421607494,-0.0144484406337142,-1.528529644012451
1777498757710744064,-0.007484001573175192,-0.01445662509649992,-1.528526425361633
1777498757720841728,-0.007487835362553596,-0.01446516998112202,-1.52852725982666
1777498757730919680,-0.00749706057831645,-0.01446616742759943,-1.528527021408081
1777498757740977664,-0.007504282053560019,-0.01447140704840422,-1.528519511222839
1777498757751015936,-0.007501432672142982,-0.01447564363479614,-1.528517007827759
1777498757761035264,-0.007498378399759531,-0.01447471510618925,-1.528519153594971
1777498757771038208,-0.00748891569674015,-0.01447336841374636,-1.528522491455078
1777498757781021952,-0.007483363151550293,-0.01447535865008831,-1.528520226478577
1777498757790986496,-0.007477501407265663,-0.01447566505521536,-1.528522372245789
1777498757800931328,-0.007476469036191702,-0.01447645016014576,-1.528524875640869
1777498757810857472,-0.007476582657545805,-0.01447898056358099,-1.528523087501526
1777498757820763904,-0.007476477418094873,-0.01447696145623922,-1.528527498245239
1777498757830651136,-0.007473866455256939,-0.01447664946317673,-1.528527855873108
1777498757840518656,-0.007475986611098051,-0.01447907648980618,-1.528527617454529
1777498757850367744,-0.00747491791844368,-0.01448132190853357,-1.528530120849609
1777498757860197376,-0.007476131897419691,-0.01448079198598862,-1.528533935546875
1777498757870008064,-0.007470291573554277,-0.01447572465986013,-1.528534054756165
1777498757879799808,-0.007472822908312082,-0.01447608694434166,-1.528538703918457
1777498757889804032,-0.007478828076273203,-0.01446973346173763,-1.528538465499878
1777498757900020224,-0.007470244076102972,-0.01446815766394138,-1.528541803359985
1777498757910217216,-0.007471668999642134,-0.01446814648807049,-1.528542518615723
1777498757920394240,-0.007469563279300928,-0.01447102054953575,-1.528534412384033
1777498757930552064,-0.007462896872311831,-0.0144715616479516,-1.528532266616821
1777498757940689920,-0.007465721108019352,-0.01447238493710756,-1.528530955314636
1777498757950808320,-0.007468537427484989,-0.01447614841163158,-1.528533577919006
1777498757960906496,-0.007464507129043341,-0.01448343507945538,-1.528536796569824
1777498757970985728,-0.007462071254849434,-0.01448683347553015,-1.528536796569824
1777498757981044992,-0.00746509712189436,-0.01449361722916365,-1.528542399406433
1777498757991084288,-0.007466839160770178,-0.01449086610227823,-1.528539896011353
1777498758001104128,-0.007466019596904516,-0.01449041720479727,-1.528541445732117
1777498758011105024,-0.007467173971235752,-0.01448695175349712,-1.528539419174194
1777498758021086464,-0.007467040326446295,-0.0144858593121171,-1.528540134429932
1777498758031047936,-0.007465173956006765,-0.01449310220777988,-1.528539896011353
1777498758040989952,-0.007462757173925638,-0.01448677759617567,-1.528536438941956
1777498758050912768,-0.007457778323441744,-0.0144906397908926,-1.528536558151245
1777498758060816384,-0.007456048391759396,-0.01448353007435799,-1.528535485267639
1777498758070700544,-0.00745502533391118,-0.01448650564998388,-1.528533220291138
1777498758080571136,-0.007459038868546486,-0.01448830217123032,-1.528538227081299
1777498758090422528,-0.00746056204661727,-0.0144934942945838,-1.528532266616821
1777498758100254976,-0.007460294757038355,-0.0144899059087038,-1.528529167175293
1777498758110067712,-0.00745520880445838,-0.0144889410585165,-1.528524160385132
1777498758119861760,-0.007455028127878904,-0.01448932010680437,-1.528520345687866
1777498758129867776,-0.007451625075191259,-0.01449308916926384,-1.528520226478577
1777498758140085248,-0.007451664190739393,-0.01449463982135057,-1.528519153594971
1777498758150282752,-0.007450396660715342,-0.01449810434132814,-1.528516173362732
1777498758160461056,-0.007449415978044271,-0.01450078561902046,-1.52850866317749
1777498758170620160,-0.007447133306413889,-0.01450978592038155,-1.52850353717804
1777498758180759808,-0.00744133023545146,-0.01450852025300264,-1.528494715690613
1777498758190879744,-0.007439525797963142,-0.0145107451826334,-1.528491854667664
1777498758200980480,-0.007432586047798395,-0.01450981386005878,-1.52849018573761
1777498758211061504,-0.007431552745401859,-0.01450978964567184,-1.528491854667664
1777498758221123072,-0.007432146463543177,-0.01450852397829294,-1.528494834899902
1777498758231165184,-0.007432946935296059,-0.01450878288596869,-1.528496265411377
1777498758241187840,-0.007430803030729294,-0.01450976263731718,-1.52849805355072
1777498758251191552,-0.007434152998030186,-0.01450904458761215,-1.528494954109192
1777498758261175808,-0.007442302536219358,-0.01450784225016832,-1.52849280834198
1777498758271140864,-0.007439302746206522,-0.01450768951326609,-1.528494834899902
1777498758281089536,-0.00743321655318141,-0.01450935751199722,-1.52849268913269
1777498758291019008,-0.007433508057147264,-0.0145159475505352,-1.528494358062744
1777498758300929280,-0.007434176281094551,-0.01451217755675316,-1.528494358062744
1777498758310820096,-0.007431757636368275,-0.01451049465686083,-1.528493046760559
1777498758320692224,-0.007436290383338928,-0.01450765132904053,-1.528486967086792
1777498758330544896,-0.007434622384607792,-0.01450557634234428,-1.528488516807556
1777498758340378112,-0.00743219256401062,-0.01450380589812994,-1.52848756313324
1777498758350191872,-0.007439427077770233,-0.01450324710458517,-1.528491258621216
1777498758359987200,-0.007440589368343353,-0.0145113430917263,-1.528492569923401
1777498758369763584,-0.007438819855451584,-0.01451107952743769,-1.528491497039795
1777498758379982592,-0.007445424795150757,-0.01451357640326023,-1.52849018573761
1777498758390181632,-0.007446324452757835,-0.01452106330543756,-1.528493642807007
1777498758400360960,-0.007451783865690231,-0.01452016830444336,-1.528492093086243
1777498758410521344,-0.007453378289937973,-0.01451919507235289,-1.528484225273132
1777498758420662272,-0.00745371263474226,-0.01451468095183372,-1.528481960296631
1777498758430783488,-0.007447130512446165,-0.01451894547790289,-1.5284823179245
1777498758440884736,-0.00745262298732996,-0.01451453939080238,-1.528483152389526
1777498758450967040,-0.007454638835042715,-0.01451452914625406,-1.528484225273132
1777498758461029632,-0.007449954282492399,-0.01451692078262568,-1.52848756313324
1777498758471072768,-0.007449435535818338,-0.01451570354402065,-1.528487801551819
1777498758481096704,-0.007453181780874729,-0.01452161185443401,-1.52848756313324
1777498758491104768,-0.007454348728060722,-0.01452554110437632,-1.528488755226135
1777498758501093376,-0.007450280711054802,-0.01452437322586775,-1.528488755226135
1777498758511062528,-0.007440182846039534,-0.01452105958014727,-1.528488516807556
1777498758521012224,-0.007441291119903326,-0.01452304795384407,-1.52849292755127
1777498758530942720,-0.007434036117047071,-0.01452269963920116,-1.52849292755127
1777498758540853760,-0.00743830343708396,-0.01452888920903206,-1.52848744392395
1777498758550745344,-0.007446669973433018,-0.01453399751335382,-1.528489232063293
1777498758560617728,-0.007439882960170507,-0.01453040726482868,-1.528486967086792
1777498758570471424,-0.007442154455929995,-0.01453342009335756,-1.528485536575317
1777498758580305920,-0.007438668981194496,-0.0145436730235815,-1.528489708900452
1777498758590121216,-0.007438006810843945,-0.01454705279320478,-1.528493881225586
1777498758599917568,-0.007441254332661629,-0.01454648375511169,-1.528501033782959
1777498758609694720,-0.007440161891281605,-0.01454661041498184,-1.52850067615509
1777498758619913984,-0.007442984264343977,-0.0145507575944066,-1.528501749038696
1777498758630113536,-0.007445265538990498,-0.01455293595790863,-1.528500914573669
1777498758640293632,-0.007442720700055361,-0.01455420441925526,-1.528498768806458
1777498758650454528,-0.007440090179443359,-0.0145566975697875,-1.528496146202087
1777498758660595200,-0.00743787968531251,-0.01455084700137377,-1.528499007225037
1777498758670716928,-0.007439435925334692,-0.01454733405262232,-1.528494596481323
1777498758680818432,-0.007443646900355816,-0.01454577036201954,-1.528496980667114
1777498758690900736,-0.007446735631674528,-0.01454741507768631,-1.528498888015747
1777498758700963328,-0.007445381954312325,-0.01454633940011263,-1.528497815132141
1777498758711006464,-0.007443774957209826,-0.0145522179082036,-1.528501510620117
1777498758721030400,-0.007439177017658949,-0.01455439627170563,-1.528501510620117
1777498758731035136,-0.007443476002663374,-0.01455370523035526,-1.528499007225037
1777498758741020160,-0.007442469708621502,-0.0145557438954711,-1.528499960899353
1777498758750985472,-0.007440389599651098,-0.014552041888237,-1.528502583503723
1777498758760933376,-0.007437699474394321,-0.01454838830977678,-1.528502464294434
1777498758770864128,-0.007438254542648792,-0.01454988401383162,-1.528501272201538
1777498758780775424,-0.007440237328410149,-0.01454721204936504,-1.528502702713013
1777498758790667520,-0.007437225431203842,-0.0145444143563509,-1.528505682945251
1777498758800540160,-0.007438587490469217,-0.01454477850347757,-1.528501272201538
1777498758810393856,-0.007437222637236118,-0.01454338990151882,-1.52850067615509
1777498758820228096,-0.007433189544826746,-0.01454287953674793,-1.528502583503723
1777498758830043392,-0.007429088465869427,-0.0145445205271244,-1.528503775596619
1777498758839839744,-0.007431546226143837,-0.01454977225512266,-1.528508186340332
1777498758849617152,-0.007434110622853041,-0.01454328186810017,-1.52850878238678
1777498758859842304,-0.007441898807883263,-0.01453706901520491,-1.528504252433777
1777498758870047488,-0.00743431830778718,-0.01453252322971821,-1.528507947921753
1777498758880233216,-0.007431369740515947,-0.01453304942697287,-1.528512954711914
1777498758890399488,-0.007429716177284718,-0.01453523803502321,-1.528514623641968
1777498758900546048,-0.007427560165524483,-0.01453080493956804,-1.528512597084045
1777498758910672640,-0.007428491488099098,-0.0145304286852479,-1.528510689735413
1777498758920781312,-0.007431167643517256,-0.01453298237174749,-1.528505563735962
1777498758930870016,-0.007430024910718203,-0.01453496795147657,-1.528502821922302
1777498758940939520,-0.007426302414387465,-0.01453719008713961,-1.528509020805359
1777498758950989312,-0.007428654003888369,-0.01454064249992371,-1.528508067131042
1777498758961019648,-0.00743270805105567,-0.01454367209225893,-1.528504371643066
1777498758971030784,-0.007432947400957346,-0.01454531401395798,-1.528503656387329
1777498758981022464,-0.007430628873407841,-0.01454922277480364,-1.528506517410278
1777498758990994688,-0.007434268947690725,-0.01455690898001194,-1.528501987457275
1777498759000947968,-0.007429551798850298,-0.01456352695822716,-1.528498411178589
1777498759010882304,-0.00743231363594532,-0.01456721872091293,-1.52849805355072
1777498759020796928,-0.007430160418152809,-0.01457041967660189,-1.528494477272034
1777498759030692096,-0.007427037693560123,-0.01457702275365591,-1.52849292755127
1777498759040568320,-0.007425397634506226,-0.01458149775862694,-1.528493642807007
1777498759050425088,-0.007427743636071682,-0.01457683555781841,-1.528491735458374
1777498759060262912,-0.007428470067679882,-0.01457719318568707,-1.528496503829956
1777498759070081280,-0.007428875658661127,-0.01457686442881823,-1.528497934341431
1777498759079885056,-0.00742837879806757,-0.01457900088280439,-1.528496503829956
1777498759089672704,-0.007428706623613834,-0.01457339245826006,-1.528495669364929
1777498759099674368,-0.007430688012391329,-0.01457585394382477,-1.52849805355072
1777498759109889536,-0.007430161815136671,-0.01457552425563335,-1.528495311737061
1777498759120085504,-0.007420798763632774,-0.01457051280885935,-1.528492331504822
1777498759130262016,-0.007415949366986752,-0.01457522623240948,-1.528487920761108
1777498759140418560,-0.007414362393319607,-0.01457666233181953,-1.528488516807556
1777498759150555136,-0.007414491847157478,-0.01457733009010553,-1.528491973876953
1777498759160672256,-0.007406990043818951,-0.01457640994340181,-1.528497338294983
1777498759170769408,-0.007403217721730471,-0.01457001455128193,-1.528497815132141
1777498759180847104,-0.007402096409350634,-0.0145664531737566,-1.528494000434875
1777498759190905088,-0.007410558871924877,-0.01456769462674856,-1.528496503829956
1777498759200945408,-0.00740995304659009,-0.01457126718014479,-1.528498291969299
1777498759210967552,-0.00741132814437151,-0.01457445975393057,-1.528499960899353
1777498759220970752,-0.007409890647977591,-0.01457091700285673,-1.528501749038696
1777498759230954240,-0.007404085248708725,-0.01456931047141552,-1.528501987457275
1777498759240918528,-0.007407957687973976,-0.01456397771835327,-1.52849805355072
1777498759250863616,-0.007415581028908491,-0.01457035169005394,-1.528500914573669
1777498759260788992,-0.007415512576699257,-0.01457482483237982,-1.528497457504272
1777498759270694912,-0.007412977050989866,-0.01457443367689848,-1.528501272201538
1777498759280581632,-0.007405139971524477,-0.01457065530121326,-1.528499126434326
1777498759290449408,-0.007404348347336054,-0.01456817705184221,-1.528498291969299
1777498759300297984,-0.007398388348519802,-0.01456473767757416,-1.528496146202087
1777498759310126848,-0.007397195789963007,-0.0145689407363534,-1.528500199317932
1777498759319936768,-0.0073933070525527,-0.01456755213439465,-1.528499245643616
1777498759329727488,-0.007386971730738878,-0.01456291973590851,-1.528502464294434
1777498759339731456,-0.007381327450275421,-0.01455962099134922,-1.528500080108643
1777498759349947904,-0.007384474389255047,-0.01455270871520042,-1.528498649597168
1777498759360144384,-0.007381590083241463,-0.01454633288085461,-1.528499007225037
1777498759370321664,-0.007385168690234423,-0.01454782020300627,-1.52849555015564
1777498759380478976,-0.007384891156107187,-0.01455102302134037,-1.528493165969849
1777498759390616576,-0.007380735129117966,-0.01455201487988234,-1.528491854667664
1777498759400734464,-0.007377856411039829,-0.01454851310700178,-1.528497695922852
1777498759410832896,-0.007378573529422283,-0.01454268861562014,-1.528494358062744
1777498759420911360,-0.007378933019936085,-0.01454196870326996,-1.528493523597717
1777498759430970368,-0.00737537769600749,-0.01454160176217556,-1.528492212295532
1777498759441009408,-0.007375243585556746,-0.0145378177985549,-1.528490304946899
1777498759451029248,-0.007374453824013472,-0.01453692745417356,-1.528492569923401
1777498759461032704,-0.007375175133347511,-0.01453801151365042,-1.528495192527771
1777498759471016704,-0.007375055458396673,-0.01453949697315693,-1.528495073318481
1777498759480981760,-0.007375361863523722,-0.01454600971192122,-1.528496026992798
1777498759490927360,-0.00737263448536396,-0.01454378850758076,-1.528499960899353
1777498759500853760,-0.007372337859123945,-0.01455140206962824,-1.528502821922302
1777498759510760704,-0.007371616549789906,-0.01455219835042953,-1.528501868247986
1777498759520648448,-0.00737442122772336,-0.01455317623913288,-1.528501033782959
1777498759530516992,-0.007371995598077774,-0.01455629710108042,-1.528506636619568
1777498759540366592,-0.007369341794401407,-0.01455027237534523,-1.528509736061096
1777498759550197248,-0.007358560804277658,-0.01454619225114584,-1.52850866317749
1777498759560008704,-0.007355048321187496,-0.01454300247132778,-1.528509736061096
1777498759569800704,-0.007354101166129112,-0.01454553753137589,-1.528510451316833
1777498759579573504,-0.007353704888373613,-0.01453911513090134,-1.52850878238678
1777498759589791232,-0.007353392895311117,-0.014533506706357,-1.528509497642517
1777498759599988992,-0.007352860644459724,-0.01452703773975372,-1.528512120246887
1777498759610166528,-0.007353908848017454,-0.01452287379652262,-1.528511166572571
1777498759620324864,-0.007356431800872087,-0.01452190522104502,-1.528513073921204
1777498759630463744,-0.007364728488028049,-0.0145222581923008,-1.52851414680481
1777498759640582912,-0.007362504955381155,-0.01452282257378101,-1.528515696525574
1777498759650682368,-0.007355550769716501,-0.01452302746474743,-1.528517842292786
1777498759660762112,-0.007357016205787659,-0.01451594848185778,-1.528516292572021
1777498759670822400,-0.007360318209975958,-0.01450985390692949,-1.528514385223389
1777498759680863488,-0.007367121055722237,-0.01450709346681833,-1.52851128578186
1777498759690885120,-0.007361772935837507,-0.01450127921998501,-1.528510808944702
1777498759700887552,-0.007364457473158836,-0.01450259238481522,-1.528509378433228
1777498759710870528,-0.0073656658641994,-0.01450416631996632,-1.528509378433228
1777498759720837376,-0.007364118006080389,-0.01450958009809256,-1.528505802154541
1777498759730785280,-0.007360327988862991,-0.01450892351567745,-1.528506875038147
1777498759740713984,-0.007357014343142509,-0.01450186502188444,-1.528512358665466
1777498759750623232,-0.007352427579462528,-0.01450301986187696,-1.52851140499115
1777498759760513536,-0.007349001709371805,-0.0145138269290328,-1.528510570526123
1777498759770384640,-0.007346218451857567,-0.01451888866722584,-1.528507351875305
1777498759780236288,-0.007339145056903362,-0.01452103909105062,-1.528502464294434
1777498759790068992,-0.007340615149587393,-0.01452795322984457,-1.528498768806458
1777498759799883264,-0.007342766039073467,-0.01452883332967758,-1.528496742248535
1777498759809678336,-0.007345497142523527,-0.01453008037060499,-1.528501987457275
1777498759819454208,-0.007339940406382084,-0.01453118119388819,-1.528501629829407
1777498759829673216,-0.007346844300627708,-0.0145310228690505,-1.528505206108093
1777498759839872256,-0.007344323210418224,-0.0145293865352869,-1.528504610061646
1777498759850051584,-0.007337982300668955,-0.01453382801264524,-1.52850353717804
1777498759860211456,-0.007336809765547514,-0.01453353837132454,-1.528500556945801
1777498759870352128,-0.007341783959418535,-0.01453153137117624,-1.528499960899353
1777498759880472832,-0.007343914825469255,-0.01453467737883329,-1.528499484062195
1777498759890574080,-0.00734042190015316,-0.01453131157904863,-1.528501749038696
1777498759900655872,-0.007342660333961248,-0.01453329529613256,-1.528498768806458
1777498759910719232,-0.007341678719967604,-0.0145329125225544,-1.528497815132141
1777498759920762880,-0.007348632905632257,-0.014532252214849,-1.528500556945801
1777498759930786816,-0.007352904416620731,-0.01453420985490084,-1.528501391410828
1777498759940791808,-0.007352975662797689,-0.01452838908880949,-1.528502464294434
1777498759950779136,-0.007351841777563095,-0.014527577906847,-1.528500199317932
1777498759960748800,-0.007353706751018763,-0.0145244812592864,-1.528501629829407
1777498759970699008,-0.007345449179410934,-0.01452748384326696,-1.528504848480225
1777498759980630016,-0.00734400562942028,-0.01453417912125587,-1.528499245643616
1777498759990541824,-0.007346765138208866,-0.01453560870140791,-1.528497576713562
1777498760000434176,-0.007340972777456045,-0.01453678496181965,-1.528496146202087
1777498760010307328,-0.007341800723224878,-0.01453947741538286,-1.528499722480774
1777498760020161024,-0.007347853388637304,-0.01453809440135956,-1.528500556945801
1777498760029996032,-0.007353227119892836,-0.01453820895403624,-1.528500199317932
1777498760039812096,-0.007352286484092474,-0.01453889440745115,-1.528500199317932
1777498760049608960,-0.007348910439759493,-0.01453938335180283,-1.528502225875854
1777498760059387136,-0.007350006606429815,-0.01454370561987162,-1.52850341796875
1777498760069612544,-0.007348666433244944,-0.01453862339258194,-1.528506517410278
1777498760079818496,-0.00734667805954814,-0.01453997008502483,-1.528501033782959
1777498760090004480,-0.007350181695073843,-0.01454801019281149,-1.528499245643616
1777498760100170496,-0.007351495791226625,-0.01454276032745838,-1.528497815132141
1777498760110317056,-0.00735433679074049,-0.01454415544867516,-1.52849817276001
1777498760120444928,-0.007352688349783421,-0.0145461680367589,-1.528497338294983
1777498760130553088,-0.00735166110098362,-0.01455345191061497,-1.528499484062195
1777498760140641536,-0.007360229268670082,-0.01455244608223438,-1.528498649597168
1777498760150710272,-0.007364425342530012,-0.01456003449857235,-1.528496742248535
1777498760160759808,-0.007365758065134287,-0.01455988176167011,-1.528496265411377
1777498760170789376,-0.007363197859376669,-0.01456807181239128,-1.528493404388428
1777498760180799488,-0.007364709861576557,-0.01457101944833994,-1.528491497039795
1777498760190790400,-0.007363579701632261,-0.01457020547240973,-1.528491854667664
1777498760200762368,-0.00736398808658123,-0.01456477586179972,-1.528495311737061
1777498760210714880,-0.007366004399955273,-0.01456550229340792,-1.528500080108643
1777498760220647936,-0.007363196928054094,-0.01456649973988533,-1.528506398200989
1777498760230561792,-0.007353936787694693,-0.01456433907151222,-1.528505444526672
1777498760240456192,-0.007349302992224693,-0.01456940174102783,-1.528507947921753
1777498760250331392,-0.007347762584686279,-0.01457103434950113,-1.528509140014648
1777498760260187904,-0.00734273623675108,-0.01457344833761454,-1.528509616851807
1777498760270029312,-0.007331100292503834,-0.01457359362393618,-1.528510689735413
1777498760279855360,-0.007339036092162132,-0.01457799412310123,-1.528517127037048
1777498760289662208,-0.007337078917771578,-0.01457918249070644,-1.528518080711365
1777498760299450112,-0.007337021641433239,-0.01457791868597269,-1.52851414680481
1777498760309676032,-0.007335219997912645,-0.01457752659916878,-1.528519034385681
1777498760319882240,-0.007333267945796251,-0.01457465440034866,-1.528521776199341
1777498760330068736,-0.007341200951486826,-0.01457807421684265,-1.52851939201355
1777498760340235008,-0.00734023516997695,-0.01457345299422741,-1.528514862060547
1777498760350381568,-0.007350920233875513,-0.01458051800727844,-1.528518676757812
1777498760360508416,-0.007349239196628332,-0.01458118017762899,-1.528517723083496
1777498760370615296,-0.007344594225287437,-0.01458318810909986,-1.528522610664368
1777498760380702976,-0.007340598851442337,-0.01458628103137016,-1.528527021408081
1777498760390770688,-0.007336212787777185,-0.01458823774009943,-1.52853262424469
1777498760400818688,-0.007333571556955576,-0.01459149830043316,-1.528534770011902
1777498760410849024,-0.007337051909416914,-0.01459026150405407,-1.528533458709717
1777498760420861184,-0.007342592347413301,-0.01459313184022903,-1.528527498245239
1777498760430853632,-0.007339690811932087,-0.0145950224250555,-1.52852475643158
1777498760440826624,-0.007336494047194719,-0.01459036208689213,-1.528523445129395
1777498760450780160,-0.007336828391999006,-0.01459707133471966,-1.528525233268738
1777498760460714496,-0.007342284079641104,-0.01460124086588621,-1.528521418571472
1777498760470629376,-0.007338987663388252,-0.01461301930248737,-1.528525590896606
1777498760480525056,-0.007335753180086613,-0.01461843028664589,-1.528525710105896
1777498760490401280,-0.007337529212236404,-0.01461951714009047,-1.528526306152344
1777498760500258560,-0.007331700529903173,-0.014627730473876,-1.528526306152344
1777498760510096384,-0.007336489856243134,-0.01463173516094685,-1.528533458709717
1777498760519915264,-0.007335672620683908,-0.01463114377111197,-1.528533101081848
1777498760529714944,-0.007330939639359713,-0.01462615933269262,-1.528530120849609
1777498760539495168,-0.00732843205332756,-0.0146282697096467,-1.528532743453979
1777498760549492992,-0.007332033477723598,-0.01463037729263306,-1.528535008430481
1777498760559707904,-0.00733336852863431,-0.01462710462510586,-1.52853524684906
1777498760569903104,-0.007328132633119822,-0.01463040150702,-1.528535604476929
1777498760580079616,-0.007324960082769394,-0.01462871022522449,-1.528537511825562
1777498760590237184,-0.00731725012883544,-0.01462641544640064,-1.528539419174194
1777498760600374784,-0.0073214340955019,-0.01463046297430992,-1.528538942337036
1777498760610492416,-0.007322709076106548,-0.01462816447019577,-1.528537631034851
1777498760620591104,-0.007324730511754751,-0.01462919916957617,-1.528541445732117
1777498760630670080,-0.007320971228182316,-0.01463807187974453,-1.52853786945343
1777498760640730368,-0.007316141854971647,-0.01463049650192261,-1.528541803359985
1777498760650772224,-0.007311912253499031,-0.01464377716183662,-1.528540372848511
1777498760660794368,-0.007312056142836809,-0.01463884674012661,-1.528537511825562
1777498760670797056,-0.007312778383493423,-0.01463879644870758,-1.528542041778564
1777498760680780544,-0.007317361421883106,-0.0146408723667264,-1.528546094894409
1777498760690744832,-0.00731313182041049,-0.01463923137634993,-1.528547286987305
1777498760700689408,-0.007318749092519283,-0.01463295053690672,-1.528547883033752
1777498760710614528,-0.007317849900573492,-0.01462994143366814,-1.528550863265991
1777498760720520960,-0.007317549549043179,-0.01463379617780447,-1.528550624847412
1777498760730407936,-0.007320438977330923,-0.01463392190635204,-1.528548717498779
1777498760740275456,-0.007317343726754189,-0.01463452260941267,-1.528551936149597
1777498760750124032,-0.007316899485886097,-0.01463830657303333,-1.528548121452332
1777498760759953152,-0.007319115567952394,-0.0146455317735672,-1.528543949127197
1777498760769763328,-0.007322045043110847,-0.01464620232582092,-1.52854335308075
1777498760779554048,-0.0073182238265872,-0.01464663725346327,-1.528540730476379
1777498760789557504,-0.00731734512373805,-0.01464665401726961,-1.528545379638672
1777498760799773696,-0.007315009832382202,-0.01464444119483232,-1.528545141220093
1777498760809969920,-0.007305440958589315,-0.01464052870869637,-1.528541445732117
1777498760820147456,-0.007303136866539717,-0.01464273780584335,-1.52854323387146
1777498760830305024,-0.007299978286027908,-0.01463267765939236,-1.528541445732117
1777498760840442624,-0.007290856912732124,-0.01463773287832737,-1.528542757034302
1777498760850560512,-0.007294310722500086,-0.01463674008846283,-1.528539061546326
1777498760860658944,-0.007295356597751379,-0.01462985575199127,-1.52854061126709
1777498760870737920,-0.007296305615454912,-0.01462726946920156,-1.52854597568512
1777498760880796672,-0.007294413167983294,-0.01463029161095619,-1.528547286987305
1777498760890835968,-0.007293356582522392,-0.01463168300688267,-1.528548121452332
1777498760900857856,-0.007298905868083239,-0.01462858356535435,-1.528543710708618
1777498760910861824,-0.007299456279724836,-0.01463110744953156,-1.528537392616272
1777498760920846848,-0.007297800853848457,-0.01462631206959486,-1.528531193733215
1777498760930812160,-0.007297859061509371,-0.01463282387703657,-1.52852988243103
1777498760940758272,-0.007300668861716986,-0.01462998893111944,-1.528530955314636
1777498760950685184,-0.007306351326406002,-0.01462806761264801,-1.528533935546875
1777498760960592384,-0.007301127072423697,-0.01462684571743011,-1.528535723686218
1777498760970480384,-0.007301009725779295,-0.01462135277688503,-1.528533101081848
1777498760980349184,-0.007299939170479774,-0.01462309341877699,-1.528531789779663
1777498760990199296,-0.007303223013877869,-0.01462417561560869,-1.528532743453979
1777498761000029440,-0.007305247709155083,-0.01462364755570889,-1.528534412384033
1777498761009840640,-0.007307181600481272,-0.01462224964052439,-1.528534531593323
1777498761019632896,-0.007303275167942047,-0.0146213723346591,-1.528531789779663
1777498761029637888,-0.007305397186428308,-0.01462889462709427,-1.528532266616821
1777498761039855104,-0.007302264682948589,-0.01463064178824425,-1.528531074523926
1777498761050052864,-0.007303311955183744,-0.0146358460187912,-1.528531193733215
1777498761060231424,-0.007303890306502581,-0.01463540270924568,-1.528532147407532
1777498761070390528,-0.007301715668290854,-0.01463836431503296,-1.528535723686218
1777498761080529664,-0.007304203230887651,-0.01463752426207066,-1.528535485267639
1777498761090649344,-0.00730704702436924,-0.01463824044913054,-1.52853524684906
1777498761100749312,-0.007305403240025043,-0.01464024651795626,-1.528534412384033
1777498761110829824,-0.007304779253900051,-0.01463631074875593,-1.528535008430481
1777498761120890624,-0.007300399709492922,-0.01463447418063879,-1.528533339500427
1777498761130931968,-0.007294956129044294,-0.01463556196540594,-1.528537631034851
1777498761140954112,-0.007288261316716671,-0.01463364530354738,-1.528540730476379
1777498761150957056,-0.007280664518475533,-0.01463249605149031,-1.528544425964355
1777498761160940288,-0.00727850291877985,-0.01463432516902685,-1.528544306755066
1777498761170904064,-0.007278791163116693,-0.0146328043192625,-1.528545379638672
1777498761180848640,-0.007281828671693802,-0.01463802438229322,-1.528542399406433
1777498761190773760,-0.007275994401425123,-0.01463693100959063,-1.528541803359985
1777498761200679424,-0.007270280737429857,-0.01463803742080927,-1.528541803359985
1777498761210568448,-0.00726900203153491,-0.014636998064816,-1.528544187545776
1777498761220441856,-0.007266320288181305,-0.01463177800178528,-1.528544664382935
1777498761230296064,-0.007263855542987585,-0.01463699713349342,-1.528547286987305
1777498761240131328,-0.007259721867740154,-0.0146428570151329,-1.528548836708069
1777498761249947392,-0.007257669698446989,-0.01464662421494722,-1.528545379638672
1777498761259744768,-0.007262169849127531,-0.0146490354090929,-1.528544664382935
1777498761269522944,-0.007270766887813807,-0.01464715600013733,-1.528541684150696
1777498761279741952,-0.007272248156368732,-0.01464853063225746,-1.528539896011353
1777498761289941248,-0.00727185420691967,-0.01465003564953804,-1.528534054756165
1777498761300120832,-0.007268746383488178,-0.01464377902448177,-1.528534770011902
1777498761310280960,-0.007263925857841969,-0.01464526169002056,-1.528534054756165
1777498761320421632,-0.007266090717166662,-0.01464285142719746,-1.528535604476929
1777498761330542848,-0.007265282794833183,-0.01464529521763325,-1.528528451919556
1777498761340643584,-0.007262151222676039,-0.01464592572301626,-1.528525471687317
1777498761350725120,-0.007260257843881845,-0.01464046072214842,-1.528524994850159
1777498761360786944,-0.007260511163622141,-0.01464259717613459,-1.528525829315186
1777498761370828800,-0.007252583745867014,-0.01463977992534637,-1.528524041175842
1777498761380851200,-0.00724892457947135,-0.01463916525244713,-1.528518915176392
1777498761390854656,-0.007252390962094069,-0.01463857665657997,-1.528515934944153
1777498761400838400,-0.007248173467814922,-0.01463283412158489,-1.528515219688416
1777498761410802688,-0.00724538741633296,-0.01463335007429123,-1.528512358665466
1777498761420747776,-0.007244208827614784,-0.01463332027196884,-1.528512001037598
1777498761430673408,-0.007243792060762644,-0.01463426277041435,-1.528512239456177
1777498761440579584,-0.007241720799356699,-0.01464022137224674,-1.528512239456177
1777498761450466048,-0.007235656026750803,-0.01464284025132656,-1.528511881828308
1777498761460333568,-0.007232350297272205,-0.01464702561497688,-1.52851140499115
1777498761470182144,-0.007234046701341867,-0.0146507453173399,-1.528508901596069
1777498761480017664,-0.007238355930894613,-0.01465253997594118,-1.528507828712463
1777498761489834496,-0.007233722135424614,-0.0146525539457798,-1.52850866317749
1777498761499632384,-0.007232051342725754,-0.01465404219925404,-1.528511643409729
1777498761509410560,-0.007225317414849997,-0.01465034484863281,-1.528510332107544
1777498761519630336,-0.007218699436634779,-0.01464871317148209,-1.528512477874756
1777498761529830144,-0.007218096870929003,-0.01465238258242607,-1.528515934944153
1777498761540010496,-0.007219058927148581,-0.01465134136378765,-1.528512477874756
1777498761550172160,-0.00721444096416235,-0.01465438026934862,-1.528511166572571
1777498761560313856,-0.00721175130456686,-0.01465796492993832,-1.528512001037598
1777498761570435840,-0.007212291471660137,-0.01465567201375961,-1.528512001037598
1777498761580538112,-0.007214391138404608,-0.0146624892950058,-1.528511762619019
1777498761590620672,-0.007205512840300798,-0.01466629188507795,-1.528510570526123
1777498761600683520,-0.007203178480267525,-0.01466993894428015,-1.528509497642517
1777498761610726912,-0.007196842692792416,-0.0146764675155282,-1.528508901596069
1777498761620750592,-0.007189313881099224,-0.01468043588101864,-1.528502464294434
1777498761630755328,-0.007186734583228827,-0.01468750461935997,-1.528498888015747
1777498761640740608,-0.007187762297689915,-0.0146868322044611,-1.52849817276001
1777498761650706176,-0.007194279693067074,-0.01469516940414906,-1.528493285179138
1777498761660652032,-0.007199798710644245,-0.01469349022954702,-1.528491735458374
1777498761670581760,-0.007205788046121597,-0.01469304785132408,-1.528493404388428
1777498761680492032,-0.007201150991022587,-0.0146860983222723,-1.528494834899902
1777498761690383104,-0.007203263696283102,-0.01468814630061388,-1.528496503829956
1777498761700254464,-0.007203396875411272,-0.01469445321708918,-1.528497815132141
1777498761710107136,-0.007197367958724499,-0.01469264924526215,-1.528497695922852
1777498761719940352,-0.007188356015831232,-0.01469621248543262,-1.528498888015747
1777498761729754368,-0.007190272677689791,-0.01470252498984337,-1.528497457504272
1777498761739548928,-0.007190824951976538,-0.01470611058175564,-1.528497457504272
1777498761749324800,-0.007189437747001648,-0.01471240352839231,-1.528497457504272
1777498761759551232,-0.007183755282312632,-0.01471673138439655,-1.528499484062195
1777498761769757696,-0.007184905931353569,-0.01471752114593983,-1.52850329875946
1777498761779944448,-0.007180709857493639,-0.01471040770411491,-1.528497815132141
1777498761790111744,-0.007181944325566292,-0.01471604686230421,-1.528495192527771
1777498761800260608,-0.007189624011516571,-0.01471994817256927,-1.528493762016296
1777498761810390016,-0.007192189339548349,-0.01471921801567078,-1.528494238853455
1777498761820499968,-0.007186086848378181,-0.01471590343862772,-1.528493523597717
1777498761830589952,-0.007184413727372885,-0.01471833884716034,-1.528491020202637
1777498761840660480,-0.007179928477853537,-0.0147198885679245,-1.528493046760559
1777498761850711040,-0.007179717998951674,-0.014720244333148,-1.528491616249084
1777498761860742400,-0.00717974966391921,-0.01472444552928209,-1.528492450714111
1777498761870753792,-0.007178319152444601,-0.01472567860037088,-1.528489112854004
1777498761880745984,-0.007183984387665987,-0.01472241710871458,-1.528488874435425
1777498761890718720,-0.007179169915616512,-0.01472342200577259,-1.528493404388428
1777498761900672000,-0.007174975704401731,-0.0147209232673049,-1.528493642807007
1777498761910605824,-0.007177541498094797,-0.01472241431474686,-1.52849555015564
1777498761920519936,-0.007184451911598444,-0.01472903788089752,-1.528498411178589
1777498761930414592,-0.007180176675319672,-0.01472962740808725,-1.528496026992798
1777498761940290304,-0.007178056053817272,-0.01472693588584661,-1.52849292755127
1777498761950146560,-0.007185975089669228,-0.0147244855761528,-1.528487920761108
1777498761959984896,-0.007187963929027319,-0.01472850330173969,-1.528488159179688
1777498761969803776,-0.007191697601228952,-0.01472659129649401,-1.528488278388977
1777498761979603712,-0.007194655947387218,-0.01472327206283808,-1.528483986854553
1777498761989384704,-0.007187366019934416,-0.01472691632807255,-1.528487324714661
1777498761999386112,-0.007181449327617884,-0.01472756825387478,-1.52848482131958
1777498762009601536,-0.007178221829235554,-0.01472815312445164,-1.528486847877502
1777498762019797504,-0.007178328465670347,-0.01473108399659395,-1.528489828109741
1777498762029973504,-0.00717711029574275,-0.01474134158343077,-1.52849018573761
1777498762040129792,-0.007171914912760258,-0.01474450435489416,-1.528489232063293
1777498762050265856,-0.007170144934207201,-0.01474378071725368,-1.528491616249084
1777498762060382720,-0.007163346745073795,-0.01474571786820889,-1.528494596481323
1777498762070481408,-0.00715948361903429,-0.01474347244948149,-1.52849805355072
1777498762080560384,-0.007160423789173365,-0.0147447045892477,-1.528496384620667
1777498762090619648,-0.00715679582208395,-0.0147381778806448,-1.528495907783508
1777498762100659200,-0.007156292907893658,-0.0147428885102272,-1.528498530387878
1777498762110679552,-0.007155600469559431,-0.01474215555936098,-1.528500080108643
1777498762120680448,-0.007158905733376741,-0.01474096439778805,-1.528496742248535
1777498762130661888,-0.007166085764765739,-0.01474391669034958,-1.528497219085693
1777498762140623360,-0.00716210575774312,-0.01474259421229362,-1.52849805355072
1777498762150566400,-0.007158035878092051,-0.01474527828395367,-1.528492331504822
1777498762160489984,-0.00715496065095067,-0.01474927924573421,-1.528490304946899
1777498762170394368,-0.007156140636652708,-0.01475419942289591,-1.528494715690613
1777498762180279296,-0.007154388353228569,-0.01475724205374718,-1.528491854667664
1777498762190145024,-0.007153553888201714,-0.01475965976715088,-1.528490543365479
1777498762199991552,-0.007152261678129435,-0.01476178504526615,-1.528486490249634
1777498762209818880,-0.007157204672694206,-0.01476153358817101,-1.528483510017395
1777498762219626496,-0.007159434724599123,-0.01476295478641987,-1.528484344482422
1777498762229416704,-0.007160258945077658,-0.01476005464792252,-1.528481125831604
1777498762239420928,-0.007158962544053793,-0.01475534681230783,-1.528481960296631
1777498762249638400,-0.007159317843616009,-0.01476162578910589,-1.528483152389526
1777498762259836416,-0.007163089700043201,-0.01476195175200701,-1.528484225273132
1777498762270014976,-0.007159451954066753,-0.01476666890084743,-1.528487324714661
1777498762280173568,-0.007158697117120028,-0.01476940326392651,-1.528486013412476
1777498762290312960,-0.007155926432460546,-0.01476085279136896,-1.528482437133789
1777498762300432384,-0.007149428129196167,-0.0147614749148488,-1.528482675552368
1777498762310532352,-0.007154188118875027,-0.01475841365754604,-1.528486251831055
1777498762320612608,-0.007152336649596691,-0.01476132869720459,-1.528485178947449
1777498762330675712,-0.007161716464906931,-0.01476943306624889,-1.528480768203735
1777498762340719360,-0.00715738907456398,-0.01477227173745632,-1.528481960296631
1777498762350743296,-0.00715607637539506,-0.01477297488600016,-1.528483390808105
1777498762360747776,-0.007158312946557999,-0.01476670056581497,-1.528483510017395
1777498762370733312,-0.007159995380789042,-0.01477061863988638,-1.528481841087341
1777498762380699392,-0.007157721556723118,-0.01476100459694862,-1.52848219871521
1777498762390646016,-0.007156895939260721,-0.0147581584751606,-1.52848482131958
1777498762400573440,-0.007155871018767357,-0.01475278940051794,-1.528486132621765
1777498762410482176,-0.007150743622332811,-0.01475222315639257,-1.528485894203186
1777498762420371456,-0.007156875915825367,-0.01475525926798582,-1.528483390808105
1777498762430241536,-0.007154002785682678,-0.01475244108587503,-1.528483510017395
1777498762440092672,-0.007154175080358982,-0.01475484762340784,-1.52847945690155
1777498762449925120,-0.007159017957746983,-0.01475734170526266,-1.528478503227234
1777498762459738112,-0.007160058710724115,-0.01476392988115549,-1.528478145599365
1777498762469532416,-0.007160169072449207,-0.01476500928401947,-1.528477311134338
1777498762479307520,-0.007159525528550148,-0.01476431079208851,-1.528476476669312
1777498762489525504,-0.007163104601204395,-0.01477068942040205,-1.528471827507019
1777498762499723776,-0.007158302702009678,-0.01477880030870438,-1.528475642204285
1777498762509902080,-0.007150749210268259,-0.01477415580302477,-1.52847683429718
1777498762520061696,-0.00714437197893858,-0.01477821543812752,-1.528479099273682
1777498762530201600,-0.007146830204874277,-0.01478092093020678,-1.528478384017944
1777498762540321792,-0.007144996430724859,-0.01478432863950729,-1.528481364250183
1777498762550422528,-0.007142952177673578,-0.01478221639990807,-1.528481721878052
1777498762560503808,-0.007142278831452131,-0.01478476263582706,-1.528483867645264
1777498762570565376,-0.007139346096664667,-0.01478144060820341,-1.528485655784607
1777498762580607744,-0.007133039645850658,-0.01477577444165945,-1.528489947319031
1777498762590630400,-0.007134311366826296,-0.01477134693413973,-1.528486490249634
1777498762600634112,-0.00712845753878355,-0.01477284822613001,-1.528489947319031
1777498762610620160,-0.007125625386834145,-0.01477164588868618,-1.528489470481873
1777498762620588544,-0.007125120144337416,-0.01476742327213287,-1.528489232063293
1777498762630537472,-0.007125511765480042,-0.01476324629038572,-1.528491258621216
1777498762640467456,-0.007123424205929041,-0.014765246771276,-1.528485536575317
1777498762650377984,-0.007120324764400721,-0.01476807985454798,-1.528482556343079
1777498762660269312,-0.007118105422705412,-0.01477326080203056,-1.528485178947449
1777498762670141184,-0.007112964987754822,-0.01477615814656019,-1.52848494052887
1777498762679993856,-0.007110020611435175,-0.01477752532809973,-1.528485059738159
1777498762689828096,-0.007107929792255163,-0.01477601286023855,-1.528485655784607
1777498762699643392,-0.007111673709005117,-0.01477011758834124,-1.528485655784607
1777498762709439744,-0.0071131382137537,-0.01477390248328447,-1.528485298156738
1777498762719217152,-0.00711048673838377,-0.01477275975048542,-1.528488039970398
1777498762729436928,-0.007102907169610262,-0.01477226428687572,-1.52848756313324
1777498762739636992,-0.007102700415998697,-0.01477400865405798,-1.528484463691711
1777498762749817344,-0.007105905562639236,-0.01477758307009935,-1.528489232063293
1777498762759977728,-0.007110356353223324,-0.01478193607181311,-1.528485894203186
1777498762770119680,-0.007102600764483213,-0.01478535588830709,-1.528485059738159
1777498762780242176,-0.00709836371243,-0.01479093078523874,-1.528482913970947
1777498762790344704,-0.007099035661667585,-0.01479720883071423,-1.528482556343079
1777498762800427776,-0.007102270610630512,-0.01479733269661665,-1.528486371040344
1777498762810491392,-0.007104243151843548,-0.01479950826615095,-1.528488993644714
1777498762820535040,-0.007092662155628204,-0.01479761116206646,-1.528490900993347
1777498762830558976,-0.007082721218466759,-0.01479899045079947,-1.528492331504822
1777498762840563712,-0.007081618066877127,-0.01480401493608952,-1.528495788574219
1777498762850549248,-0.0070795938372612,-0.01480756420642138,-1.52849555015564
1777498762860515328,-0.007077524438500404,-0.01480399444699287,-1.528490304946899
1777498762870462208,-0.007075863424688578,-0.01480371691286564,-1.528495192527771
1777498762880389632,-0.007073263637721539,-0.01480765454471111,-1.528497338294983
1777498762890298112,-0.007077220361679792,-0.01480546966195107,-1.528492569923401
1777498762900186880,-0.007073097862303257,-0.01480698026716709,-1.528491497039795
1777498762910056704,-0.007080091163516045,-0.01481035351753235,-1.528489947319031
1777498762919907072,-0.00707857683300972,-0.01480889227241278,-1.528486609458923
1777498762929742848,-0.007078538648784161,-0.01480710878968239,-1.528485655784607
1777498762939562240,-0.00707609998062253,-0.01480287220329046,-1.528486132621765
1777498762949362944,-0.007086582481861115,-0.0148091921582818,-1.528483867645264
1777498762959144448,-0.007089796476066113,-0.0148130040615797,-1.528483510017395
1777498762969370368,-0.007090094033628702,-0.01481485366821289,-1.528479099273682
1777498762979576320,-0.007085969671607018,-0.01481348648667336,-1.528481364250183
1777498762989763328,-0.007083908654749393,-0.01481801830232143,-1.5284823179245
1777498762999931136,-0.007089242804795504,-0.01482629217207432,-1.528481483459473
1777498763010079232,-0.007090778555721045,-0.01482651568949223,-1.528479933738708
1777498763020207616,-0.007088727317750454,-0.01482173334807158,-1.528477430343628
1777498763030316800,-0.007092881016433239,-0.01481882110238075,-1.528480529785156
1777498763040406272,-0.007095742505043745,-0.01481995452195406,-1.528481602668762
1777498763050476032,-0.007098615169525146,-0.01482332684099674,-1.528482675552368
1777498763060526080,-0.007094327826052904,-0.01482631079852581,-1.528485059738159
1777498763070559744,-0.007091282401233912,-0.01483557745814323,-1.528488159179688
1777498763080574208,-0.007092228159308434,-0.01483817864209414,-1.528488755226135
1777498763090568960,-0.007091882172971964,-0.01483162678778172,-1.52848494052887
1777498763100544256,-0.007090973667800426,-0.01483661960810423,-1.528485655784607
1777498763110500608,-0.007091974839568138,-0.01483793463557959,-1.52849268913269
1777498763120437760,-0.00708178011700511,-0.01483953464776278,-1.528493523597717
1777498763130355200,-0.007087353151291609,-0.01484117098152637,-1.528494238853455
1777498763140253184,-0.007085473276674747,-0.01484601385891438,-1.528490304946899
1777498763150132480,-0.007086943369358778,-0.0148458918556571,-1.528490543365479
1777498763159992576,-0.007073940243571997,-0.01484564039856195,-1.528488159179688
1777498763169833472,-0.007069165352731943,-0.01484657172113657,-1.528492212295532
1777498763179655168,-0.007071863394230604,-0.01484719011932611,-1.528496623039246
1777498763189457920,-0.007068055216223001,-0.01485166791826487,-1.528500318527222
1777498763199241984,-0.007068168837577105,-0.01484741736203432,-1.528501272201538
1777498763209468416,-0.007069140672683716,-0.01484904810786247,-1.528500556945801
1777498763219675136,-0.007066711783409119,-0.01484414935112,-1.528499126434326
1777498763229862656,-0.007061033975332975,-0.01484475750476122,-1.528500914573669
1777498763240030464,-0.007059216033667326,-0.01484838873147964,-1.528499841690063
1777498763250178304,-0.007057853043079376,-0.01484909560531378,-1.52850341796875
1777498763260306432,-0.007052835077047348,-0.01484995242208242,-1.528504252433777
1777498763270415360,-0.007049248088151217,-0.01485102530568838,-1.528510928153992
1777498763280505344,-0.007043260615319014,-0.0148576507344842,-1.528511643409729
1777498763290576384,-0.007039251271635294,-0.01485678646713495,-1.528509259223938
1777498763300628224,-0.007042736746370792,-0.01485938671976328,-1.528504014015198
1777498763310660608,-0.007042874582111835,-0.01486227288842201,-1.52850353717804
1777498763320673280,-0.007045253645628691,-0.01486131362617016,-1.528506278991699
1777498763330666752,-0.007045411039143801,-0.01485454943031073,-1.528504490852356
1777498763340640768,-0.007041043601930141,-0.01485303230583668,-1.528505802154541
1777498763350595584,-0.007037859875708818,-0.01485232263803482,-1.52850615978241
1777498763360531200,-0.00703811552375555,-0.01484698336571455,-1.528505802154541
1777498763370447616,-0.007036250084638596,-0.01484369579702616,-1.528505444526672
1777498763380344832,-0.007042515091598034,-0.01484726648777723,-1.528502702713013
1777498763390222592,-0.007046906743198633,-0.01484707836061716,-1.528501868247986
1777498763400081152,-0.007048810832202435,-0.0148511091247201,-1.528501987457275
1777498763409920512,-0.007048930041491985,-0.01485256105661392,-1.528506636619568
1777498763419740416,-0.007041386794298887,-0.01485028024762869,-1.528510570526123
1777498763429541376,-0.007041203789412975,-0.01485156733542681,-1.528506278991699
1777498763439323648,-0.007035361137241125,-0.01484991796314716,-1.528507471084595
1777498763449323776,-0.007033214904367924,-0.01485342066735029,-1.528504729270935
1777498763459539968,-0.007031210232526064,-0.01485531777143478,-1.528505563735962
1777498763469736704,-0.007030021399259567,-0.01486262865364552,-1.528501272201538
1777498763479913472,-0.007030356209725142,-0.01486503053456545,-1.528497815132141
1777498763490070528,-0.007032995577901602,-0.01486632041633129,-1.528501152992249
1777498763500207872,-0.007030924782156944,-0.0148760536685586,-1.528501629829407
1777498763510325504,-0.00702668959274888,-0.01487719640135765,-1.528504490852356
1777498763520425472,-0.00702199200168252,-0.01488008815795183,-1.528505682945251
1777498763530505728,-0.007026141509413719,-0.01488798856735229,-1.528508424758911
1777498763540566528,-0.007028415333479643,-0.01488780230283737,-1.528507232666016
1777498763550607616,-0.007030469831079245,-0.01489607151597738,-1.528508424758911
1777498763560629248,-0.007028010208159685,-0.01489202305674553,-1.528509020805359
1777498763570631680,-0.007026768289506435,-0.01489308103919029,-1.528504252433777
1777498763580614656,-0.007026095874607563,-0.01489134039729834,-1.528504729270935
1777498763590578176,-0.007024126127362251,-0.0148905823007226,-1.528504252433777
1777498763600522752,-0.007026392035186291,-0.01489118114113808,-1.528502583503723
1777498763610448128,-0.007030787412077188,-0.01490493211895227,-1.528495669364929
1777498763620354048,-0.007026353385299444,-0.01490459404885769,-1.528490424156189
1777498763630240512,-0.007026948966085911,-0.01490416098386049,-1.528488755226135
1777498763640107520,-0.007032384630292654,-0.01490430999547243,-1.528486728668213
1777498763649955072,-0.007022978272289038,-0.01490504946559668,-1.528488039970398
1777498763659783424,-0.007021498400717974,-0.01490007806569338,-1.528491854667664
1777498763669592064,-0.007012629881501198,-0.01489632297307253,-1.528491854667664
1777498763679383552,-0.00700147170573473,-0.01489727105945349,-1.528493642807007
1777498763689387776,-0.007002393249422312,-0.01489716582000256,-1.528490662574768
1777498763699604224,-0.007000701501965523,-0.01490371115505695,-1.528487801551819
1777498763709800704,-0.00700407475233078,-0.01490164361894131,-1.528486013412476
1777498763719977984,-0.007008134387433529,-0.01490813866257668,-1.528485894203186
1777498763730135552,-0.0070081134326756,-0.01491420157253742,-1.528486847877502
1777498763740273920,-0.007014421746134758,-0.01491569634526968,-1.528487324714661
1777498763750392320,-0.007016067393124104,-0.01491790078580379,-1.528488278388977
1777498763760491520,-0.00701380567625165,-0.01491634827107191,-1.528485178947449
1777498763770571008,-0.007012784481048584,-0.01491473708301783,-1.528485536575317
1777498763780631040,-0.007009193766862154,-0.01491530891507864,-1.528482913970947
1777498763790673408,-0.007005076389759779,-0.01492063142359257,-1.528486847877502
1777498763800698112,-0.007001107092946768,-0.01492211315780878,-1.528485178947449
1777498763810703360,-0.007002751342952251,-0.01491924934089184,-1.528485417366028
1777498763820689152,-0.006998691707849503,-0.01492027100175619,-1.528486967086792
1777498763830656000,-0.006999829318374395,-0.01492092479020357,-1.528488874435425
1777498763840603648,-0.006991443689912558,-0.01491551008075476,-1.528481960296631
1777498763850532096,-0.006995414849370718,-0.01491669565439224,-1.528480529785156
1777498763860441600,-0.006993595045059919,-0.01491277944296598,-1.528481006622314
1777498763870332160,-0.006993683055043221,-0.01491418108344078,-1.528483152389526
1777498763880203776,-0.006999373901635408,-0.01491267327219248,-1.528483033180237
1777498763890055936,-0.007000583223998547,-0.01490222103893757,-1.528483390808105
1777498763899889408,-0.006993395276367664,-0.01490108948200941,-1.528481125831604
1777498763909703680,-0.006994732655584812,-0.01490928046405315,-1.5284823179245
1777498763919498752,-0.006998194847255945,-0.01491398364305496,-1.528479099273682
1777498763929505536,-0.006995976436883211,-0.01491434685885906,-1.528477907180786
1777498763939723776,-0.006999501027166843,-0.01490943692624569,-1.528478145599365
1777498763949922304,-0.006994223687797785,-0.01490285526961088,-1.528480410575867
1777498763960101376,-0.007001150399446487,-0.0148993693292141,-1.528473615646362
1777498763970260736,-0.00699797086417675,-0.01490277796983719,-1.528471827507019
1777498763980400896,-0.006996763870120049,-0.01489906292408705,-1.528472304344177
1777498763990521088,-0.006993018556386232,-0.01490307133644819,-1.528470873832703
1777498764000621824,-0.006997760850936174,-0.01490496378391981,-1.528472542762756
1777498764010703104,-0.006991181056946516,-0.01489978842437267,-1.528470396995544
1777498764020764928,-0.006992340553551912,-0.01490585040301085,-1.528473496437073
1777498764030809600,-0.006996450945734978,-0.01490902435034513,-1.528478503227234
1777498764040835072,-0.006998505443334579,-0.01490733586251736,-1.528478264808655
1777498764050842624,-0.006994801573455334,-0.01490528974682093,-1.528480410575867
1777498764060830720,-0.006985884625464678,-0.01490152161568403,-1.528478026390076
1777498764070799360,-0.00698520615696907,-0.01490071974694729,-1.528476715087891
1777498764080748544,-0.006979412399232388,-0.01490161474794149,-1.52848219871521
1777498764090678528,-0.006978167686611414,-0.01490751933306456,-1.528475999832153
1777498764100588800,-0.006971163209527731,-0.01490692049264908,-1.5284743309021
1777498764110480384,-0.006972594186663628,-0.01490428298711777,-1.528471708297729
1777498764120352512,-0.006974716670811176,-0.01490776147693396,-1.528470993041992
1777498764130205184,-0.006965149659663439,-0.01490948162972927,-1.528468251228333
1777498764140038656,-0.006963460240513086,-0.01490822900086641,-1.528468012809753
1777498764149852416,-0.006966704968363047,-0.01491290144622326,-1.528470635414124
1777498764159647232,-0.006964759435504675,-0.01491218898445368,-1.528470873832703
1777498764169423104,-0.00696812616661191,-0.01491526700556278,-1.528467416763306
1777498764179643392,-0.006965181324630976,-0.01491340342909098,-1.528470039367676
1777498764189843712,-0.006964602041989565,-0.01492150500416756,-1.528465747833252
1777498764200023808,-0.006964617874473333,-0.01492342073470354,-1.528464436531067
1777498764210184448,-0.006961754523217678,-0.01493022032082081,-1.528464913368225
1777498764220325888,-0.006954555865377188,-0.01493475958704948,-1.52846896648407
1777498764230447360,-0.006956691853702068,-0.01493359170854092,-1.528467535972595
1777498764240549120,-0.006955272518098354,-0.0149393230676651,-1.528465151786804
1777498764250631168,-0.006958577781915665,-0.01493886206299067,-1.528462886810303
1777498764260693504,-0.006954506039619446,-0.0149393193423748,-1.528463006019592
1777498764270736128,-0.006952815223485231,-0.01493591163307428,-1.52846348285675
1777498764280759040,-0.00695528369396925,-0.01494146417826414,-1.528464198112488
1777498764290762752,-0.006955116987228394,-0.01494453381747007,-1.528462767601013
1777498764300747520,-0.006951846182346344,-0.01494400389492512,-1.528461575508118
1777498764310712832,-0.006951732560992241,-0.01494814362376928,-1.528460741043091
1777498764320658432,-0.006945223081856966,-0.01494851335883141,-1.528461337089539
1777498764330584832,-0.006940694525837898,-0.01495368033647537,-1.528463363647461
1777498764340491776,-0.006943203508853912,-0.01494965329766273,-1.528465151786804
1777498764350379264,-0.006947027985006571,-0.01495290640741587,-1.528461337089539
1777498764360247808,-0.006949951406568289,-0.01495248358696699,-1.528460264205933
1777498764370100224,-0.006952397525310516,-0.01495085936039686,-1.528461456298828
1777498764379937280,-0.006954397540539503,-0.01495128031820059,-1.528460502624512
1777498764389754880,-0.006950409151613712,-0.01495114527642727,-1.528462290763855
1777498764399553280,-0.006953158415853977,-0.01495844125747681,-1.528461217880249
1777498764409332736,-0.006954197306185961,-0.014954824000597,-1.528460264205933
1777498764419558144,-0.006956056226044893,-0.01495166309177876,-1.528464913368225
1777498764429763840,-0.006957902573049068,-0.01495195180177689,-1.528462409973145
1777498764439949568,-0.006957067642360926,-0.01494852919131517,-1.528465390205383
1777498764450116096,-0.006963360588997602,-0.01494628377258778,-1.528461337089539
1777498764460262912,-0.006960176397114992,-0.01494459528476,-1.528462409973145
1777498764470390272,-0.00696438318118453,-0.01494435593485832,-1.528458595275879
1777498764480497664,-0.006963658612221479,-0.0149471890181303,-1.528461337089539
1777498764490585856,-0.006965194828808308,-0.01494535803794861,-1.528461217880249
1777498764500654080,-0.006970624905079603,-0.01495058368891478,-1.528461694717407
1777498764510702592,-0.006968055386096239,-0.01494730915874243,-1.52845823764801
1777498764520731648,-0.006961492821574211,-0.01495257951319218,-1.528455853462219
1777498764530743040,-0.006959225051105022,-0.01495722401887178,-1.528456330299377
1777498764540736512,-0.006954594515264034,-0.01495368033647537,-1.528457641601562
1777498764550710528,-0.006951001938432455,-0.01495554391294718,-1.528461217880249
1777498764560665088,-0.006959639955312014,-0.01495185680687428,-1.528465032577515
1777498764570600192,-0.006953333038836718,-0.01494338642805815,-1.528464913368225
1777498764580516096,-0.006954566109925508,-0.01494454778730869,-1.528463244438171
1777498764590412544,-0.006953398697078228,-0.01494434569031,-1.528469324111938
1777498764600289536,-0.006956414319574833,-0.01494469866156578,-1.528465390205383
1777498764610147328,-0.006950635462999344,-0.01494067627936602,-1.528464198112488
1777498764619986176,-0.006955798715353012,-0.01494256313890219,-1.528465509414673
1777498764629805824,-0.006963898427784443,-0.01494252122938633,-1.528463840484619
1777498764639606016,-0.006962335668504238,-0.01494488585740328,-1.528465628623962
1777498764649387008,-0.006963260937482119,-0.01493994612246752,-1.528462052345276
1777498764659612160,-0.006959498859941959,-0.01493867486715317,-1.528461098670959
1777498764669817600,-0.006963509134948254,-0.01494055707007647,-1.528463006019592
1777498764680003072,-0.006967433262616396,-0.01493934914469719,-1.528464436531067
1777498764690170368,-0.006970363203436136,-0.01493587531149387,-1.528468728065491
1777498764700318464,-0.006960680242627859,-0.01493285689502954,-1.528467655181885
1777498764710447104,-0.006961653474718332,-0.01492994651198387,-1.52846622467041
1777498764720556288,-0.006972622126340866,-0.01492699328809977,-1.528472185134888
1777498764730646016,-0.006965338252484798,-0.01492981612682343,-1.528474688529968
1777498764740716288,-0.006965088658034801,-0.01493608392775059,-1.528473734855652
1777498764750767104,-0.006962227635085583,-0.01492890063673258,-1.528473496437073
1777498764760800256,-0.006959583144634962,-0.01492992974817753,-1.528469681739807
1777498764770813952,-0.006959154270589352,-0.01493483409285545,-1.528466939926147
1777498764780808192,-0.006958546116948128,-0.01494147162884474,-1.528468608856201
1777498764790783232,-0.006962343119084835,-0.01494497712701559,-1.528466701507568
1777498764800738816,-0.006959446705877781,-0.01494407840073109,-1.528467178344727
1777498764810675200,-0.006961355451494455,-0.01495012920349836,-1.528469562530518
1777498764820592384,-0.00696241669356823,-0.01494948100298643,-1.528470158576965
1777498764830490368,-0.006965946406126022,-0.0149462167173624,-1.528471946716309
1777498764840369664,-0.006969341076910496,-0.01494648400694132,-1.528466463088989
1777498764850230016,-0.006961667910218239,-0.01495182607322931,-1.528468728065491
1777498764860070912,-0.006958035752177238,-0.01495840772986412,-1.528470396995544
1777498764869892864,-0.006957259029150009,-0.01495395787060261,-1.52847146987915
1777498764879695360,-0.006958176381886005,-0.01495544984936714,-1.528470635414124
1777498764889478912,-0.006962019018828869,-0.01496070716530085,-1.528470158576965
1777498764899478784,-0.006967148743569851,-0.0149612482637167,-1.528467774391174
1777498764909694464,-0.006967089604586363,-0.0149576785042882,-1.528469681739807
1777498764919889920,-0.006965362001210451,-0.01496217306703329,-1.528471231460571
1777498764930066176,-0.006967888213694096,-0.01496370043605566,-1.528472661972046
1777498764940222976,-0.006964624859392643,-0.0149631192907691,-1.528470396995544
1777498764950360064,-0.006962441839277744,-0.01496233697980642,-1.528468489646912
1777498764960477184,-0.006959458347409964,-0.01496434491127729,-1.528467893600464
1777498764970575104,-0.006964174099266529,-0.01496396772563457,-1.528469562530518
1777498764980653056,-0.006966471672058105,-0.01496007107198238,-1.528467416763306
1777498764990711552,-0.006963730324059725,-0.01495646592229605,-1.528465867042542
1777498765000750336,-0.006957858335226774,-0.01495722029358149,-1.528464198112488
1777498765010772480,-0.006956485565751791,-0.01495829224586487,-1.528465270996094
1777498765020775168,-0.006956963334232569,-0.01495925895869732,-1.528465628623962
1777498765030758400,-0.006955413613468409,-0.01494890823960304,-1.528459787368774
1777498765040722176,-0.006956657394766808,-0.01494778133928776,-1.528460741043091
1777498765050666496,-0.00695836404338479,-0.01495077926665545,-1.528461337089539
1777498765060591360,-0.006957062520086765,-0.01495015434920788,-1.528459310531616
1777498765070497024,-0.006948140449821949,-0.01494998950511217,-1.528459668159485
1777498765080383488,-0.00694760400801897,-0.01494887936860323,-1.528456687927246
1777498765090251264,-0.00695051159709692,-0.01495037227869034,-1.528458476066589
1777498765100099840,-0.006948774680495262,-0.01495379395782948,-1.528461337089539
1777498765109929216,-0.006947609595954418,-0.01495521143078804,-1.52846086025238
1777498765119739392,-0.00694283889606595,-0.01495187357068062,-1.528460025787354
1777498765129530112,-0.006939752027392387,-0.0149484071880579,-1.528467297554016
1777498765139534336,-0.006939641200006008,-0.01494514103978872,-1.528465270996094
1777498765149751296,-0.00693910475820303,-0.01494335476309061,-1.528469800949097
1777498765159948800,-0.006934113334864378,-0.01493871957063675,-1.52846896648407
1777498765170127104,-0.006928665563464165,-0.01494336780160666,-1.528467893600464
1777498765180285440,-0.006925893947482109,-0.01494767423719168,-1.528467297554016
1777498765190424064,-0.006931526586413383,-0.01494074892252684,-1.528466820716858
1777498765200542976,-0.006938891485333443,-0.01494703628122807,-1.528467059135437
1777498765210642176,-0.00693793036043644,-0.01494509074836969,-1.528465628623962
1777498765220721664,-0.006939952727407217,-0.01494588516652584,-1.528466820716858
1777498765230781440,-0.006934028584510088,-0.01494372356683016,-1.528464436531067
1777498765240824832,-0.006926150061190128,-0.01494731288403273,-1.528463840484619
1777498765250848512,-0.006924731191247702,-0.01495049148797989,-1.528465747833252
1777498765260852736,-0.006924228742718697,-0.01494850963354111,-1.528467535972595
1777498765270837504,-0.006921206135302782,-0.01494990661740303,-1.528466463088989
1777498765280802816,-0.006921125110238791,-0.01495316158980131,-1.528464317321777
1777498765290748672,-0.006927022710442543,-0.01495676953345537,-1.528462529182434
1777498765300675072,-0.006921657826751471,-0.01495505683124065,-1.528464317321777
1777498765310582272,-0.006925058085471392,-0.01495130825787783,-1.528462052345276
1777498765320470784,-0.006924481596797705,-0.01495076343417168,-1.528459072113037
1777498765330339840,-0.006924586370587349,-0.01494778413325548,-1.528461456298828
1777498765340189952,-0.006923723965883255,-0.01494649052619934,-1.528460621833801
1777498765350020608,-0.006924918387085199,-0.01495094876736403,-1.528460621833801
1777498765359835904,-0.006919442676007748,-0.01495237555354834,-1.52846372127533
1777498765369632000,-0.006916794925928116,-0.01494395826011896,-1.528466701507568
1777498765379639296,-0.006906622089445591,-0.01493800804018974,-1.528468132019043
1777498765389857024,-0.006899952422827482,-0.01493745017796755,-1.528470754623413
1777498765400055296,-0.006906687747687101,-0.01493080612272024,-1.528469800949097
1777498765410234112,-0.006902210880070925,-0.01493091601878405,-1.528471112251282
1777498765420393216,-0.006904570385813713,-0.0149319339543581,-1.528474092483521
1777498765430532096,-0.006902014371007681,-0.01492695044726133,-1.528471946716309
1777498765440651264,-0.006896689999848604,-0.0149278687313199,-1.528468012809753
1777498765450750976,-0.006899041589349508,-0.01492481399327517,-1.528461456298828
1777498765460830976,-0.006902243476361036,-0.01492135599255562,-1.52845823764801
1777498765470891008,-0.006895828526467085,-0.01492217089980841,-1.528459787368774
1777498765480931840,-0.006897986400872469,-0.01492432411760092,-1.528456807136536
1777498765490956032,-0.006900914944708347,-0.01493214257061481,-1.528461933135986
1777498765500960512,-0.006901991087943316,-0.01493226923048496,-1.528464674949646
1777498765510945792,-0.006906038615852594,-0.01493206340819597,-1.528468012809753
1777498765520912128,-0.006913125514984131,-0.0149332107976079,-1.528465509414673
1777498765530859264,-0.006910925265401602,-0.01493384968489408,-1.528463363647461
1777498765540786944,-0.0069124442525208,-0.01493309251964092,-1.528465151786804
1777498765550695168,-0.006903440225869417,-0.01493303664028645,-1.528464317321777
1777498765560584192,-0.006897873245179653,-0.01493237167596817,-1.528463959693909
1777498765570454272,-0.006900491192936897,-0.01493148971349001,-1.528461217880249
1777498765580305408,-0.006891346070915461,-0.01492435857653618,-1.528460144996643
1777498765590137088,-0.006893514655530453,-0.01491501182317734,-1.528465628623962
1777498765599949824,-0.006893711164593697,-0.01491744816303253,-1.528465390205383
1777498765609743616,-0.006888139061629772,-0.01491821371018887,-1.528462409973145
1777498765619517952,-0.006884686183184385,-0.01491850614547729,-1.528461217880249
1777498765629735936,-0.006884693168103695,-0.01492045260965824,-1.528461098670959
1777498765639934208,-0.006888982839882374,-0.01491993386298418,-1.528458476066589
1777498765650112768,-0.006883641704916954,-0.01491970662027597,-1.528465628623962
1777498765660271360,-0.006878253072500229,-0.01491043251007795,-1.528468370437622
1777498765670410240,-0.006878009531646967,-0.01491323299705982,-1.528469324111938
1777498765680529664,-0.0068743578158319,-0.01491255592554808,-1.528471112251282
1777498765690629376,-0.006875925231724977,-0.01490751281380653,-1.528466701507568
1777498765700711680,-0.006876721512526274,-0.01490805018693209,-1.528465628623962
1777498765710774272,-0.006877749692648649,-0.01490609813481569,-1.528462648391724
1777498765720817664,-0.006877676583826542,-0.01490934286266565,-1.528462648391724
1777498765730841856,-0.006874219048768282,-0.01491239946335554,-1.52846360206604
1777498765740846592,-0.006878822110593319,-0.01491118036210537,-1.528461933135986
1777498765750831872,-0.006881403736770153,-0.0149132264778018,-1.528464078903198
1777498765760797952,-0.006885491777211428,-0.01491825003176928,-1.52846372127533
1777498765770744576,-0.006877373903989792,-0.01491681113839149,-1.528463244438171
1777498765780672768,-0.006878199987113476,-0.01492300443351269,-1.528461933135986
1777498765790581760,-0.006872558500617743,-0.01493473909795284,-1.528461933135986
1777498765800471552,-0.006864147260785103,-0.01495029404759407,-1.528452754020691
1777498765810341888,-0.006863379385322332,-0.01493263058364391,-1.528443932533264
1777498765820193024,-0.006842780858278275,-0.01494926027953625,-1.528428554534912
1777498765830024704,-0.006831798702478409,-0.01496496796607971,-1.528403043746948
1777498765839837440,-0.006816111505031586,-0.01497759576886892,-1.528368830680847
1777498765849630976,-0.006796147208660841,-0.01496416516602039,-1.528327941894531
1777498765859406336,-0.006781861651688814,-0.01495525613427162,-1.528285145759583
1777498765869626112,-0.00677766976878047,-0.01496398635208607,-1.528235912322998
1777498765879826176,-0.006792278960347176,-0.01499471254646778,-1.528204321861267
1777498765890006272,-0.006801426876336336,-0.01498515997081995,-1.528185129165649
1777498765900166912,-0.00679082702845335,-0.01496824529021978,-1.528204679489136
1777498765910308608,-0.006757653784006834,-0.01492778956890106,-1.52821958065033
1777498765920430592,-0.006727183703333139,-0.01496908068656921,-1.528186202049255
1777498765930533120,-0.006732556503266096,-0.01499858777970076,-1.528128504753113
1777498765940615680,-0.00672941142693162,-0.01493874751031399,-1.528085708618164
1777498765950678784,-0.006697562523186207,-0.01489035505801439,-1.52804708480835
1777498765960722176,-0.006694355048239231,-0.01488480158150196,-1.527972221374512
1777498765970745856,-0.006710556801408529,-0.01489267218858004,-1.527935862541199
1777498765980750592,-0.006676082964986563,-0.01479210238903761,-1.52799665927887
1777498765990736128,-0.006663781590759754,-0.01468428038060665,-1.528081655502319
1777498766000702464,-0.006742689292877913,-0.0146796777844429,-1.528195977210999
1777498766010649088,-0.006562820170074701,-0.01447572745382786,-1.528382539749146
1777498766020576256,-0.006504573859274387,-0.01453169714659452,-1.528517723083496
1777498766030483968,-0.006774358917027712,-0.0144675699993968,-1.528558373451233
1777498766040372736,-0.0068544358946383,-0.01434964127838612,-1.528586864471436
1777498766050248448,-0.007091698236763477,-0.01411251723766327,-1.528632760047913
1777498766060104960,-0.006878207437694073,-0.0137694887816906,-1.528620362281799
1777498766069942272,-0.006983224302530289,-0.01398995704948902,-1.528531074523926
1777498766079760640,-0.007173343561589718,-0.01405479665845633,-1.528392791748047
1777498766089559808,-0.007304530125111341,-0.01374537497758865,-1.528260588645935
1777498766099339776,-0.007290330249816179,-0.01362088043242693,-1.528080344200134
1777498766109565696,-0.007701663300395012,-0.01367491204291582,-1.527853012084961
1777498766119771904,-0.008099205791950226,-0.01361912582069635,-1.527628540992737
1777498766129958656,-0.00837435107678175,-0.01325462106615305,-1.527424335479736
1777498766140125440,-0.008972407318651676,-0.01285897474735975,-1.52724814414978
1777498766150272768,-0.009647473692893982,-0.01260553672909737,-1.527104616165161
1777498766160399872,-0.01019534934312105,-0.0122825913131237,-1.526985287666321
1777498766170507520,-0.01035201270133257,-0.01164261996746063,-1.527005314826965
1777498766180594944,-0.01033626589924097,-0.01099046040326357,-1.527104377746582
1777498766190662912,-0.01043222658336163,-0.0109171736985445,-1.527284622192383
1777498766200712192,-0.009661886841058731,-0.01006833277642727,-1.527461886405945
1777498766210742784,-0.009399923495948315,-0.009540555998682976,-1.527673006057739
1777498766220753920,-0.009068849496543407,-0.009181424044072628,-1.527783632278442
1777498766230745088,-0.009027025662362576,-0.008758937940001488,-1.527836441993713
1777498766240716544,-0.008916065096855164,-0.008510476909577847,-1.527828574180603
1777498766250668800,-0.008843404240906239,-0.00787592027336359,-1.527765035629272
1777498766260601600,-0.008913438767194748,-0.007416965905576944,-1.52768337726593
1777498766270514688,-0.009093501605093479,-0.006887003779411316,-1.527551889419556
1777498766280408576,-0.009280801750719547,-0.006382034625858068,-1.527393102645874
1777498766290283520,-0.00944790244102478,-0.005658306647092104,-1.527234792709351
1777498766300139264,-0.009538791142404079,-0.004897641018033028,-1.527076363563538
1777498766309975808,-0.009549017995595932,-0.003949542529881001,-1.526902198791504
1777498766319792896,-0.00922037847340107,-0.002888096496462822,-1.526726841926575
1777498766329590784,-0.008782004937529564,-0.001525498810224235,-1.526536226272583
1777498766339369216,-0.008205508813261986,-2.291845339641441e-05,-1.526314258575439
1777498766349366784,-0.00755295529961586,0.001733627635985613,-1.526032209396362
1777498766359582464,-0.007008225191384554,0.003431111574172974,-1.525631308555603
1777498766369778688,-0.006599348038434982,0.005411228165030479,-1.52513861656189
1777498766379955456,-0.006198238581418991,0.00741027994081378,-1.524519443511963
1777498766390112512,-0.005991379730403423,0.009493771009147167,-1.523746967315674
1777498766400250368,-0.005844191648066044,0.01144631579518318,-1.522801041603088
1777498766410368512,-0.005774613935500383,0.01342045422643423,-1.521667122840881
1777498766420467200,-0.005854281131178141,0.01527530234307051,-1.520374536514282
1777498766430546176,-0.006215968169271946,0.01709934882819653,-1.518922448158264
1777498766440605440,-0.00674499524757266,0.01875920780003071,-1.517371892929077
1777498766450645248,-0.007298039738088846,0.02022206410765648,-1.515701293945312
1777498766460665088,-0.007877355441451073,0.02149763330817223,-1.513940215110779
1777498766470665216,-0.008312240242958069,0.02254406549036503,-1.512103080749512
1777498766480646400,-0.008645295165479183,0.02350358106195927,-1.510232329368591
1777498766490607872,-0.008982597850263119,0.02424008399248123,-1.508321762084961
1777498766500549888,-0.009557479992508888,0.02492277137935162,-1.506452083587646
1777498766510472448,-0.009736085310578346,0.02546715922653675,-1.504624843597412
1777498766520375808,-0.00986790843307972,0.02574710361659527,-1.502818822860718
1777498766530259712,-0.01005878485739231,0.02590215764939785,-1.501011490821838
1777498766540124160,-0.01003617513924837,0.02604040876030922,-1.499268770217896
1777498766549974272,-0.01008154358714819,0.02624511532485485,-1.49759578704834
1777498766559805184,-0.01007341686636209,0.02630037628114223,-1.495948553085327
1777498766569616896,-0.01015006005764008,0.02616464160382748,-1.494333148002625
1777498766579409664,-0.01003957446664572,0.02605086378753185,-1.492741584777832
1777498766589414656,-0.009922415018081665,0.02586331963539124,-1.491217970848083
1777498766599631104,-0.009791282936930656,0.02572588995099068,-1.489707946777344
1777498766609827584,-0.009861881844699383,0.02551775053143501,-1.488229870796204
1777498766620004352,-0.01004426926374435,0.02548743039369583,-1.486809730529785
1777498766630161920,-0.01025109458714724,0.02544309757649899,-1.485420823097229
1777498766640300032,-0.01059679687023163,0.02534139901399612,-1.484077215194702
1777498766650418432,-0.01095213461667299,0.02524264715611935,-1.482768893241882
1777498766660517376,-0.01120277028530836,0.02522534690797329,-1.481518983840942
1777498766670596608,-0.01142121944576502,0.02529764920473099,-1.480369329452515
1777498766680656128,-0.01144345663487911,0.02532511949539185,-1.479298710823059
1777498766690696192,-0.01142281387001276,0.02527246251702309,-1.478315830230713
1777498766700716544,-0.01134373713284731,0.02523648738861084,-1.477394819259644
1777498766710717952,-0.01119775231927633,0.02534714341163635,-1.476546049118042
1777498766720700160,-0.01105495449155569,0.02534364722669125,-1.475734114646912
1777498766730663168,-0.01084797270596027,0.02542151883244514,-1.474974274635315
1777498766740606976,-0.01066534779965878,0.02545877546072006,-1.47424852848053
1777498766750531584,-0.01039236038923264,0.02558276616036892,-1.473582625389099
1777498766760436480,-0.01013778988271952,0.02573761716485023,-1.472959280014038
1777498766770322176,-0.009918556548655033,0.02572612464427948,-1.472417712211609
1777498766780192768,-0.009685702621936798,0.02588437870144844,-1.472002029418945
1777498766790048000,-0.009559581987559795,0.02587582357227802,-1.471677899360657
1777498766799884288,-0.009550647810101509,0.02584100887179375,-1.471404671669006
1777498766809701120,-0.009766127914190292,0.02578999847173691,-1.471111297607422
1777498766819499264,-0.01008852478116751,0.02585173957049847,-1.470770239830017
1777498766829507584,-0.01038673240691423,0.02576231025159359,-1.470346331596375
1777498766839725056,-0.01077278889715672,0.02553987503051758,-1.469870567321777
1777498766849922560,-0.01104812230914831,0.02505717426538467,-1.469409108161926
1777498766860100352,-0.01137299090623856,0.02464565634727478,-1.46904182434082
1777498766870258432,-0.0113598546013236,0.02428468875586987,-1.468843221664429
1777498766880397056,-0.01107973977923393,0.02388540096580982,-1.468759894371033
1777498766890515712,-0.01073980703949928,0.023398756980896,-1.468785166740417
1777498766900614912,-0.01037913840264082,0.02271589636802673,-1.468840003013611
1777498766910694400,-0.009991389699280262,0.02219312824308872,-1.468862175941467
1777498766920754432,-0.009797565639019012,0.02146078646183014,-1.468886256217957
1777498766930797312,-0.009950924664735794,0.02072202600538731,-1.468871116638184
1777498766940820736,-0.0101942140609026,0.0200196597725153,-1.468849778175354
1777498766950824704,-0.01046638190746307,0.01934671215713024,-1.468778133392334
1777498766960809216,-0.01116110384464264,0.01867944188416004,-1.468719482421875
1777498766970774784,-0.01181920897215605,0.01816053315997124,-1.46874737739563
1777498766980720640,-0.01214985642582178,0.01776550896465778,-1.468989133834839
1777498766990647040,-0.01230273675173521,0.01735473051667213,-1.469366192817688
1777498767000553472,-0.01210562977939844,0.01696678996086121,-1.469884395599365
1777498767010440704,-0.0114721953868866,0.01656058803200722,-1.470523715019226
1777498767020308480,-0.01045853924006224,0.01631793193519115,-1.471266269683838
1777498767030156544,-0.009354990907013416,0.01603729277849197,-1.472097158432007
1777498767039985664,-0.008411959744989872,0.01579503156244755,-1.472928047180176
1777498767049795584,-0.007790797855705023,0.01559417881071568,-1.473765969276428
1777498767059585792,-0.007407463155686855,0.01559445075690746,-1.474602103233337
1777498767069357056,-0.007171534467488527,0.01557816285640001,-1.475317478179932
1777498767079576320,-0.007199065759778023,0.01554766856133938,-1.475955724716187
1777498767089776128,-0.00731064286082983,0.01543349027633667,-1.476502656936646
1777498767099956224,-0.007595295086503029,0.01540695037692785,-1.477020025253296
1777498767110116352,-0.007891767658293247,0.01548862550407648,-1.477505922317505
1777498767120257024,-0.00812997855246067,0.01542581431567669,-1.47795832157135
1777498767130377728,-0.00838261004537344,0.01529532205313444,-1.478422880172729
1777498767140478720,-0.008423097431659698,0.01518034562468529,-1.478905320167542
1777498767150561024,-0.008355818688869476,0.01499270275235176,-1.47941255569458
1777498767160623872,-0.008189194835722446,0.01475850865244865,-1.479906320571899
1777498767170667008,-0.008231356739997864,0.01436749380081892,-1.480416774749756
1777498767180690176,-0.008066470734775066,0.01404459960758686,-1.480916023254395
1777498767190694144,-0.008071575313806534,0.01356508303433657,-1.481392860412598
1777498767200678400,-0.00808398611843586,0.01313353609293699,-1.481814861297607
1777498767210642944,-0.008176347240805626,0.0126653965562582,-1.482224941253662
1777498767220588032,-0.00834187213331461,0.01222484838217497,-1.482629179954529
1777498767230514432,-0.008693556301295757,0.01170685328543186,-1.483028173446655
1777498767240421376,-0.008979343809187412,0.01113826315850019,-1.483410596847534
1777498767250308864,-0.009314956143498421,0.01049838960170746,-1.483843564987183
1777498767260176896,-0.009596374817192554,0.009834633208811283,-1.484299421310425
1777498767270025472,-0.009808965027332306,0.009310494177043438,-1.484915733337402
1777498767279855104,-0.009950952604413033,0.008949633687734604,-1.485646724700928
1777498767289665536,-0.009799253195524216,0.008447803556919098,-1.486465573310852
1777498767299456256,-0.009801748208701611,0.007874657399952412,-1.487333655357361
1777498767309229056,-0.009709742851555347,0.007381306495517492,-1.488188982009888
1777498767319454720,-0.009476851671934128,0.007035970222204924,-1.489110946655273
1777498767329660416,-0.009208518080413342,0.006798021029680967,-1.490066647529602
1777498767339846144,-0.009076811373233795,0.006458759773522615,-1.4911048412323
1777498767350011392,-0.008791259489953518,0.006195832509547472,-1.492211699485779
1777498767360156928,-0.008652146905660629,0.00602763332426548,-1.493401169776917
1777498767370284032,-0.008704168722033501,0.005921322852373123,-1.494671821594238
1777498767380391424,-0.008897018618881702,0.005885612219572067,-1.495908975601196
1777498767390478848,-0.009097999893128872,0.005912858061492443,-1.49708354473114
1777498767400546560,-0.009261953644454479,0.005858793389052153,-1.498250365257263
1777498767410594304,-0.009513508528470993,0.005968712735921144,-1.499557018280029
1777498767420622336,-0.009368461556732655,0.006309930700808764,-1.501018047332764
1777498767430630656,-0.009144098497927189,0.006744065321981907,-1.502709627151489
1777498767440619264,-0.00891658291220665,0.006994728930294514,-1.5045325756073
1777498767450588416,-0.008800771087408066,0.007234198041260242,-1.506216526031494
1777498767460538112,-0.008991611190140247,0.007373624481260777,-1.507867336273193
1777498767470467840,-0.008809496648609638,0.007702892646193504,-1.509522199630737
1777498767480378368,-0.008750298991799355,0.008051294833421707,-1.511260986328125
1777498767490268928,-0.008301302790641785,0.00861083809286356,-1.513069272041321
1777498767500140288,-0.007836200296878815,0.009164678864181042,-1.514968156814575
1777498767509992448,-0.007332472130656242,0.009702020324766636,-1.516925930976868
1777498767519824896,-0.006820408627390862,0.0102305430918932,-1.518886208534241
1777498767529638656,-0.00624949811026454,0.01061796862632036,-1.520796775817871
1777498767539432960,-0.005663775373250246,0.01105428766459227,-1.522666931152344
1777498767549208064,-0.005381000693887472,0.0114982295781374,-1.524468302726746
1777498767559433472,-0.005247385706752539,0.01224566716700792,-1.526193976402283
1777498767569639424,-0.005348136182874441,0.01295214053243399,-1.527823805809021
1777498767579825920,-0.005778930615633726,0.01382235810160637,-1.529336452484131
1777498767589992704,-0.006017532199621201,0.01450452767312527,-1.530730962753296
1777498767600140288,-0.006208021193742752,0.01525514479726553,-1.532052159309387
1777498767610268416,-0.006329526659101248,0.01592278853058815,-1.533407211303711
1777498767620377088,-0.006380925420671701,0.01671117916703224,-1.53474485874176
1777498767630466304,-0.006160072050988674,0.01747004687786102,-1.536057829856873
1777498767640535808,-0.006008184049278498,0.01819619536399841,-1.537353515625
1777498767650585856,-0.005804291926324368,0.0188188161700964,-1.538590788841248
1777498767660616448,-0.005628491286188364,0.01940671913325787,-1.539787292480469
1777498767670627840,-0.005467030219733715,0.01985342241823673,-1.540891885757446
1777498767680623104,-0.005277378484606743,0.02019638754427433,-1.541916131973267
1777498767690598912,-0.005111639387905598,0.02043809182941914,-1.54283607006073
1777498767700555520,-0.004975202959030867,0.020547054708004,-1.543670177459717
1777498767710492160,-0.004914016928523779,0.02062569558620453,-1.54443085193634
1777498767720409856,-0.004914077464491129,0.02055474743247032,-1.545110106468201
1777498767730308096,-0.005199793726205826,0.02043971791863441,-1.545741319656372
1777498767740186880,-0.0055359723046422,0.02023234777152538,-1.546273946762085
1777498767750046208,-0.006116897333413363,0.01992776989936829,-1.546714067459106
1777498767759887104,-0.006761636584997177,0.01958547905087471,-1.547063589096069
1777498767769708288,-0.00723956897854805,0.01929636299610138,-1.547358155250549
1777498767779510272,-0.007612277287989855,0.01880034990608692,-1.547708868980408
1777498767789293312,-0.007701485883444548,0.01826387830078602,-1.548080205917358
1777498767799292928,-0.007693910971283913,0.01747500337660313,-1.548454642295837
1777498767809508608,-0.007734211161732674,0.01677645929157734,-1.548914551734924
1777498767819704576,-0.007735581137239933,0.01610786467790604,-1.549361348152161
1777498767829880576,-0.007607377134263515,0.01529802195727825,-1.54980206489563
1777498767840036608,-0.007472288329154253,0.01436458341777325,-1.550178050994873
1777498767850172928,-0.007399943191558123,0.01328177470713854,-1.550501227378845
1777498767860289280,-0.007234718650579453,0.01230351161211729,-1.550833463668823
1777498767870385408,-0.006992388516664505,0.01121254358440638,-1.551217198371887
1777498767880462080,-0.006964828353375196,0.01003624126315117,-1.551601529121399
1777498767890519040,-0.007067321334034204,0.008831741288304329,-1.551952362060547
1777498767900558592,-0.007231381721794605,0.007657482288777828,-1.552337765693665
1777498767910579968,-0.007201012223958969,0.006597911473363638,-1.552715063095093
1777498767920582144,-0.007296255324035883,0.005251841619610786,-1.553040623664856
1777498767930565120,-0.007445838302373886,0.00398514186963439,-1.553313612937927
1777498767940529408,-0.007767749484628439,0.002758520189672709,-1.553597331047058
1777498767950474496,-0.007883052341639996,0.001751704607158899,-1.553916573524475
1777498767960400384,-0.008067918941378593,0.0007187105366028845,-1.554263830184937
1777498767970306560,-0.00813849363476038,-0.0001746732887113467,-1.5546053647995
1777498767980193536,-0.008027042262256145,-0.001046486548148096,-1.55504047870636
1777498767990062080,-0.008124086074531078,-0.001647520810365677,-1.555581569671631
1777498767999911168,-0.00815894827246666,-0.002062569605186582,-1.556135416030884
1777498768009741568,-0.008110006339848042,-0.002647059969604015,-1.556575775146484
1777498768019552256,-0.008421540260314941,-0.003428180236369371,-1.557009696960449
1777498768029344000,-0.009083687327802181,-0.004080578219145536,-1.557463765144348
1777498768039348736,-0.009451063349843025,-0.004233179148286581,-1.558026432991028
1777498768049565696,-0.009654982946813107,-0.004155626986175776,-1.55872917175293
1777498768059762688,-0.009835143573582172,-0.004205513745546341,-1.559483885765076
1777498768069940224,-0.01010725181549788,-0.004346946254372597,-1.560255527496338
1777498768080098048,-0.01026735454797745,-0.004246540833264589,-1.561118245124817
1777498768090236672,-0.01033773925155401,-0.003973723389208317,-1.56212842464447
1777498768100355328,-0.01029371656477451,-0.003540210425853729,-1.563176393508911
1777498768110454784,-0.01028096675872803,-0.003300096606835723,-1.564249753952026
1777498768120534784,-0.009942744858562946,-0.002974824048578739,-1.565363883972168
1777498768130595840,-0.009484969079494476,-0.002755321562290192,-1.566586494445801
1777498768140637184,-0.008857181295752525,-0.002290951553732157,-1.567885756492615
1777498768150661120,-0.008177711628377438,-0.001859500072896481,-1.569287061691284
1777498768160667136,-0.007301031611859798,-0.001198248355649412,-1.570749640464783
1777498768170653952,-0.006300609558820724,-0.0006732094334438443,-1.572211980819702
1777498768180621824,-0.005654897075146437,-0.000220098314457573,-1.573534727096558
1777498768190570496,-0.005587112158536911,0.0002732526045292616,-1.574648141860962
1777498768200500224,-0.005597007926553488,0.0007921750075183809,-1.575569748878479
1777498768210410752,-0.005818386562168598,0.001339764683507383,-1.576344847679138
1777498768220302080,-0.006211636122316122,0.001651172409765422,-1.577045798301697
1777498768230174720,-0.006452665198594332,0.002036337275058031,-1.577718496322632
1777498768240028416,-0.006675301119685173,0.002392780501395464,-1.578373789787292
1777498768249863168,-0.006895703263580799,0.002720459597185254,-1.579028129577637
1777498768259678464,-0.00697402423247695,0.002901311498135328,-1.579651832580566
1777498768269475072,-0.007000036537647247,0.003013578243553638,-1.580270886421204
1777498768279482624,-0.006841372232884169,0.002988266991451383,-1.580801129341125
1777498768289700608,-0.006552079226821661,0.002908524824306369,-1.581258773803711
1777498768299898624,-0.006162393838167191,0.002646196400746703,-1.581591486930847
1777498768310077184,-0.005891489330679178,0.002245327457785606,-1.581853151321411
1777498768320236032,-0.005663034506142139,0.00169584178365767,-1.582003831863403
1777498768330375424,-0.005462595261633396,0.001063550473190844,-1.582059741020203
1777498768340495104,-0.00518112163990736,0.0004029434930998832,-1.582003712654114
1777498768350595328,-0.004926449619233608,-0.0005455471691675484,-1.581868171691895
1777498768360675840,-0.004835234954953194,-0.001438135048374534,-1.581579566001892
1777498768370737152,-0.004790762439370155,-0.002481030998751521,-1.581155180931091
1777498768380778752,-0.005071843042969704,-0.003498405683785677,-1.580578804016113
1777498768390800896,-0.005590083077549934,-0.004682065919041634,-1.579869985580444
1777498768400803840,-0.00614654365926981,-0.005805917084217072,-1.579062342643738
1777498768410787328,-0.006761724129319191,-0.007054577581584454,-1.578119993209839
1777498768420751360,-0.007254362571984529,-0.008278897032141685,-1.577069163322449
1777498768430695680,-0.007591338828206062,-0.009711289778351784,-1.575933337211609
1777498768440624128,-0.007847013883292675,-0.01109778881072998,-1.574756860733032
1777498768450533120,-0.008039411157369614,-0.01239469647407532,-1.573593854904175
1777498768460422912,-0.008087922818958759,-0.01344726979732513,-1.572491526603699
1777498768470293504,-0.008360800333321095,-0.01441242080181837,-1.571388244628906
1777498768480144640,-0.007362744305282831,-0.01436582300812006,-1.570320725440979
1777498768489976320,-0.007123393006622791,-0.01578037440776825,-1.569285154342651
1777498768499788544,-0.008204928599298,-0.01590282656252384,-1.567989110946655
1777498768509581824,-0.00843442976474762,-0.01567882299423218,-1.566593170166016
1777498768519356416,-0.008054765872657299,-0.01510558743029833,-1.564997673034668
1777498768529574912,-0.008545944467186928,-0.014158527366817,-1.56343412399292
1777498768539773440,-0.008829665370285511,-0.01336419209837914,-1.561773777008057
1777498768549952000,-0.009336218237876892,-0.01236078143119812,-1.56008505821228
1777498768560111616,-0.009504631161689758,-0.01193536352366209,-1.558301091194153
1777498768570251776,-0.009952045045793056,-0.01070910878479481,-1.556540250778198
1777498768580371968,-0.01036076061427593,-0.009928216226398945,-1.554938197135925
1777498768590472192,-0.01032815966755152,-0.007843594066798687,-1.553395390510559
1777498768600552448,-0.01012543682008982,-0.006308293435722589,-1.552033424377441
1777498768610613248,-0.009815643541514874,-0.004542851820588112,-1.550703644752502
1777498768620654080,-0.009845334105193615,-0.00321545172482729,-1.549500703811646
1777498768630674944,-0.009774571284651756,-0.001054357853718102,-1.548292756080627
1777498768640676864,-0.009383209049701691,0.0009323155973106623,-1.547143220901489
1777498768650658816,-0.009352452121675014,0.00308202626183629,-1.545979261398315
1777498768660620800,-0.009296709671616554,0.00472166808322072,-1.544837713241577
1777498768670563584,-0.00936775840818882,0.006588758900761604,-1.543816089630127
1777498768680487424,-0.009368029423058033,0.008486466482281685,-1.542892575263977
1777498768690391552,-0.009500115178525448,0.01047789677977562,-1.542071461677551
1777498768700276224,-0.009624630212783813,0.01234582345932722,-1.541313767433167
1777498768710143488,-0.009914503432810307,0.01410746295005083,-1.540627241134644
1777498768719993088,-0.01006260979920626,0.01594805158674717,-1.540007352828979
1777498768729823744,-0.01013538334518671,0.0176454596221447,-1.539523243904114
1777498768739635200,-0.01037757005542517,0.01934761926531792,-1.539139151573181
1777498768749427456,-0.01053562574088573,0.02078061364591122,-1.538914084434509
1777498768759200256,-0.01101742219179869,0.02241290174424648,-1.538825988769531
1777498768769420800,-0.01147536560893059,0.02407734096050262,-1.538920640945435
1777498768779621376,-0.01150303240865469,0.02562740445137024,-1.539209604263306
1777498768789801984,-0.01144683733582497,0.02676456421613693,-1.539639472961426
1777498768799963136,-0.01107899006456137,0.02774954773485661,-1.540216088294983
1777498768810104576,-0.0103560509160161,0.02894543670117855,-1.540979862213135
1777498768820225792,-0.009461140260100365,0.02968419156968594,-1.5418701171875
1777498768830326784,-0.008752607740461826,0.03059221059083939,-1.542914509773254
1777498768840408064,-0.008061645552515984,0.03109579719603062,-1.544023871421814
1777498768850469376,-0.007462372537702322,0.03151549771428108,-1.545169949531555
1777498768860510976,-0.007090311031788588,0.03183367475867271,-1.546306490898132
1777498768870532608,-0.006950856652110815,0.03204656392335892,-1.547364950180054
1777498768880534528,-0.006844458170235157,0.0321459025144577,-1.548329710960388
1777498768890516736,-0.00680879270657897,0.03196669369935989,-1.549199461936951
1777498768900479232,-0.007170815020799637,0.03162896633148193,-1.550091028213501
1777498768910422272,-0.007340485230088234,0.03130638226866722,-1.551032781600952
1777498768920345600,-0.007563498802483082,0.031056247651577,-1.552065014839172
1777498768930249472,-0.007589982356876135,0.03068824112415314,-1.553149461746216
1777498768940134144,-0.007835514843463898,0.0300846416503191,-1.554184436798096
1777498768949999360,-0.008295165374875069,0.02945138700306416,-1.555148601531982
1777498768959846144,-0.008431380614638329,0.0288960337638855,-1.556042671203613
1777498768969673728,-0.008401650935411453,0.0281939972192049,-1.556973099708557
1777498768979481856,-0.008250140585005283,0.0273282527923584,-1.557937979698181
1777498768989270016,-0.008098435588181019,0.02635998465120792,-1.558933734893799
1777498768999039232,-0.007772079203277826,0.02550027519464493,-1.560012459754944
1777498769009265664,-0.007391487248241901,0.02483434788882732,-1.561129570007324
1777498769019472384,-0.006953824777156115,0.02413921989500523,-1.562255859375
1777498769029659136,-0.00658850371837616,0.0234746802598238,-1.563315033912659
1777498769039826688,-0.006161645986139774,0.02276439405977726,-1.564363837242126
1777498769049974528,-0.005584665108472109,0.02228777483105659,-1.565331101417542
1777498769060102400,-0.005167603958398104,0.02135802991688251,-1.566219806671143
1777498769070210304,-0.005150233395397663,0.02060758136212826,-1.566935896873474
1777498769080298496,-0.005648829974234104,0.01979784108698368,-1.567476511001587
1777498769090366976,-0.006012491881847382,0.01974638365209103,-1.5680011510849
1777498769100415744,-0.006255676504224539,0.01953370124101639,-1.568489074707031
1777498769110444800,-0.006726820487529039,0.019416319206357,-1.56893002986908
1777498769120454656,-0.00714590772986412,0.01913170702755451,-1.569360733032227
1777498769130444800,-0.007637816481292248,0.01912772841751575,-1.569837689399719
1777498769140415488,-0.008289697580039501,0.01925878785550594,-1.570413827896118
1777498769150368000,-0.00846595223993063,0.01947900094091892,-1.571027517318726
1777498769160302336,-0.008550974540412426,0.01958366110920906,-1.57166314125061
1777498769170217472,-0.008300716057419777,0.01960612274706364,-1.572313070297241
1777498769180113152,-0.007803773041814566,0.0195923950523138,-1.573090434074402
1777498769189989888,-0.007089800201356411,0.01962911337614059,-1.573989272117615
1777498769199847168,-0.006848872639238834,0.01969556324183941,-1.574972867965698
1777498769209685248,-0.006554444786161184,0.01999180763959885,-1.576026320457458
1777498769219504128,-0.006437634583562613,0.02025830186903477,-1.577056527137756
1777498769229304320,-0.006563614122569561,0.02056681551039219,-1.5780189037323
1777498769239084800,-0.006803569383919239,0.02083365060389042,-1.578883409500122
1777498769249083648,-0.006829904858022928,0.02126923389732838,-1.579810857772827
1777498769259300352,-0.00679823337122798,0.02156363427639008,-1.580805778503418
1777498769269497088,-0.006647484377026558,0.02186710573732853,-1.581949591636658
1777498769279674368,-0.006651162635535002,0.0221323873847723,-1.583160400390625
1777498769289831936,-0.00651513272896409,0.02255076356232166,-1.584432363510132
1777498769299970304,-0.006408179178833961,0.02282979153096676,-1.585700988769531
1777498769310089216,-0.00633372412994504,0.02309576235711575,-1.586913347244263
1777498769320188160,-0.006442190147936344,0.0231273602694273,-1.588062405586243
1777498769330267136,-0.006306109018623829,0.02332110144197941,-1.589242219924927
1777498769340326656,-0.006277086678892374,0.0232808031141758,-1.590423226356506
1777498769350366464,-0.00606651371344924,0.0232124887406826,-1.591649651527405
1777498769360386816,-0.005916079040616751,0.02292389236390591,-1.592899322509766
1777498769370387200,-0.005723040550947189,0.02265149168670177,-1.594203233718872
1777498769380368384,-0.005354247987270355,0.02230407483875751,-1.595539331436157
1777498769390330112,-0.00515712471678853,0.02178576774895191,-1.596806049346924
1777498769400272384,-0.004993325099349022,0.02113067917525768,-1.597959399223328
1777498769410194944,-0.004897090140730143,0.02042798697948456,-1.599046945571899
1777498769420098304,-0.004792326595634222,0.01959768868982792,-1.600033044815063
1777498769429984512,-0.004657806362956762,0.01864196546375751,-1.600969076156616
1777498769439851264,-0.004713409580290318,0.01753486692905426,-1.60183572769165
1777498769449698816,-0.004868642892688513,0.01645907200872898,-1.602682709693909
1777498769459527168,-0.004899108782410622,0.01533894333988428,-1.603513836860657
1777498769469336320,-0.005027598701417446,0.01420678570866585,-1.604274272918701
1777498769479126528,-0.00520598515868187,0.01284061931073666,-1.604985594749451
1777498769489130240,-0.005416856613010168,0.01146047189831734,-1.605645298957825
1777498769499347200,-0.00568612664937973,0.009867693297564983,-1.606217980384827
1777498769509544192,-0.006134573835879564,0.008339104242622852,-1.606699347496033
1777498769519721728,-0.006387367844581604,0.006953411735594273,-1.607128143310547
1777498769529879808,-0.006728412117809057,0.005763453431427479,-1.607505559921265
1777498769540018176,-0.006662285886704922,0.004719005431979895,-1.607833862304688
1777498769550136832,-0.006064384244382381,0.003363585798069835,-1.608287930488586
1777498769560236032,-0.005919953342527151,0.001618230482563376,-1.60892379283905
1777498769570315520,-0.005877458956092596,4.382920451462269e-05,-1.609528303146362
1777498769580375040,-0.005497386213392019,-0.0006623727967962623,-1.610103368759155
1777498769590415104,-0.004896235652267933,-0.001045737881213427,-1.61062216758728
1777498769600435712,-0.004722680896520615,-0.001547559048049152,-1.610936045646667
1777498769610437120,-0.004562143702059984,-0.002125997561961412,-1.611073732376099
1777498769620419072,-0.004685556050390005,-0.002875834237784147,-1.611115455627441
1777498769630381568,-0.004999485798180103,-0.003300882643088698,-1.611107707023621
1777498769640324608,-0.005204437766224146,-0.003566853003576398,-1.611171960830688
1777498769650248448,-0.005177061539143324,-0.003474036930128932,-1.61124062538147
1777498769660152320,-0.005037156399339437,-0.003373410552740097,-1.611284613609314
1777498769670036736,-0.005169787909835577,-0.003200806211680174,-1.611334443092346
1777498769679907328,-0.005155659280717373,-0.002930741291493177,-1.611322402954102
1777498769689758720,-0.005220966879278421,-0.002456290880218148,-1.611232161521912
1777498769699591168,-0.005345991346985102,-0.001955130603164434,-1.611003875732422
1777498769709403904,-0.00566368643194437,-0.001391632133163512,-1.610685586929321
1777498769719198208,-0.005997213535010815,-0.0007562794489786029,-1.610323309898376
1777498769729204736,-0.006329904310405254,-0.0001204530781251378,-1.609925270080566
1777498769739423232,-0.006688045337796211,0.0004906812682747841,-1.609620690345764
1777498769749621760,-0.006776741705834866,0.001345806755125523,-1.6093829870224
1777498769759801088,-0.006804792210459709,0.002238413086161017,-1.609262704849243
1777498769769960704,-0.006694796029478312,0.003274490823969245,-1.609185934066772
1777498769780100864,-0.006640517618507147,0.004141755867749453,-1.609106421470642
1777498769790220544,-0.006487908773124218,0.00517683383077383,-1.608992457389832
1777498769800320512,-0.006366732530295849,0.005995721090584993,-1.608858823776245
1777498769810400768,-0.006312766578048468,0.007045427802950144,-1.608697295188904
1777498769820461568,-0.006263847462832928,0.00787216704338789,-1.608542919158936
1777498769830502656,-0.006410789210349321,0.008823671378195286,-1.608415842056274
1777498769840524032,-0.006401082035154104,0.009659448638558388,-1.608336687088013
1777498769850525952,-0.006406126543879509,0.01047659013420343,-1.60826575756073
1777498769860508416,-0.006475011818110943,0.01120254583656788,-1.608234763145447
1777498769870470912,-0.006388500798493624,0.0119222579523921,-1.608186960220337
1777498769880414208,-0.006428984459489584,0.0125540504232049,-1.608096480369568
1777498769890338048,-0.006350829731673002,0.01304265111684799,-1.607954978942871
1777498769900244992,-0.006391541101038456,0.01337965484708548,-1.607840180397034
1777498769910135296,-0.006292064674198627,0.01360420230776072,-1.607826471328735
1777498769920006656,-0.006094307173043489,0.0137993460521102,-1.607880711555481
1777498769929858304,-0.005900534801185131,0.0138544412329793,-1.607906818389893
1777498769939691008,-0.005823073908686638,0.01375681161880493,-1.607904672622681
1777498769949504512,-0.005763356573879719,0.01348620001226664,-1.607893347740173
1777498769959298560,-0.005721328314393759,0.01307007018476725,-1.607816696166992
1777498769969073408,-0.005640036426484585,0.0125311566516757,-1.607718229293823
1777498769979292672,-0.005720112472772598,0.01202206313610077,-1.607643604278564
1777498769989491968,-0.005824021529406309,0.01139842346310616,-1.607524394989014
1777498769999671296,-0.00592912407591939,0.01098423823714256,-1.607345700263977
1777498770009830912,-0.006236760877072811,0.01058873161673546,-1.607082486152649
1777498770019971584,-0.005936100613325834,0.01025225874036551,-1.606733441352844
1777498770030092288,-0.005590385757386684,0.009162716567516327,-1.606622457504272
1777498770040193536,-0.005555729847401381,0.007874281145632267,-1.606644630432129
1777498770050275072,-0.005781147163361311,0.006612270139157772,-1.606568813323975
1777498770060337408,-0.005578859709203243,0.006333793047815561,-1.606471180915833
1777498770070380032,-0.005271226167678833,0.005931686144322157,-1.606284976005554
1777498770080402944,-0.005249243229627609,0.005554995499551296,-1.606014728546143
1777498770090407424,-0.005372443236410618,0.004857781808823347,-1.605702519416809
1777498770100395008,-0.005566966719925404,0.00455313129350543,-1.60540509223938
1777498770110363392,-0.00554240308701992,0.004338928498327732,-1.605111598968506
1777498770120312576,-0.005615583155304193,0.004282161593437195,-1.604811310768127
1777498770130242560,-0.005933988373726606,0.004217896610498428,-1.604544162750244
1777498770140153344,-0.006008814089000225,0.004503181669861078,-1.604361057281494
1777498770150044672,-0.00593580724671483,0.004790357314050198,-1.604189991950989
1777498770159917056,-0.005846946500241756,0.004993954207748175,-1.603984475135803
1777498770169769984,-0.005776474718004465,0.005159720312803984,-1.603776097297668
1777498770179604736,-0.005479663144797087,0.005669677164405584,-1.603566408157349
1777498770189420032,-0.005087660159915686,0.006469036918133497,-1.603334784507751
1777498770199216384,-0.004776712972670794,0.00709151104092598,-1.60304844379425
1777498770208993792,-0.004832108970731497,0.007565017323940992,-1.602738618850708
1777498770219219200,-0.004868831019848585,0.008187153376638889,-1.602407932281494
1777498770229424896,-0.004768296144902706,0.00926537998020649,-1.602039575576782
1777498770239610624,-0.004683681298047304,0.01039397902786732,-1.601691603660583
1777498770249776640,-0.00476824352517724,0.01148037798702717,-1.601286768913269
1777498770259922944,-0.004950817208737135,0.01252064295113087,-1.600788235664368
1777498770270049792,-0.005267713684588671,0.01371699757874012,-1.600196003913879
1777498770280156672,-0.005624684039503336,0.01499216444790363,-1.599527716636658
1777498770290244096,-0.005995345767587423,0.01638753339648247,-1.598820686340332
1777498770300311808,-0.006362971849739552,0.01778510771691799,-1.598143458366394
1777498770310359808,-0.006857996806502342,0.01919578015804291,-1.597546935081482
1777498770320388096,-0.00709441164508462,0.02060199715197086,-1.596995115280151
1777498770330396672,-0.007359846960753202,0.02179068140685558,-1.596515893936157
1777498770340386048,-0.007276186719536781,0.02305269427597523,-1.5960693359375
1777498770350355968,-0.00711069954559207,0.02424592152237892,-1.595660328865051
1777498770360306432,-0.006760142743587494,0.02545841410756111,-1.595290184020996
1777498770370237696,-0.006616747006773949,0.02640014700591564,-1.594949126243591
1777498770380149504,-0.006521801464259624,0.02721897512674332,-1.594657182693481
1777498770390042368,-0.006293310783803463,0.02793859504163265,-1.594361424446106
1777498770399921152,-0.006084490101784468,0.02854293398559093,-1.59411633014679
1777498770409780992,-0.005927472840994596,0.02904290519654751,-1.593861818313599
1777498770419621376,-0.005788235459476709,0.02946696616709232,-1.593584895133972
1777498770429443328,-0.005839561577886343,0.02975760959088802,-1.593313336372375
1777498770439245824,-0.005851345602422953,0.02989621460437775,-1.59303343296051
1777498770449029376,-0.005859076976776123,0.02993199788033962,-1.592760443687439
1777498770459256064,-0.00566985085606575,0.02976281568408012,-1.592511892318726
1777498770469462784,-0.005603266414254904,0.02940837852656841,-1.592259287834167
1777498770479649792,-0.005477220751345158,0.02890101261436939,-1.591969847679138
1777498770489817088,-0.005511209834367037,0.0284314900636673,-1.591610312461853
1777498770499964928,-0.005572630558162928,0.02802344784140587,-1.591167807579041
1777498770510092800,-0.0058207749389112,0.02761636488139629,-1.590611696243286
1777498770520201984,-0.006006128154695034,0.02725029550492764,-1.589907884597778
1777498770530292224,-0.00586487865075469,0.02664157375693321,-1.58924412727356
1777498770540363008,-0.005852744448930025,0.02541651390492916,-1.588753461837769
1777498770550413824,-0.006271653342992067,0.02398268692195415,-1.588318705558777
1777498770560445184,-0.006671324837952852,0.02296948805451393,-1.587890625
1777498770570457088,-0.006539823021739721,0.02254376374185085,-1.5875643491745
1777498770580449280,-0.00590541772544384,0.02196940034627914,-1.587142825126648
1777498770590422528,-0.005936589557677507,0.0209604948759079,-1.586564779281616
1777498770600376576,-0.006076211109757423,0.02011778391897678,-1.58592677116394
1777498770610311168,-0.006260971073061228,0.01943676173686981,-1.585291266441345
1777498770620226304,-0.006230753846466541,0.01923122815787792,-1.584716439247131
1777498770630121984,-0.006178562995046377,0.01879931427538395,-1.584152221679688
1777498770639998464,-0.0065313964150846,0.0186632014811039,-1.58362865447998
1777498770649855744,-0.006469939835369587,0.01874498277902603,-1.583169460296631
1777498770659693312,-0.006333199795335531,0.01915430836379528,-1.582726359367371
1777498770669511680,-0.006128733046352863,0.01941681280732155,-1.582279801368713
1777498770679311616,-0.006072857417166233,0.01955834217369556,-1.581769466400146
1777498770689097216,-0.005942386109381914,0.01986867561936378,-1.581236839294434
1777498770699098112,-0.005836740601807833,0.02032049559056759,-1.580688953399658
1777498770709313536,-0.005938767921179533,0.02090895175933838,-1.580144762992859
1777498770719509504,-0.005898867268115282,0.02126260474324226,-1.579567193984985
1777498770729685504,-0.006109903100878,0.02170129306614399,-1.579042792320251
1777498770739841792,-0.006131195463240147,0.022153090685606,-1.578522801399231
1777498770749978112,-0.006333122961223125,0.02269458211958408,-1.578054547309875
1777498770760094720,-0.006383190862834454,0.02340634912252426,-1.577511072158813
1777498770770193152,-0.006355579942464828,0.02405739948153496,-1.576959490776062
1777498770780271872,-0.006359664723277092,0.02482517622411251,-1.576420426368713
1777498770790330880,-0.006093590520322323,0.02553004398941994,-1.575899004936218
1777498770800370432,-0.005905898287892342,0.02619276568293571,-1.575361132621765
1777498770810390784,-0.005824938416481018,0.02666098810732365,-1.574798941612244
1777498770820391424,-0.00566119933500886,0.02728588506579399,-1.574222207069397
1777498770830372608,-0.005489400587975979,0.02784208580851555,-1.573632121086121
1777498770840334336,-0.005491655319929123,0.02848117053508759,-1.572970032691956
1777498770850277120,-0.005677256267517805,0.02897089906036854,-1.572206139564514
1777498770860200704,-0.005808754824101925,0.02939652651548386,-1.571364760398865
1777498770870104832,-0.005989245604723692,0.02960194461047649,-1.570472717285156
1777498770879990016,-0.006200315896421671,0.02992232330143452,-1.569629192352295
1777498770889856000,-0.006252061575651169,0.03026061505079269,-1.568845391273499
1777498770899702528,-0.006170858163386583,0.03057239763438702,-1.568105101585388
1777498770909529600,-0.006302503868937492,0.03067845478653908,-1.567315220832825
1777498770919337728,-0.006532176863402128,0.03080177493393421,-1.566403388977051
1777498770929127680,-0.006708107888698578,0.03092486783862114,-1.565449953079224
1777498770939131392,-0.006651911418884993,0.03100023232400417,-1.564484357833862
1777498770949348352,-0.006869285367429256,0.03081393241882324,-1.563580274581909
1777498770959545600,-0.007147334981709719,0.03067492321133614,-1.562730431556702
1777498770969723136,-0.007707801181823015,0.03057606145739555,-1.561980009078979
1777498770979881216,-0.008022308349609375,0.03089067712426186,-1.561273217201233
1777498770990019840,-0.008299174718558788,0.0311454888433218,-1.560618162155151
1777498771000139264,-0.008321164175868034,0.03137625008821487,-1.5599684715271
1777498771010239232,-0.008355124853551388,0.03095073811709881,-1.559456467628479
1777498771020319744,-0.008489725179970264,0.03068955428898335,-1.558981657028198
1777498771030380544,-0.00869485829025507,0.03017993085086346,-1.558523774147034
1777498771040421632,-0.008343134075403214,0.03064554557204247,-1.558174014091492
1777498771050445824,-0.007802017033100128,0.03064362332224846,-1.558000206947327
1777498771060450816,-0.007818862795829773,0.0307321809232235,-1.557847857475281
1777498771070436608,-0.008506735786795616,0.03046118281781673,-1.557765483856201
1777498771080402944,-0.008755638264119625,0.03078650683164597,-1.557781338691711
1777498771090350080,-0.008507217280566692,0.03104743547737598,-1.557927250862122
1777498771100277760,-0.008303385227918625,0.03139939531683922,-1.558088064193726
1777498771110186240,-0.008338135667145252,0.03135452419519424,-1.558318972587585
1777498771120075264,-0.008344688452780247,0.03173288702964783,-1.558672308921814
1777498771129946112,-0.008220959454774857,0.03211642056703568,-1.559197783470154
1777498771139797504,-0.008361196145415306,0.03240086138248444,-1.559807300567627
1777498771149629696,-0.008650802075862885,0.03268751874566078,-1.560506463050842
1777498771159442688,-0.008744212798774242,0.03297996520996094,-1.561339020729065
1777498771169236992,-0.008514661341905594,0.03334478661417961,-1.562280178070068
1777498771179243776,-0.008091486059129238,0.03325454145669937,-1.563322424888611
1777498771189462016,-0.007122098468244076,0.03285060822963715,-1.564532518386841
1777498771199660544,-0.005826247856020927,0.03274707496166229,-1.565888285636902
1777498771209839616,-0.00448180828243494,0.0332174263894558,-1.567350387573242
1777498771219998976,-0.003757865866646171,0.0325261764228344,-1.568779706954956
1777498771230139136,-0.003391488455235958,0.03228136897087097,-1.570082068443298
1777498771240259328,-0.003219096688553691,0.03172120451927185,-1.571291446685791
1777498771250359808,-0.003023739671334624,0.03142254427075386,-1.572410345077515
1777498771260441088,-0.002907602349296212,0.03094763495028019,-1.573474049568176
1777498771270502656,-0.002569267526268959,0.03040281869471073,-1.57453978061676
1777498771280544512,-0.002257152926176786,0.03012355044484138,-1.575663089752197
1777498771290568704,-0.001852199202403426,0.02974320575594902,-1.57684051990509
1777498771300574976,-0.001504131825640798,0.02949898689985275,-1.578067421913147
1777498771310562048,-0.001150934491306543,0.02921026945114136,-1.579208850860596
1777498771320529664,-0.001353153493255377,0.02898054011166096,-1.580277800559998
1777498771330478080,-0.001639841357246041,0.02890142239630222,-1.581250548362732
1777498771340407296,-0.002159428084269166,0.02902120538055897,-1.582197546958923
1777498771350317568,-0.002669862471520901,0.02914795838296413,-1.583171606063843
1777498771360208640,-0.003221330000087619,0.02920201793313026,-1.584230661392212
1777498771370081024,-0.00385361653752625,0.02939827181398869,-1.585428476333618
1777498771379934464,-0.003704592352733016,0.02992620877921581,-1.586741089820862
1777498771389768960,-0.00317305838689208,0.03063728474080563,-1.588245034217834
1777498771399584256,-0.002335578901693225,0.03114982880651951,-1.589865326881409
1777498771409380608,-0.001158669125288725,0.03155472129583359,-1.591606974601746
1777498771419157760,0.0003256166819483042,0.03193163126707077,-1.593390107154846
1777498771429377280,0.001496072392910719,0.03258925303816795,-1.595158219337463
1777498771439577088,0.002850228454917669,0.03347708284854889,-1.596818685531616
1777498771449756928,0.004133278038352728,0.03442816436290741,-1.598288416862488
1777498771459917568,0.005217020399868488,0.03575579822063446,-1.599442720413208
1777498771470058496,0.006632315926253796,0.03657757490873337,-1.600342273712158
1777498771480180224,0.008135277777910233,0.03685064613819122,-1.600981116294861
1777498771490281984,0.008765364997088909,0.03723705559968948,-1.601301908493042
1777498771500364288,0.009606955572962761,0.03786395117640495,-1.601410627365112
1777498771510426880,0.01024203281849623,0.0393044725060463,-1.601344704627991
1777498771520469760,0.0103766331449151,0.0401252917945385,-1.601035475730896
1777498771530493184,0.009609665721654892,0.0408598855137825,-1.600345730781555
1777498771540497152,0.008789488114416599,0.04134578630328178,-1.599337935447693
1777498771550481664,0.0080930320546031,0.04214922338724136,-1.598067283630371
1777498771560446464,0.007342149037867785,0.04271737113595009,-1.596513271331787
1777498771570391808,0.006611354649066925,0.04342394322156906,-1.594667553901672
1777498771580317696,0.006682220846414566,0.04408465325832367,-1.592509746551514
1777498771590223872,0.007337222341448069,0.04472262784838676,-1.590063214302063
1777498771600110848,0.007792210672050714,0.04518544301390648,-1.587326526641846
1777498771609978624,0.008288620039820671,0.04550928622484207,-1.584349751472473
1777498771619827712,0.008817598223686218,0.04634301736950874,-1.581052780151367
1777498771629662976,0.009121714159846306,0.04709907993674278,-1.577418208122253
1777498771639479296,0.00899614579975605,0.04765740409493446,-1.573320150375366
1777498771649276672,0.008400428108870983,0.04814241454005241,-1.568781733512878
1777498771659054848,0.007897449657320976,0.04877426475286484,-1.563844561576843
1777498771669274880,0.007261478807777166,0.04961105063557625,-1.55854344367981
1777498771679475200,0.006311037112027407,0.05022485554218292,-1.552895426750183
1777498771689656320,0.005012748762965202,0.05104304105043411,-1.546913146972656
1777498771699818240,0.003613327164202929,0.05189040675759315,-1.540758490562439
1777498771709960192,0.001997688552364707,0.05296760052442551,-1.534449815750122
1777498771720082176,0.0001613550120964646,0.05411553382873535,-1.528013348579407
1777498771730184704,-0.001519426237791777,0.05524209886789322,-1.52147650718689
1777498771740267520,-0.003156464314088225,0.05623795837163925,-1.514875173568726
1777498771750330368,-0.004753068089485168,0.05726154893636703,-1.508369207382202
1777498771760373760,-0.006082855630666018,0.05839290097355843,-1.502079248428345
1777498771770397440,-0.006796695291996002,0.05964608862996101,-1.496025919914246
1777498771780402176,-0.007009586319327354,0.06070758402347565,-1.489962935447693
1777498771790387200,-0.006851618178188801,0.06185469031333923,-1.483864068984985
1777498771800356864,-0.006150363013148308,0.06334909796714783,-1.477779865264893
1777498771810307072,-0.005468492396175861,0.06460081040859222,-1.471677660942078
1777498771820237824,-0.004371766932308674,0.06624568998813629,-1.465537667274475
1777498771830149632,-0.003072271589189768,0.06728780269622803,-1.459260702133179
1777498771840042240,-0.002033955417573452,0.06836242228746414,-1.452898025512695
1777498771849915392,-0.0006888214265927672,0.0693189725279808,-1.44651985168457
1777498771859769344,0.0005341959767974913,0.07029430568218231,-1.440074920654297
1777498771869604096,0.001170753734186292,0.07117772847414017,-1.433536291122437
1777498771879420416,0.001222604769282043,0.07200447469949722,-1.426843762397766
1777498771889217280,0.001414013560861349,0.07304716110229492,-1.419910907745361
1777498771898994688,0.001188953756354749,0.07403445988893509,-1.412870526313782
1777498771909220864,0.0004960322403348982,0.07483187317848206,-1.405612230300903
1777498771919427072,-0.0002807545242831111,0.07528483122587204,-1.39817202091217
1777498771929613568,-0.001277102157473564,0.0758020430803299,-1.390556812286377
1777498771939780864,-0.002691618865355849,0.07600854337215424,-1.382842779159546
1777498771949928960,-0.003703253343701363,0.07645931839942932,-1.375000715255737
1777498771960057088,-0.004937537480145693,0.07663153856992722,-1.367063999176025
1777498771970165504,-0.006051419302821159,0.07695530354976654,-1.359017014503479
1777498771980254208,-0.007123691495507956,0.07689870893955231,-1.350876212120056
1777498771990323456,-0.007598531432449818,0.07701851427555084,-1.342736840248108
1777498772000372992,-0.007942995987832546,0.0765942707657814,-1.334726095199585
1777498772010402560,-0.008208851329982281,0.07628221064805984,-1.326865911483765
1777498772020412928,-0.008072431199252605,0.0759214386343956,-1.319079875946045
1777498772030404096,-0.008004498668015003,0.07585770636796951,-1.311307907104492
1777498772040375808,-0.007762758992612362,0.07554914802312851,-1.303569674491882
1777498772050328064,-0.007402005605399609,0.07524775713682175,-1.295809507369995
1777498772060261120,-0.007141983602195978,0.07492231577634811,-1.288031816482544
1777498772070174976,-0.006800416857004166,0.07471591234207153,-1.280246019363403
1777498772080069888,-0.00655071809887886,0.07451292872428894,-1.272387266159058
1777498772089950208,-0.006469260435551405,0.07419286668300629,-1.264498710632324
1777498772099811584,-0.00664592906832695,0.07404850423336029,-1.256659865379333
1777498772109653760,-0.006851444020867348,0.07399062812328339,-1.248898029327393
1777498772119476736,-0.007282926235347986,0.0740034207701683,-1.241178274154663
1777498772129280768,-0.007774766068905592,0.07386104017496109,-1.233425855636597
1777498772139065344,-0.008465105667710304,0.07365885376930237,-1.225658059120178
1777498772149065984,-0.008958145044744015,0.07365887612104416,-1.217924475669861
1777498772159282432,-0.009519378654658794,0.07359928637742996,-1.210312962532043
1777498772169478912,-0.01005158293992281,0.07356927543878555,-1.202870965003967
1777498772179655680,-0.01002511661499739,0.07346967607736588,-1.195605397224426
1777498772189812992,-0.009393950924277306,0.07349325716495514,-1.188500761985779
1777498772199951360,-0.008356648497283459,0.07337698340415955,-1.18155312538147
1777498772210070528,-0.007336378563195467,0.07327808439731598,-1.174787878990173
1777498772220170240,-0.006607735995203257,0.07314088195562363,-1.168200969696045
1777498772230250240,-0.006101059727370739,0.07312052696943283,-1.161648631095886
1777498772240310784,-0.005702144466340542,0.07322070747613907,-1.155106663703918
1777498772250351616,-0.005519901867955923,0.0731445848941803,-1.148500680923462
1777498772260372992,-0.005400264170020819,0.07324733585119247,-1.141870975494385
1777498772270374656,-0.005402484908699989,0.07318571209907532,-1.135156989097595
1777498772280357120,-0.005561298225075006,0.0733073353767395,-1.128399133682251
1777498772290320128,-0.00582658126950264,0.07325411587953568,-1.121644139289856
1777498772300263424,-0.005863059777766466,0.07342564314603806,-1.114935755729675
1777498772310187776,-0.006051764823496342,0.07327709347009659,-1.10834276676178
1777498772320092928,-0.006018806714564562,0.07335551083087921,-1.101836681365967
1777498772329978624,-0.005605508107692003,0.0732571929693222,-1.095392823219299
1777498772339844608,-0.005365010816603899,0.07323426753282547,-1.08904755115509
1777498772349691648,-0.004803504794836044,0.07296174764633179,-1.082794070243835
1777498772359519744,-0.004135164432227612,0.07257681339979172,-1.07654881477356
1777498772369329408,-0.003553251037374139,0.07203429192304611,-1.070229530334473
1777498772379123456,-0.00313681410625577,0.07148852199316025,-1.063837647438049
1777498772389130752,-0.002573043806478381,0.07123974710702896,-1.057350635528564
1777498772399347968,-0.002140118274837732,0.07092158496379852,-1.050776243209839
1777498772409545984,-0.002050700830295682,0.07027899473905563,-1.044181942939758
1777498772419724288,-0.002103480510413647,0.06936149299144745,-1.037366151809692
1777498772429882368,-0.002380740130320191,0.06862995028495789,-1.03031587600708
1777498772440020480,-0.002739572897553444,0.06821893900632858,-1.02312707901001
1777498772450139136,-0.003092709928750992,0.06792968511581421,-1.015798091888428
1777498772460238080,-0.003624507691711187,0.06739485263824463,-1.008330345153809
1777498772470317312,-0.004341891035437584,0.06685634702444077,-1.00078296661377
1777498772480376832,-0.005088822450488806,0.06651311367750168,-0.9931383728981018
1777498772490416896,-0.005598095711320639,0.06654585152864456,-0.9855119585990906
1777498772500440320,-0.006107115652412176,0.06649181991815567,-0.9778012037277222
1777498772510444288,-0.006833808030933142,0.06630951166152954,-0.9699162840843201
1777498772520428800,-0.007670195307582617,0.06616253405809402,-0.9619693160057068
1777498772530394368,-0.008123007602989674,0.06636574119329453,-0.9539523124694824
1777498772540340992,-0.008489673957228661,0.06666824221611023,-0.9459540247917175
1777498772550268160,-0.00893695279955864,0.066909059882164,-0.9378919005393982
1777498772560176128,-0.009171478450298309,0.06717129796743393,-0.9298046827316284
1777498772570064640,-0.009298880584537983,0.06756370514631271,-0.9217461347579956
1777498772579934720,-0.009322112426161766,0.0681435838341713,-0.9136701822280884
1777498772589785600,-0.009491780772805214,0.06859024614095688,-0.9055825471878052
1777498772599617024,-0.009768894873559475,0.06918462365865707,-0.897412896156311
1777498772609429504,-0.01017042156308889,0.06965367496013641,-0.8891918659210205
1777498772619223040,-0.01078973151743412,0.07032664865255356,-0.8809223175048828
1777498772629229056,-0.0116345351561904,0.07104348391294479,-0.8726004362106323
1777498772639447040,-0.01250768359750509,0.07198692113161087,-0.8643068671226501
1777498772649645568,-0.01342182699590921,0.07286363840103149,-0.8560222387313843
1777498772659824384,-0.01444404479116201,0.07369644194841385,-0.8477709293365479
1777498772669983744,-0.01520805340260267,0.07472529262304306,-0.839617908000946
1777498772680123392,-0.01573345065116882,0.07579135149717331,-0.8315967917442322
1777498772690243328,-0.01594597660005093,0.07683510333299637,-0.8237582445144653
1777498772700343552,-0.0159597210586071,0.07772788405418396,-0.8161311149597168
1777498772710425344,-0.01572579331696033,0.07877481728792191,-0.8086578249931335
1777498772720488448,-0.01517616771161556,0.07986240833997726,-0.8013938665390015
1777498772730531584,-0.01452887803316116,0.08108671009540558,-0.794259250164032
1777498772740555008,-0.01389610301703215,0.08225701749324799,-0.7871949672698975
1777498772750559232,-0.01312556769698858,0.08346802741289139,-0.7801609635353088
1777498772760543744,-0.0123317651450634,0.08453622460365295,-0.7730670571327209
1777498772770508800,-0.01154411118477583,0.08534512668848038,-0.7658828496932983
1777498772780454144,-0.0110955685377121,0.08592835813760757,-0.758599579334259
1777498772790380544,-0.01083992980420589,0.08655770123004913,-0.7512468695640564
1777498772800287744,-0.01058285776525736,0.08723584562540054,-0.7438793182373047
1777498772810175488,-0.01046670693904161,0.08781509101390839,-0.7364155054092407
1777498772820044032,-0.01071435492485762,0.08809003978967667,-0.7288014888763428
1777498772829893376,-0.01106654573231936,0.08830372244119644,-0.7210748791694641
1777498772839723264,-0.01146178506314754,0.08843880891799927,-0.7132905721664429
1777498772849533952,-0.01168261095881462,0.08854234218597412,-0.7054257988929749
1777498772859325440,-0.01206209883093834,0.08826807141304016,-0.6975083947181702
1777498772869098752,-0.012382329441607,0.08786115050315857,-0.6895802021026611
1777498772879318272,-0.01259307097643614,0.08734487742185593,-0.6816521286964417
1777498772889517824,-0.01281715929508209,0.08683638274669647,-0.6738063097000122
1777498772899697408,-0.01271093916147947,0.08613653481006622,-0.6660013198852539
1777498772909857536,-0.01233224850147963,0.08524585515260696,-0.6582721471786499
1777498772919998464,-0.0118129700422287,0.08420923352241516,-0.6506344079971313
1777498772930119680,-0.01119797024875879,0.08311751484870911,-0.643040657043457
1777498772940220928,-0.01050563808530569,0.08214875310659409,-0.6355496048927307
1777498772950302720,-0.009902381338179111,0.08103135228157043,-0.6281343698501587
1777498772960365056,-0.009250100702047348,0.0799175351858139,-0.6207466125488281
1777498772970407424,-0.008656993508338928,0.07868348062038422,-0.6133922934532166
1777498772980430336,-0.008296363987028599,0.07755697518587112,-0.6060508489608765
1777498772990434048,-0.008007461205124855,0.07633677124977112,-0.5987229347229004
1777498773000418560,-0.007837398909032345,0.07531559467315674,-0.5914328098297119
1777498773010383360,-0.007812085095793009,0.07419702410697937,-0.584159791469574
1777498773020328704,-0.007767418399453163,0.07325205206871033,-0.5769126415252686
1777498773030254336,-0.007794615346938372,0.072442926466465,-0.5697100758552551
1777498773040161024,-0.00795542448759079,0.07181049138307571,-0.5625842213630676
1777498773050051584,-0.007983210496604443,0.07123710215091705,-0.5555806159973145
1777498773059926272,-0.007904569618403912,0.07073348015546799,-0.5486382246017456
1777498773069782016,-0.007722405716776848,0.07033255696296692,-0.5417643189430237
1777498773079618816,-0.007253200281411409,0.0702231153845787,-0.5350523591041565
1777498773089436416,-0.006489047314971685,0.07018189877271652,-0.5285090208053589
1777498773099235328,-0.005595557391643524,0.07016456872224808,-0.5221492052078247
1777498773109015040,-0.004714349284768105,0.07002949714660645,-0.5158945322036743
1777498773119235328,-0.004085262306034565,0.07001087814569473,-0.5097054839134216
1777498773129435904,-0.003464078763499856,0.07011771947145462,-0.5035208463668823
1777498773139617024,-0.003261881647631526,0.07040806859731674,-0.4972374141216278
1777498773149778176,-0.003188041737303138,0.07067956775426865,-0.490790069103241
1777498773159920640,-0.003271579742431641,0.07110627740621567,-0.4842020571231842
1777498773170043392,-0.00356545252725482,0.07159360498189926,-0.4775793254375458
1777498773180146176,-0.004024962428957224,0.07222872227430344,-0.4709405899047852
1777498773190229760,-0.004556822590529919,0.07281563431024551,-0.4642837345600128
1777498773200293632,-0.005070416256785393,0.07340959459543228,-0.4576507210731506
1777498773210338048,-0.005467423237860203,0.07396858185529709,-0.4510633051395416
1777498773220363008,-0.005618920084089041,0.07443594187498093,-0.4444350302219391
1777498773230368256,-0.005800173617899418,0.07488900423049927,-0.4377717673778534
1777498773240354560,-0.005928191356360912,0.07532300800085068,-0.4310852289199829
1777498773250321408,-0.005884252022951841,0.07592536509037018,-0.4244086146354675
1777498773260268800,-0.005824335385113955,0.07637831568717957,-0.4177452325820923
1777498773270196992,-0.005714451894164085,0.07687625288963318,-0.4110470712184906
1777498773280105472,-0.005460659042000771,0.07725761085748672,-0.4043281376361847
1777498773289994496,-0.005184554029256105,0.07767173647880554,-0.3975948989391327
1777498773299864064,-0.004895951598882675,0.07790592312812805,-0.3908567726612091
1777498773309721344,-0.004487916361540556,0.07819809764623642,-0.3840359449386597
1777498773319559168,-0.004182002041488886,0.07838540524244308,-0.3771354556083679
1777498773329378048,-0.003752063261345029,0.07859832048416138,-0.3701238632202148
1777498773339177728,-0.003501794068142772,0.07866848260164261,-0.3629930019378662
1777498773348958208,-0.003408465068787336,0.0786254033446312,-0.355706512928009
1777498773359184640,-0.003622486721724272,0.07855413109064102,-0.3482791781425476
1777498773369391616,-0.003933013882488012,0.07857882976531982,-0.3406897783279419
1777498773379578624,-0.004456772934645414,0.07865341007709503,-0.3330186307430267
1777498773389746688,-0.005131402052938938,0.07862638682126999,-0.3252385854721069
1777498773399895040,-0.00591815123334527,0.07857342064380646,-0.3173679411411285
1777498773410023680,-0.006699888501316309,0.07856777310371399,-0.309516966342926
1777498773420133120,-0.007604119833558798,0.07865568250417709,-0.301675945520401
1777498773430222848,-0.008444515056908131,0.07879704982042313,-0.2938776016235352
1777498773440293120,-0.009206888265907764,0.0789983794093132,-0.2861856818199158
1777498773450343936,-0.00952728558331728,0.07915767282247543,-0.2786391377449036
1777498773460374784,-0.009323946200311184,0.07926417142152786,-0.2712837159633636
1777498773470388480,-0.008890200406312943,0.07928527891635895,-0.2640950679779053
1777498773480384256,-0.008241039700806141,0.07935605943202972,-0.2569860816001892
1777498773490360832,-0.007672643754631281,0.07970014959573746,-0.2499718517065048
1777498773500317696,-0.007221044972538948,0.08015307784080505,-0.2430436015129089
1777498773510255360,-0.006913505960255861,0.08062396943569183,-0.2361399382352829
1777498773520173824,-0.006628269795328379,0.08118530362844467,-0.2292198836803436
1777498773530072832,-0.006628782488405704,0.08156702667474747,-0.2222919464111328
1777498773539952384,-0.006691951304674149,0.08225966244935989,-0.2153948396444321
1777498773549812992,-0.006859353743493557,0.08292799443006516,-0.2086212188005447
1777498773559655168,-0.007182239089161158,0.08377326279878616,-0.2019175738096237
1777498773569478144,-0.007610775995999575,0.08456475287675858,-0.1952721029520035
1777498773579282176,-0.008147778920829296,0.08541694283485413,-0.1887123137712479
1777498773589066496,-0.008630337193608284,0.08636488020420074,-0.182267814874649
1777498773599067136,-0.009423064067959785,0.08739209175109863,-0.1759287714958191
1777498773609283328,-0.01042354479432106,0.08867612481117249,-0.1697047054767609
1777498773619479552,-0.01109073311090469,0.09007501602172852,-0.1636032909154892
1777498773629656320,-0.01178458426147699,0.09147956222295761,-0.1576182395219803
1777498773639813632,-0.01251677423715591,0.09264513850212097,-0.1516631990671158
1777498773649952512,-0.01322317402809858,0.09399024397134781,-0.14578877389431
1777498773660072192,-0.01405353657901287,0.09568730741739273,-0.1399624943733215
1777498773670172416,-0.01493701059371233,0.09763322770595551,-0.1341538578271866
1777498773680252928,-0.01555619761347771,0.09933102875947952,-0.1282091438770294
1777498773690314240,-0.01610773801803589,0.1007557287812233,-0.1223079189658165
1777498773700356096,-0.01700963079929352,0.1021130532026291,-0.1165518015623093
1777498773710378240,-0.01731825619935989,0.1039361283183098,-0.1109376326203346
1777498773720380928,-0.01750102266669273,0.1056729927659035,-0.1054815277457237
1777498773730364672,-0.01787360012531281,0.1069429069757462,-0.1003299430012703
1777498773740328960,-0.01799132488667965,0.1083752438426018,-0.09549246728420258
1777498773750273536,-0.01736338250339031,0.1106494888663292,-0.0908573642373085
1777498773760198912,-0.01761971414089203,0.1113171800971031,-0.08625556528568268
1777498773770105088,-0.01778441481292248,0.1120941415429115,-0.0816483199596405
1777498773779997440,-0.01744663342833519,0.1129008755087852,-0.07703235000371933
1777498773789870592,-0.01653153263032436,0.1141131371259689,-0.07250312715768814
1777498773799724800,-0.01517664268612862,0.1151939705014229,-0.06812667101621628
1777498773809559552,-0.01457031350582838,0.1155158802866936,-0.06380430608987808
1777498773819375616,-0.01430250331759453,0.1157141774892807,-0.05957386270165443
1777498773829172224,-0.01398112904280424,0.1159439086914062,-0.05567684769630432
1777498773839179008,-0.01318750251084566,0.1165385544300079,-0.05203231424093246
1777498773849395456,-0.01257068663835526,0.116868644952774,-0.04851434007287025
1777498773859591936,-0.01146615855395794,0.1171027198433876,-0.04520292207598686
1777498773869769216,-0.01057710871100426,0.1168120875954628,-0.04215500876307487
1777498773879927552,-0.009779341518878937,0.1168330460786819,-0.03937661275267601
1777498773890066176,-0.009034198708832264,0.1169026494026184,-0.03685156255960464
1777498773900185088,-0.00865635834634304,0.1170422956347466,-0.03438178449869156
1777498773910284544,-0.008175000548362732,0.1170819774270058,-0.03191031143069267
1777498773920364544,-0.00782880000770092,0.1174568757414818,-0.02941973879933357
1777498773930425088,-0.007165493909269571,0.1180932745337486,-0.02687719650566578
1777498773940466432,-0.006533463019877672,0.1188671514391899,-0.02425109222531319
1777498773950488576,-0.006340575870126486,0.1192066967487335,-0.02150965481996536
1777498773960493824,-0.006518763024359941,0.1195269227027893,-0.01891748420894146
1777498773970479872,-0.006662509404122829,0.1202207654714584,-0.01651979610323906
1777498773980446720,-0.006174275185912848,0.121473491191864,-0.01440070010721684
1777498773990394112,-0.006378696765750647,0.12213234603405,-0.01260174997150898
1777498774000322560,-0.006767065264284611,0.1230096966028214,-0.01090540550649166
1777498774010231808,-0.006977708544582129,0.1238099485635757,-0.009134626947343349
1777498774020121856,-0.006675628945231438,0.1254188716411591,-0.007471296004951
1777498774029992448,-0.00638568727299571,0.1263184994459152,-0.005978926084935665
1777498774039844864,-0.005919792223721743,0.127193808555603,-0.004680730402469635
1777498774049677568,-0.005318581126630306,0.127808541059494,-0.003508974332362413
1777498774059491584,-0.004536517430096865,0.1294234395027161,-0.002528381068259478
1777498774069286400,-0.003347563557326794,0.1310514807701111,-0.001780012156814337
1777498774079292928,-0.002100702142342925,0.1329334378242493,-0.001184105174615979
1777498774089510656,-0.0009101772448047996,0.1342073529958725,-0.0005957567482255399
1777498774099708416,0.0002381036028964445,0.1353581696748734,-0.000130995933432132
1777498774109887488,0.001102117006666958,0.1366671621799469,0.0003260252997279167
1777498774120047104,0.002018458908423781,0.1381382197141647,0.0008774761226959527
1777498774130187008,0.002270940691232681,0.1397336572408676,0.001623962889425457
1777498774140307200,0.002449870575219393,0.140929251909256,0.002505618846043944
1777498774150407936,0.002418015385046601,0.1422207057476044,0.003367741825059056
1777498774160488960,0.002150200307369232,0.1433560103178024,0.004244841169565916
1777498774170550528,0.001754588913172483,0.1451084762811661,0.005084590055048466
1777498774180592640,0.00154600094538182,0.1466882228851318,0.005920888856053352
1777498774190617344,0.001507176202721894,0.1477339565753937,0.00679688761010766
1777498774200622592,0.001137289335019886,0.148173987865448,0.007724199909716845
1777498774210608640,0.0007181346300058067,0.1487158983945847,0.008657827973365784
1777498774220575232,0.0006071405368857086,0.1500354558229446,0.009478073567152023
1777498774230523136,0.0008242751937359571,0.1516508460044861,0.01029432564973831
1777498774240451584,0.0005684206844307482,0.1528757661581039,0.01104816608130932
1777498774250361600,0.0002122561709256843,0.1537351161241531,0.01182102784514427
1777498774260252416,0.0004603466659318656,0.1543842405080795,0.01255895756185055
1777498774270124544,0.0006336883525364101,0.1551468670368195,0.01319667883217335
1777498774279977728,0.0005954076768830419,0.1558546721935272,0.01384532451629639
1777498774289811456,0.0002478993264958262,0.1572070270776749,0.01443145237863064
1777498774299626240,0.0009456119150854647,0.158609002828598,0.01508053485304117
1777498774309422080,0.001474077464081347,0.1592211574316025,0.01564729586243629
1777498774319198464,0.00134364259429276,0.1598697751760483,0.01624143123626709
1777498774329417472,0.001393766375258565,0.160963237285614,0.01685772836208344
1777498774339616768,0.001894938759505749,0.162651002407074,0.01739062368869781
1777498774349796096,0.002471996936947107,0.1633627861738205,0.01794821582734585
1777498774359956992,0.002163035795092583,0.163433626294136,0.01875449530780315
1777498774370098176,0.001948799355886877,0.1640835255384445,0.0197047907859087
1777498774380219392,0.002126812003552914,0.1654527932405472,0.02052742429077625
1777498774390321408,0.002272207057103515,0.1670806258916855,0.0211949460208416
1777498774400403968,0.002148061292245984,0.1681172102689743,0.02197185531258583
1777498774410467584,0.002015699632465839,0.1686789840459824,0.02289285697042942
1777498774420511488,0.002116661285981536,0.169102281332016,0.02386479079723358
1777498774430535936,0.001940599060617387,0.1700066477060318,0.02471376024186611
1777498774440543232,0.001793426694348454,0.1712899804115295,0.02567785233259201
1777498774450532608,0.00238816044293344,0.1724801659584045,0.02668264880776405
1777498774460502784,0.002815026324242353,0.1729944348335266,0.02748765796422958
1777498774470453248,0.00309835048392415,0.1739659607410431,0.02803806029260159
1777498774480384512,0.003564695362001657,0.1754662990570068,0.0283457338809967
1777498774490296064,0.003746971487998962,0.1775793731212616,0.02844156511127949
1777498774500188416,0.003964572213590145,0.1790010780096054,0.02872467041015625
1777498774510061568,0.003167538205161691,0.1795522719621658,0.02921872027218342
1777498774519915776,0.003096009138971567,0.1808169037103653,0.02995039150118828
1777498774529751040,0.004089165013283491,0.1827601194381714,0.03058218769729137
1777498774539567104,0.004377481061965227,0.1852954179048538,0.03102055750787258
1777498774549363712,0.004249934572726488,0.1867057234048843,0.03136809542775154
1777498774559141120,0.004218869376927614,0.1878203004598618,0.03175421804189682
1777498774569361152,0.004538192413747311,0.188480868935585,0.03232716396450996
1777498774579561216,0.003940816968679428,0.1894296705722809,0.03262756392359734
1777498774589741312,0.00260232063010335,0.1893971264362335,0.03311125189065933
1777498774599901440,0.003984167706221342,0.1908536851406097,0.03416721895337105
1777498774610043648,0.002966249594464898,0.1895486265420914,0.03460338711738586
1777498774620165888,0.001332993619143963,0.1870401054620743,0.03491492569446564
1777498774630268416,0.0006930183153599501,0.1870026886463165,0.03624660894274712
1777498774640351488,0.0002988511987496167,0.1878162175416946,0.03758665546774864
1777498774650415360,2.801065602398012e-05,0.1879588812589645,0.03852508589625359
1777498774660459520,-0.001102496753446758,0.1874605268239975,0.03915846347808838
1777498774670483968,-0.001621745061129332,0.1876543313264847,0.03973043337464333
1777498774680489216,-0.00151253561489284,0.1883745193481445,0.04004811495542526
1777498774690475520,-0.001098720240406692,0.1889750361442566,0.04033859819173813
1777498774700442368,-0.0007461413042619824,0.1883287727832794,0.04077963531017303
1777498774710389504,-0.0009043226018548012,0.1873802244663239,0.04138109460473061
1777498774720317440,-0.001011632266454399,0.187099814414978,0.04221999645233154
1777498774730225920,-0.0005344945238903165,0.1875270158052444,0.04312226176261902
1777498774740115200,-0.000381127028958872,0.187421977519989,0.04409567266702652
1777498774749985280,-0.001165212830528617,0.1865227371454239,0.0452411100268364
1777498774759839488,-0.00178991281427443,0.185732364654541,0.04632097110152245
1777498774769677824,-0.002197173191234469,0.1854177415370941,0.04718196019530296
1777498774779496960,-0.002644576132297516,0.1850466877222061,0.04777934402227402
1777498774789296896,-0.003444307018071413,0.1841690689325333,0.04827737063169479
1777498774799078144,-0.004069092217832804,0.1831167042255402,0.04863434657454491
1777498774809304320,-0.004306274000555277,0.1819859892129898,0.04885166138410568
1777498774819510528,-0.004358634818345308,0.1810567378997803,0.04892493784427643
1777498774829696768,-0.004256091546267271,0.1797486692667007,0.0488542802631855
1777498774839863040,-0.003895868780091405,0.1783584207296371,0.04858779534697533
1777498774850010880,-0.003425061004236341,0.1766738295555115,0.04806963726878166
1777498774860139264,-0.002891274867579341,0.1751332730054855,0.04739256575703621
1777498774870247680,-0.002396774711087346,0.1735260933637619,0.04658980667591095
1777498774880336640,-0.001877123955637217,0.172076016664505,0.04563921317458153
1777498774890406144,-0.001529113738797605,0.1704228073358536,0.04462416097521782
1777498774900455936,-0.001311360625550151,0.1687677949666977,0.04354134947061539
1777498774910486016,-0.001365281059406698,0.166948065161705,0.04241805151104927
1777498774920496384,-0.00148115074262023,0.164996013045311,0.04125009104609489
1777498774930487808,-0.001697866711765528,0.1632054150104523,0.03998735919594765
1777498774940459776,-0.0019928771071136,0.1612676233053207,0.03853809833526611
1777498774950412288,-0.002190971048548818,0.1593866646289825,0.03694653511047363
1777498774960345088,-0.002445406978949904,0.1574810743331909,0.03522880002856255
1777498774970258688,-0.002458512550219893,0.1557634770870209,0.03340984508395195
1777498774980152832,-0.002185536781325936,0.1541875153779984,0.03158053755760193
1777498774990027520,-0.001717195031233132,0.1526146084070206,0.02968958951532841
1777498774999882752,-0.001089029363356531,0.1509466618299484,0.02776871621608734
1777498775009723392,-0.0004493142478168011,0.1492486596107483,0.02574687264859676
1777498775019548416,0.000268244300968945,0.14775750041008,0.02370459958910942
1777498775029353984,0.0008051325567066669,0.146430566906929,0.02167883142828941
1777498775039140352,0.00133288383949548,0.1453548520803452,0.01966621354222298
1777498775049141504,0.001892434316687286,0.1444836854934692,0.01770694553852081
1777498775059356928,0.002512507140636444,0.1437319666147232,0.01576258800923824
1777498775069552640,0.003127252450212836,0.1428729146718979,0.01397271081805229
1777498775079728640,0.003384777577593923,0.1418434977531433,0.01234922278672457
1777498775089884672,0.00353481899946928,0.1409199684858322,0.01094105187803507
1777498775100021248,0.003424695460125804,0.1402733027935028,0.00975359883159399
1777498775110138880,0.00320329493843019,0.1399846822023392,0.00870402529835701
1777498775120237824,0.003077528672292829,0.1396796852350235,0.007846166379749775
1777498775130317056,0.002635197481140494,0.1391598284244537,0.007119562011212111
1777498775140376832,0.001997254556044936,0.1386411935091019,0.006578418891876936
1777498775150417152,0.001524902647361159,0.1383750587701797,0.00613464554771781
1777498775160437760,0.0010963847162202,0.1382548063993454,0.00575669202953577
1777498775170438912,0.0008224753546528518,0.1379200369119644,0.005445417948067188
1777498775180420608,0.0005324435187503695,0.1373567283153534,0.005255639553070068
1777498775190383104,0.0002488153695594519,0.1369458884000778,0.00516841746866703
1777498775200326400,0.0001962911483133212,0.1365928053855896,0.005179572384804487
1777498775210250496,0.0002441464748699218,0.13616643846035,0.005244281142950058
1777498775220154880,0.0002219537418568507,0.1352881491184235,0.005448047537356615
1777498775230040064,0.0001668326003709808,0.1342537403106689,0.005749736912548542
1777498775239906048,0.000262246816419065,0.1332762092351913,0.006089130882173777
1777498775249752576,0.0003814822703134269,0.1322087645530701,0.006455062888562679
1777498775259580160,0.0004687699838541448,0.1308088451623917,0.006918046623468399
1777498775269388800,0.0003107313823420554,0.1290950775146484,0.007446344010531902
1777498775279179264,-3.869493957608938e-05,0.1272270381450653,0.008119222708046436
1777498775289183232,-0.0004422105848789215,0.1253396570682526,0.008856727741658688
1777498775299399936,-0.0009807003661990166,0.1232620254158974,0.009741272777318954
1777498775309596928,-0.001808358472771943,0.1210225597023964,0.01066972594708204
1777498775319774464,-0.002594124991446733,0.1185534596443176,0.01162008009850979
1777498775329932800,-0.003233740571886301,0.1161549612879753,0.01251263078302145
1777498775340071168,-0.003786069573834538,0.1137072667479515,0.01331555098295212
1777498775350189824,-0.004182599484920502,0.1111422032117844,0.01402706187218428
1777498775360289280,-0.004138223361223936,0.1087274700403214,0.01466629281640053
1777498775370371328,-0.003833187511190772,0.1062110811471939,0.01529313065111637
1777498775380433920,-0.003447942202910781,0.1037573143839836,0.01584735326468945
1777498775390477312,-0.002894992474466562,0.1013169586658478,0.01635094918310642
1777498775400500992,-0.002401592442765832,0.09894721955060959,0.0168034415692091
1777498775410505728,-0.002121677622199059,0.09684565663337708,0.01722481660544872
1777498775420491008,-0.002118558157235384,0.09489484131336212,0.0176570750772953
1777498775430456576,-0.002071243245154619,0.09304262697696686,0.01813504099845886
1777498775440403456,-0.002098981058225036,0.09114495664834976,0.01858261041343212
1777498775450331392,-0.00250865938141942,0.08914300799369812,0.01902449689805508
1777498775460240128,-0.00306270900182426,0.08748083561658859,0.01948284544050694
1777498775470129664,-0.003801582381129265,0.08604959398508072,0.01994466781616211
1777498775479999488,-0.004490356426686049,0.08486932516098022,0.02039626426994801
1777498775489850112,-0.004780035000294447,0.08376092463731766,0.02084717899560928
1777498775499681536,-0.004890444688498974,0.08269794285297394,0.0212138406932354
1777498775509493760,-0.004724514670670033,0.08141770958900452,0.02130969054996967
1777498775519286784,-0.004343230742961168,0.08033723384141922,0.02116715908050537
1777498775529292800,-0.004088881891220808,0.07936836779117584,0.02087789587676525
1777498775539509760,-0.00355841894634068,0.07885996252298355,0.02046864107251167
1777498775549706752,-0.003022805321961641,0.07844915986061096,0.0200673658400774
1777498775559885056,-0.002697179326787591,0.07795870304107666,0.01978627592325211
1777498775570043648,-0.002374232513830066,0.07770834118127823,0.01957782171666622
1777498775580182272,-0.002234509214758873,0.07756656408309937,0.01946693658828735
1777498775590301184,-0.002107633277773857,0.07748715579509735,0.01930049806833267
1777498775600400384,-0.002026894129812717,0.07737784832715988,0.01906309276819229
1777498775610479872,-0.002222765935584903,0.07723353803157806,0.01881273649632931
1777498775620539648,-0.002369093243032694,0.07739697396755219,0.01852192729711533
1777498775630579968,-0.002558957319706678,0.07747846096754074,0.01826011948287487
1777498775640601088,-0.00311109540052712,0.07749905437231064,0.01800500229001045
1777498775650604032,-0.004249707795679569,0.0772879496216774,0.01782573573291302
1777498775660589568,-0.005186553113162518,0.07739061862230301,0.01763738691806793
1777498775670555648,-0.005919991061091423,0.07732279598712921,0.01744134165346622
1777498775680502016,-0.006618029437959194,0.07706832140684128,0.01714527234435081
1777498775690429440,-0.006990460213273764,0.07658933103084564,0.01668177545070648
1777498775700337664,-0.006991375703364611,0.07625406235456467,0.01606234163045883
1777498775710226432,-0.006534993182867765,0.07598876953125,0.0152322668582201
1777498775720095488,-0.006052915938198566,0.07558754831552505,0.01423421688377857
1777498775729945856,-0.005527728702872992,0.07486353069543839,0.01314306072890759
1777498775739777024,-0.004973154515028,0.0740804523229599,0.01197697408497334
1777498775749589248,-0.004695259034633636,0.07320410013198853,0.0108161261305213
1777498775759382016,-0.004592754878103733,0.07243394106626511,0.009623735211789608
1777498775769155840,-0.004671217873692513,0.07159566879272461,0.008517387323081493
1777498775779374336,-0.004901325330138206,0.07066355645656586,0.007454982027411461
1777498775789573120,-0.005081862211227417,0.06982346624135971,0.0064138388261199
1777498775799752192,-0.005223947111517191,0.06907825917005539,0.005332736764103174
1777498775809911808,-0.005205120425671339,0.06851639598608017,0.00416487455368042
1777498775820051456,-0.005346132442355156,0.06788719445466995,0.00294015253894031
1777498775830171392,-0.005430516321212053,0.06730592995882034,0.001669766148552299
1777498775840271616,-0.005333009175956249,0.06673464924097061,0.0004504964454099536
1777498775850352128,-0.00538964569568634,0.06638059765100479,-0.0007208131719380617
1777498775860416256,-0.005370571743696928,0.06598120927810669,-0.001869456958957016
1777498775870461440,-0.005081185139715672,0.06582638621330261,-0.002989151747897267
1777498775880486912,-0.004755510482937098,0.06548598408699036,-0.004147278144955635
1777498775890493184,-0.004179874900728464,0.06523449718952179,-0.005303311627358198
1777498775900481024,-0.003740177722647786,0.06514251232147217,-0.006467139814049006
1777498775910449152,-0.00352107547223568,0.06519383192062378,-0.007649171631783247
1777498775920398080,-0.003529038745909929,0.06541038304567337,-0.008780649863183498
1777498775930327552,-0.003411701181903481,0.06549008190631866,-0.009662147611379623
1777498775940238592,-0.003594457171857357,0.06523127853870392,-0.01032415125519037
1777498775950130432,-0.004032792523503304,0.06503239274024963,-0.01090850681066513
1777498775960002816,-0.00434818584471941,0.06525513529777527,-0.01148115750402212
1777498775969856000,-0.004517906811088324,0.06559407711029053,-0.01209239009767771
1777498775979690240,-0.004829027689993382,0.06555785238742828,-0.01270695310086012
1777498775989505280,-0.005161737091839314,0.06553356349468231,-0.01327899005264044
1777498775999300864,-0.005483546759933233,0.06564571708440781,-0.0139665650203824
1777498776009077760,-0.005652210675179958,0.06601449102163315,-0.01472538709640503
1777498776019298048,-0.005562393460422754,0.0663800910115242,-0.01545559521764517
1777498776029498368,-0.005661286879330873,0.06658553332090378,-0.01604396104812622
1777498776039678976,-0.00603288970887661,0.0666593462228775,-0.01657341979444027
1777498776049840896,-0.005920325871556997,0.06692099571228027,-0.01703678630292416
1777498776059983104,-0.005851596128195524,0.06729843467473984,-0.01761425845324993
1777498776070105344,-0.005743163637816906,0.06731168180704117,-0.01820083148777485
1777498776080208128,-0.005495717283338308,0.06746955215930939,-0.01883525773882866
1777498776090290944,-0.005099416244775057,0.0676448717713356,-0.01947144977748394
1777498776100354304,-0.004695857875049114,0.06786120682954788,-0.0202497523277998
1777498776110398208,-0.004210458602756262,0.06800184398889542,-0.0210530199110508
1777498776120422912,-0.003910948988050222,0.06803349405527115,-0.02172712795436382
1777498776130428928,-0.003777590347453952,0.06794019043445587,-0.02225981093943119
1777498776140417024,-0.003851297777146101,0.06794828176498413,-0.02261601202189922
1777498776150387456,-0.003898477181792259,0.0677829310297966,-0.02289952337741852
1777498776160339456,-0.004101379308849573,0.06759236007928848,-0.02315378375351429
1777498776170272000,-0.004504942800849676,0.06734891980886459,-0.0233880840241909
1777498776180185344,-0.004926583264023066,0.06722106784582138,-0.02361580543220043
1777498776190079488,-0.005380210932344198,0.06721795350313187,-0.0238507054746151
1777498776199954176,-0.005914324428886175,0.06701305508613586,-0.0240968856960535
1777498776209809664,-0.006496790796518326,0.06686127185821533,-0.02432947047054768
1777498776219646464,-0.007106574717909098,0.06653048098087311,-0.02452201023697853
1777498776229464064,-0.007483735214918852,0.06641301512718201,-0.02475517615675926
1777498776239262720,-0.007560280617326498,0.06609490513801575,-0.02503758668899536
1777498776249042176,-0.007412872277200222,0.0659039318561554,-0.02542365901172161
1777498776259268352,-0.00697500491514802,0.06562553346157074,-0.02589079365134239
1777498776269474816,-0.006573691498488188,0.06550085544586182,-0.02646881155669689
1777498776279661312,-0.00612171646207571,0.06542684882879257,-0.02711927890777588
1777498776289828352,-0.005714671686291695,0.06529928743839264,-0.02776659093797207
1777498776299976192,-0.005355071276426315,0.06515531986951828,-0.02842552401125431
1777498776310104576,-0.004948650952428579,0.06487229466438293,-0.02902307733893394
1777498776320212992,-0.004826094955205917,0.06472984701395035,-0.02962987311184406
1777498776330301952,-0.004741146229207516,0.06474756449460983,-0.03021426312625408
1777498776340371200,-0.004766383208334446,0.06475618481636047,-0.03074047528207302
1777498776350420736,-0.004858842585235834,0.06492365151643753,-0.03121659159660339
1777498776360450816,-0.00489890668541193,0.06461205333471298,-0.03158034384250641
1777498776370461440,-0.004923124797642231,0.06431987881660461,-0.03187209740281105
1777498776380452608,-0.005069028120487928,0.06406975537538528,-0.03211354464292526
1777498776390424064,-0.005182960070669651,0.0643407329916954,-0.03242351859807968
1777498776400376064,-0.005081319250166416,0.06471388787031174,-0.03285808488726616
1777498776410308608,-0.00490273954346776,0.06479427218437195,-0.03328706696629524
1777498776420221440,-0.004939338192343712,0.0648055225610733,-0.03371550515294075
1777498776430115072,-0.005155954044312239,0.06483620405197144,-0.03399785235524178
1777498776439989248,-0.004995330236852169,0.06545323878526688,-0.03428131714463234
1777498776449844480,-0.004857216030359268,0.0656660795211792,-0.0345768928527832
1777498776459686912,-0.004941557534039021,0.0657581239938736,-0.03479950502514839
1777498776469510400,-0.005008863285183907,0.06569415330886841,-0.03506612032651901
1777498776479314432,-0.004943500738590956,0.06592247635126114,-0.03535188362002373
1777498776489099776,-0.004582785535603762,0.06620769947767258,-0.03574303537607193
1777498776499097088,-0.004316802602261305,0.06624375283718109,-0.03608010336756706
1777498776509305088,-0.00419540936127305,0.06613080203533173,-0.03636035695672035
1777498776519493376,-0.003963158931583166,0.06592497974634171,-0.03659959509968758
1777498776529661952,-0.003780718427151442,0.06578230112791061,-0.03680874779820442
1777498776539810816,-0.00367246731184423,0.06550644338130951,-0.03700356557965279
1777498776549940224,-0.003894228721037507,0.06499794125556946,-0.03709772974252701
1777498776560049920,-0.004286987241357565,0.06451082974672318,-0.03716019913554192
1777498776570139904,-0.004567591939121485,0.06400380283594131,-0.03714830055832863
1777498776580211712,-0.005089116748422384,0.06344666332006454,-0.037229273468256
1777498776590263808,-0.005422663874924183,0.06286024302244186,-0.03727725520730019
1777498776600296448,-0.005795729346573353,0.06224209815263748,-0.03731785714626312
1777498776610309632,-0.006127063650637865,0.06180669739842415,-0.03735475987195969
1777498776620303104,-0.006311682052910328,0.06131468340754509,-0.03731882199645042
1777498776630277120,-0.006549712736159563,0.06091225147247314,-0.03727343305945396
1777498776640232192,-0.006623630411922932,0.06035830080509186,-0.03728795424103737
1777498776650168320,-0.006731640547513962,0.05972109362483025,-0.03732506185770035
1777498776660085760,-0.006910904310643673,0.05933230742812157,-0.03740108385682106
1777498776669984000,-0.007238280493766069,0.05891308933496475,-0.0375136062502861
1777498776679862784,-0.00750186899676919,0.05869755521416664,-0.03768222406506538
1777498776689722624,-0.007761212531477213,0.05871352180838585,-0.03795481100678444
1777498776699563264,-0.008196484297513962,0.05861302465200424,-0.03824035078287125
1777498776709384960,-0.008494335226714611,0.05879084765911102,-0.03844518959522247
1777498776719187456,-0.008764182217419147,0.05901402980089188,-0.03850742056965828
1777498776728970752,-0.008947539143264294,0.05936874076724052,-0.0385390892624855
1777498776738971392,-0.009113549254834652,0.05970026552677155,-0.03870048001408577
1777498776749187840,-0.009050033986568451,0.06011828780174255,-0.03896423056721687
1777498776759384320,-0.008865890093147755,0.06082271039485931,-0.03935572877526283
1777498776769561600,-0.008527291938662529,0.06175874173641205,-0.03983550518751144
1777498776779719424,-0.008299085311591625,0.06286667287349701,-0.04048187285661697
1777498776789857536,-0.007868549786508083,0.06409914791584015,-0.04102621227502823
1777498776799975680,-0.006946804467588663,0.06538078933954239,-0.04147562012076378
1777498776810074624,-0.005837917327880859,0.06624090671539307,-0.04208222776651382
1777498776820153856,-0.005120291374623775,0.06672321259975433,-0.04277955368161201
1777498776830213376,-0.004489983431994915,0.06736718118190765,-0.04347064718604088
1777498776840254464,-0.003752842545509338,0.06809490919113159,-0.04406208917498589
1777498776850276352,-0.003503665328025818,0.06899312138557434,-0.04464753344655037
1777498776860279296,-0.003222304861992598,0.06952947378158569,-0.04510282725095749
1777498776870264832,-0.003093153471127152,0.06989479809999466,-0.04544851556420326
1777498776880231168,-0.003163398476317525,0.06995200365781784,-0.04573559015989304
1777498776890178048,-0.0033786257263273,0.06990425288677216,-0.04597309604287148
1777498776900105472,-0.003735750680789351,0.0698983371257782,-0.04622319713234901
1777498776910013440,-0.004074873402714729,0.06983105838298798,-0.04644058644771576
1777498776919902208,-0.004414428491145372,0.06952168047428131,-0.04660516977310181
1777498776929771776,-0.004972099326550961,0.06911221146583557,-0.04679702594876289
1777498776939622144,-0.005213973578065634,0.06845595687627792,-0.04697816446423531
1777498776949453312,-0.005206489469856024,0.06782665848731995,-0.04722858220338821
1777498776959265280,-0.005041548516601324,0.06702031940221786,-0.04752020165324211
1777498776969058048,-0.004633393138647079,0.06616004556417465,-0.04790925979614258
1777498776979063808,-0.00415961304679513,0.06516753137111664,-0.04838754236698151
1777498776989281792,-0.003695964347571135,0.06402847915887833,-0.0488998144865036
1777498776999479808,-0.003147847251966596,0.06276540458202362,-0.049443319439888
1777498777009658624,-0.00262399110943079,0.0615418404340744,-0.04983719810843468
1777498777019817984,-0.002388925990089774,0.0602610856294632,-0.05015401542186737
1777498777029958144,-0.002191092586144805,0.05894731357693672,-0.05042249336838722
1777498777040078336,-0.002197888679802418,0.05755487456917763,-0.05061235278844833
1777498777050179072,-0.00251011666841805,0.05608922243118286,-0.05074117705225945
1777498777060260096,-0.003002085955813527,0.05471424013376236,-0.05081280320882797
1777498777070321408,-0.003631316591054201,0.0533929206430912,-0.05086750537157059
1777498777080363264,-0.004211110528558493,0.05215620994567871,-0.0508231483399868
1777498777090385408,-0.004728948697447777,0.05062838643789291,-0.0507308691740036
1777498777100388608,-0.005242290440946817,0.04919704794883728,-0.05066394805908203
1777498777110372096,-0.005506954621523619,0.04780634492635727,-0.05061813816428185
1777498777120336128,-0.005751542747020721,0.04662699997425079,-0.05067244172096252
1777498777130280704,-0.005751544609665871,0.04553794488310814,-0.0507873147726059
1777498777140205824,-0.005337708629667759,0.04446385428309441,-0.0508873462677002
1777498777150117632,-0.004765321966260672,0.04352307319641113,-0.05104117095470428
1777498777160009984,-0.004296238534152508,0.04274244606494904,-0.05124320462346077
1777498777169883136,-0.003746493952348828,0.04223033785820007,-0.05153777822852135
1777498777179737088,-0.003139547072350979,0.04187872260808945,-0.05176013708114624
1777498777189571840,-0.00322652910836041,0.04144660010933876,-0.05182519927620888
1777498777199387648,-0.003353112610056996,0.04144110158085823,-0.05174786970019341
1777498777209184256,-0.003894518129527569,0.04173403978347778,-0.05157927796244621
1777498777218961664,-0.004370241425931454,0.04228818416595459,-0.05134695023298264
1777498777229180928,-0.00455183070152998,0.04243394359946251,-0.0510842464864254
1777498777239380480,-0.005109428428113461,0.04243462905287743,-0.05089391395449638
1777498777249560064,-0.005604719743132591,0.04279334098100662,-0.05085550993680954
1777498777259719936,-0.00558764860033989,0.04396706819534302,-0.05105194449424744
1777498777269861120,-0.005292680580168962,0.0453203096985817,-0.05140658095479012
1777498777279982336,-0.005043854471296072,0.04622724279761314,-0.05177390202879906
1777498777290084096,-0.004888426046818495,0.04688810929656029,-0.05197865888476372
1777498777300165888,-0.004708758555352688,0.04794894158840179,-0.05214062705636024
1777498777310228224,-0.004558861255645752,0.04921633377671242,-0.05238635838031769
1777498777320270848,-0.00438823364675045,0.05049490183591843,-0.05266411602497101
1777498777330293760,-0.004418266005814075,0.05159370973706245,-0.05294054001569748
1777498777340297472,-0.004627162124961615,0.0526689775288105,-0.05325096100568771
1777498777350281984,-0.004583456087857485,0.0538373664021492,-0.05367597937583923
1777498777360247296,-0.00446875998750329,0.05512600392103195,-0.05411152541637421
1777498777370193152,-0.004401502199470997,0.05610689520835876,-0.05455907061696053
1777498777380119552,-0.004337951075285673,0.05690300837159157,-0.05493699386715889
1777498777390026496,-0.004261805210262537,0.05767578631639481,-0.05532516539096832
1777498777399913984,-0.004189616069197655,0.0583793967962265,-0.05568408221006393
1777498777409782528,-0.004321371670812368,0.05901280790567398,-0.05599591881036758
1777498777419631616,-0.004603475797921419,0.05952123180031776,-0.05632412061095238
1777498777429468160,-0.00496663199737668,0.06011480093002319,-0.05667530745267868
1777498777439285760,-0.005282102152705193,0.06064467504620552,-0.05707542598247528
1777498777449084160,-0.005550495814532042,0.06104569882154465,-0.05744779482483864
1777498777458863872,-0.005640329327434301,0.06134134903550148,-0.0578475221991539
1777498777469089536,-0.005529919173568487,0.06162432581186295,-0.05832061544060707
1777498777479295232,-0.005378249101340771,0.06206696107983589,-0.05887115374207497
1777498777489480960,-0.004949658177793026,0.06231958419084549,-0.05945112183690071
1777498777499647232,-0.004642336163669825,0.06256047636270523,-0.06002595275640488
1777498777509794304,-0.004232302773743868,0.06265679746866226,-0.06059847772121429
1777498777519921920,-0.003877192502841353,0.06283670663833618,-0.06111985817551613
1777498777530029568,-0.00381049863062799,0.06304155290126801,-0.06159977987408638
1777498777540117760,-0.003613767679780722,0.06317324191331863,-0.06204089894890785
1777498777550186496,-0.003665898228064179,0.06329073756933212,-0.0625307634472847
1777498777560235520,-0.003693485865369439,0.06317505985498428,-0.06302347779273987
1777498777570264832,-0.003745838068425655,0.06315604597330093,-0.06346128135919571
1777498777580275456,-0.004009339027106762,0.06310971081256866,-0.06378336995840073
1777498777590266624,-0.00428632739931345,0.06326779723167419,-0.06405185908079147
1777498777600238080,-0.004697180818766356,0.06335857510566711,-0.06431196630001068
1777498777610190336,-0.005055208690464497,0.06333481520414352,-0.06455700844526291
1777498777620123136,-0.005750696640461683,0.06328157335519791,-0.06482275575399399
1777498777630036480,-0.006522609386593103,0.06333214789628983,-0.06505852192640305
1777498777639934208,-0.007173162419348955,0.06379902362823486,-0.06537482142448425
1777498777649815296,-0.007479061838239431,0.0643409937620163,-0.06569022685289383
1777498777659677440,-0.007182730361819267,0.06438982486724854,-0.06608310341835022
1777498777669520384,-0.006924391258507967,0.06405758112668991,-0.0665723979473114
1777498777679344640,-0.006573394872248173,0.06385832279920578,-0.06723476201295853
1777498777689149696,-0.005711178295314312,0.06443139165639877,-0.06809625029563904
1777498777698935552,-0.004618673585355282,0.06495912373065948,-0.06907980144023895
1777498777709161728,-0.00357676250860095,0.06513863056898117,-0.06994370371103287
1777498777719368192,-0.002838738728314638,0.06514619290828705,-0.07074595987796783
1777498777729555200,-0.00218897289596498,0.06525561213493347,-0.07151354849338531
1777498777739722496,-0.001553785987198353,0.06577976047992706,-0.07229647785425186
1777498777749870080,-0.001084853196516633,0.06620246171951294,-0.07297653704881668
1777498777759997440,-0.001041361480019987,0.06638937443494797,-0.0734306275844574
1777498777770105344,-0.001440946944057941,0.06650415807962418,-0.07372334599494934
1777498777780193792,-0.001955713611096144,0.0667785108089447,-0.07396826148033142
1777498777790262528,-0.002250049728900194,0.06712485104799271,-0.07421509921550751
1777498777800314880,-0.003014424350112677,0.06712073087692261,-0.07441586256027222
1777498777810347520,-0.003771938616409898,0.06702323257923126,-0.07458020746707916
1777498777820360960,-0.004406984895467758,0.06689540296792984,-0.07477261871099472
1777498777830354688,-0.004814713727682829,0.06701608747243881,-0.07508749514818192
1777498777840329216,-0.005209752824157476,0.06687080860137939,-0.07549256831407547
1777498777850284032,-0.00555766373872757,0.0668536052107811,-0.07596602290868759
1777498777860219648,-0.005343719385564327,0.06645335257053375,-0.07651097327470779
1777498777870135808,-0.004864480346441269,0.06608762592077255,-0.07707865536212921
1777498777880033024,-0.004112767521291971,0.06537622958421707,-0.07764232903718948
1777498777889911040,-0.003558419877663255,0.06463596224784851,-0.07824422419071198
1777498777899769856,-0.003069015219807625,0.06417021155357361,-0.07891646027565002
1777498777909609216,-0.002349176444113255,0.0635722354054451,-0.07963430881500244
1777498777919429632,-0.001823645550757647,0.06305362284183502,-0.08033936470746994
1777498777929231104,-0.001461902749724686,0.06210660561919212,-0.08093941956758499
1777498777939013120,-0.001270948210731149,0.06147545948624611,-0.08143695443868637
1777498777949248768,-0.001149239600636065,0.06081384047865868,-0.08180397003889084
1777498777959464448,-0.00137100275605917,0.06032641604542732,-0.08204586058855057
1777498777969660672,-0.001817766577005386,0.05955643951892853,-0.08210640400648117
1777498777979837184,-0.002404406666755676,0.05904024466872215,-0.08203501999378204
1777498777989994240,-0.003210946917533875,0.05853207409381866,-0.08189021795988083
1777498778000131584,-0.00401092367246747,0.05833901464939117,-0.08174561709165573
1777498778010250496,-0.004799788352102041,0.05815140902996063,-0.08156527578830719
1777498778020349696,-0.005577619653195143,0.05815825611352921,-0.0813402384519577
1777498778030429184,-0.006145453546196222,0.05821822583675385,-0.08112832903862
1777498778040488960,-0.006531677674502134,0.05835704132914543,-0.08100643754005432
1777498778050529536,-0.007234305143356323,0.05849839746952057,-0.08096642047166824
1777498778060550400,-0.00759219890460372,0.05889523401856422,-0.08096589148044586
1777498778070551552,-0.007738498505204916,0.05942520126700401,-0.08097866922616959
1777498778080532736,-0.007728890050202608,0.05992832034826279,-0.08099028468132019
1777498778090494976,-0.007325032260268927,0.06040941551327705,-0.08097295463085175
1777498778100437760,-0.006577845197170973,0.06076598912477493,-0.08106454461812973
1777498778110361344,-0.005813239142298698,0.06116115301847458,-0.081366166472435
1777498778120265728,-0.005083811469376087,0.06152234598994255,-0.08186351507902145
1777498778130150400,-0.004226732533425093,0.06206011027097702,-0.08236042410135269
1777498778140015616,-0.003461447078734636,0.06255169957876205,-0.08292576670646667
1777498778149861632,-0.002749029779806733,0.06295286864042282,-0.08337671309709549
1777498778159688192,-0.002202340168878436,0.0631740391254425,-0.08371935039758682
1777498778169496320,-0.001880875672213733,0.06341349333524704,-0.0839662104845047
1777498778179285504,-0.001724826521240175,0.06351643800735474,-0.08409770578145981
1777498778189288704,-0.001710236887447536,0.06361198425292969,-0.0842091366648674
1777498778199505920,-0.001780385267920792,0.06356800347566605,-0.08424919098615646
1777498778209703424,-0.002123330952599645,0.06365723162889481,-0.0843060240149498
1777498778219881472,-0.002339985221624374,0.06373420357704163,-0.08435695618391037
1777498778230039808,-0.002637672005221248,0.06382039189338684,-0.0844549834728241
1777498778240178432,-0.003026515012606978,0.06369870156049728,-0.08455502241849899
1777498778250297344,-0.003070446429774165,0.06346653401851654,-0.08451376110315323
1777498778260396800,-0.003327724523842335,0.06334732472896576,-0.08442404866218567
1777498778270476544,-0.003499517217278481,0.06321687996387482,-0.08435588330030441
1777498778280536576,-0.003412537509575486,0.06310377269983292,-0.08434820175170898
1777498778290576896,-0.003336868481710553,0.06283923983573914,-0.08439409732818604
1777498778300601344,-0.00342079671099782,0.0625019371509552,-0.08447334915399551
1777498778310606336,-0.003336705500259995,0.0622435137629509,-0.08455975353717804
1777498778320591872,-0.003118698019534349,0.06189713627099991,-0.08466234058141708
1777498778330557952,-0.002956377575173974,0.06151957437396049,-0.08476249128580093
1777498778340504832,-0.002818961627781391,0.06094351410865784,-0.0848601907491684
1777498778350432000,-0.002681039273738861,0.0605928860604763,-0.08495543897151947
1777498778360339968,-0.002553537022322416,0.06010007858276367,-0.08504617214202881
1777498778370228224,-0.002647088607773185,0.05964476615190506,-0.08507821708917618
1777498778380097792,-0.002763040363788605,0.05897914618253708,-0.08507107198238373
1777498778389947904,-0.002738947281613946,0.0582963190972805,-0.08505230396986008
1777498778399779072,-0.002746473532170057,0.05757792294025421,-0.08507920056581497
1777498778409590528,-0.002614323515444994,0.0567891001701355,-0.08511478453874588
1777498778419382784,-0.002392781432718039,0.05607510358095169,-0.08517000079154968
1777498778429388288,-0.002242368645966053,0.05531090497970581,-0.08528910577297211
1777498778439606016,-0.001966587733477354,0.05466826260089874,-0.08544596284627914
1777498778449804288,-0.001707433606497943,0.05402756482362747,-0.0855412483215332
1777498778459982848,-0.001623694319278002,0.05334288999438286,-0.08558733016252518
1777498778470141696,-0.001551918219774961,0.05265075713396072,-0.0854761153459549
1777498778480280576,-0.001708615687675774,0.05199142545461655,-0.08526570349931717
1777498778490400000,-0.001975107006728649,0.05135191977024078,-0.08507563918828964
1777498778500499712,-0.002347253262996674,0.05072971060872078,-0.08482852578163147
1777498778510579968,-0.002733025699853897,0.05021460354328156,-0.08456551283597946
1777498778520640768,-0.003311821492388844,0.04978368431329727,-0.08425864577293396
1777498778530685440,-0.004181080032140017,0.04941669851541519,-0.08393979072570801
1777498778540710400,-0.004937921650707722,0.04966600984334946,-0.08351940661668777
1777498778550716160,-0.005193461664021015,0.04962199181318283,-0.0831332728266716
1777498778560702464,-0.005595228169113398,0.04907919839024544,-0.08287952095270157
1777498778570669568,-0.006805215496569872,0.04835371673107147,-0.08271103352308273
1777498778580616960,-0.007307769265025854,0.04847314208745956,-0.08263611793518066
1777498778590545408,-0.00718962587416172,0.04902328923344612,-0.0827023833990097
1777498778600454400,-0.007375475950539112,0.04919833317399025,-0.08274312317371368
1777498778610343936,-0.007559331599622965,0.04927641898393631,-0.0828368067741394
1777498778620215040,-0.007133860606700182,0.04960396513342857,-0.08295185118913651
1777498778630066688,-0.006654772441834211,0.05022607743740082,-0.08328330516815186
1777498778639899136,-0.005855241790413857,0.05075856298208237,-0.08373244106769562
1777498778649712128,-0.004902706481516361,0.05122201889753342,-0.08420568704605103
1777498778659506432,-0.00410253694280982,0.05195718258619308,-0.08473044633865356
1777498778669281792,-0.003116380423307419,0.05267193540930748,-0.08528546243906021
1777498778679500544,-0.00211524311453104,0.05362605303525925,-0.08581466227769852
1777498778689699584,-0.001457634381949902,0.05420889332890511,-0.0861043855547905
1777498778699879168,-0.001204231288284063,0.05496910586953163,-0.08625208586454391
1777498778710039296,-0.0009755055070854723,0.05578197166323662,-0.08623580634593964
1777498778720180224,-0.0008521375712007284,0.05677501112222672,-0.08607138693332672
1777498778730301440,-0.001003555371426046,0.0578589178621769,-0.08581031113862991
1777498778740402944,-0.001487968605943024,0.05876955762505531,-0.08550766855478287
1777498778750485248,-0.001797943725250661,0.05982296168804169,-0.08516526967287064
1777498778760547840,-0.002074097516015172,0.06074836477637291,-0.08473806083202362
1777498778770590720,-0.002610682277008891,0.06173985451459885,-0.08420426398515701
1777498778780615936,-0.003109309356659651,0.06266184151172638,-0.08355698734521866
1777498778790623232,-0.003429092466831207,0.06348880380392075,-0.08287181705236435
1777498778800611328,-0.0038173773791641,0.06404435634613037,-0.08215629309415817
1777498778810579968,-0.004394502844661474,0.06459171324968338,-0.08138693124055862
1777498778820529408,-0.004907907918095589,0.06538718193769455,-0.08064825832843781
1777498778830459136,-0.004916300065815449,0.06604188680648804,-0.08001261949539185
1777498778840369664,-0.004922841209918261,0.06636796146631241,-0.07944661378860474
1777498778850260736,-0.004913265351206064,0.06632477045059204,-0.07875808328390121
1777498778860132864,-0.004603812005370855,0.06620776653289795,-0.07801398634910583
1777498778869986048,-0.004209710750728846,0.06606258451938629,-0.07727599889039993
1777498778879819776,-0.003778244834393263,0.06575965136289597,-0.07649670541286469
1777498778889634048,-0.003353983862325549,0.06525551527738571,-0.0757019966840744
1777498778899429376,-0.003214297583326697,0.06464765965938568,-0.07486998289823532
1777498778909205504,-0.003179760184139013,0.0637889951467514,-0.0738665759563446
1777498778919425024,-0.003384099807590246,0.06298750638961792,-0.07275953143835068
1777498778929624832,-0.003683647140860558,0.06204233318567276,-0.07154196500778198
1777498778939804928,-0.003939648158848286,0.06096745282411575,-0.07028158009052277
1777498778949966080,-0.004465631674975157,0.05992551892995834,-0.06901372224092484
1777498778960107264,-0.004866070114076138,0.05885282158851624,-0.06768186390399933
1777498778970228992,-0.005503914318978786,0.05775373056530952,-0.06631426513195038
1777498778980330752,-0.005972699262201786,0.05686702951788902,-0.06480006128549576
1777498778990413056,-0.005866564344614744,0.05581578239798546,-0.06321623921394348
1777498779000475392,-0.005768544040620327,0.05461683869361877,-0.0618094801902771
1777498779010518272,-0.005581945646554232,0.05326762050390244,-0.06069599837064743
1777498779020541696,-0.005026641767472029,0.05253522843122482,-0.0597592294216156
1777498779030545664,-0.004144758451730013,0.05183831974864006,-0.0589047409594059
1777498779040530176,-0.003552507143467665,0.05122863128781319,-0.05803824588656425
1777498779050494976,-0.00318498257547617,0.05053158849477768,-0.05710111930966377
1777498779060440320,-0.002932225586846471,0.05023809522390366,-0.05595673993229866
1777498779070366464,-0.002643048297613859,0.05027078464627266,-0.05460402742028236
1777498779080277248,-0.002511404454708099,0.05002332851290703,-0.05309291183948517
1777498779090168832,-0.002849503653123975,0.04959962517023087,-0.05160587280988693
1777498779100041216,-0.003281159093603492,0.04931965470314026,-0.0501568615436554
1777498779109894400,-0.003707130672410131,0.04958160221576691,-0.04879161342978477
1777498779119728640,-0.004300570115447044,0.04982513189315796,-0.0475466325879097
1777498779129543680,-0.004928928799927235,0.05023106932640076,-0.04633346945047379
1777498779139339776,-0.005367245990782976,0.05070030316710472,-0.04523039236664772
1777498779149116416,-0.005836911499500275,0.05115338414907455,-0.04402817785739899
1777498779159342592,-0.006076755002140999,0.0517677366733551,-0.04291597381234169
1777498779169548800,-0.006064818240702152,0.0524650439620018,-0.04180214181542397
1777498779179736064,-0.005991156212985516,0.05314937606453896,-0.04084467887878418
1777498779189903872,-0.005877617746591568,0.05365729704499245,-0.03989167883992195
1777498779200051712,-0.005523410625755787,0.05458275601267815,-0.0389687716960907
1777498779210179584,-0.005001294892281294,0.05543526262044907,-0.03814439475536346
1777498779220288256,-0.004429601598531008,0.05633215978741646,-0.03740257397294044
1777498779230376960,-0.003915249835699797,0.0572788380086422,-0.03672439977526665
1777498779240446208,-0.003278784919530153,0.05813789367675781,-0.03596033528447151
1777498779250495744,-0.002760796109214425,0.05882417038083076,-0.03522950410842896
1777498779260526336,-0.002546656643971801,0.05927683413028717,-0.03438262268900871
1777498779270539520,-0.002419875934720039,0.05982690677046776,-0.0334361270070076
1777498779280533248,-0.002615155186504126,0.06009349599480629,-0.03242086246609688
1777498779290507776,-0.003157410537824035,0.0605212077498436,-0.03128845617175102
1777498779300462848,-0.003729311050847173,0.06070937961339951,-0.0301005057990551
1777498779310398976,-0.004167086444795132,0.0609821081161499,-0.02892220020294189
1777498779320315648,-0.004416612908244133,0.06078679859638214,-0.02769973687827587
1777498779330212608,-0.004706887993961573,0.06052744761109352,-0.02658228948712349
1777498779340090368,-0.004521999042481184,0.06012444570660591,-0.02551350928843021
1777498779349949184,-0.004199271555989981,0.05957066640257835,-0.02454132027924061
1777498779359788800,-0.003856293158605695,0.05897489190101624,-0.02368084900081158
1777498779369609216,-0.003330473555251956,0.05811282247304916,-0.02280671894550323
1777498779379410688,-0.002896502614021301,0.05734690278768539,-0.02185936085879803
1777498779389192960,-0.00237098359502852,0.056386798620224,-0.02086553536355495
1777498779399192576,-0.001998013816773891,0.055357675999403,-0.01977891102433205
1777498779409409024,-0.001645404961891472,0.05413578823208809,-0.01862429268658161
1777498779419605760,-0.001530321897007525,0.05282188206911087,-0.01742103137075901
1777498779429782784,-0.001639256370253861,0.05155258253216743,-0.01614610105752945
1777498779439939840,-0.001767035108059645,0.05044669657945633,-0.01478264946490526
1777498779450076672,-0.002054597251117229,0.04949107766151428,-0.01328966021537781
1777498779460194304,-0.002552335849031806,0.04840261861681938,-0.01171629689633846
1777498779470293504,-0.003429522039368749,0.04720664396882057,-0.009904257021844387
1777498779480373248,-0.004497979301959276,0.04590782895684242,-0.007850103080272675
1777498779490433280,-0.005435447208583355,0.04464429616928101,-0.005640700925141573
1777498779500473344,-0.006650848314166069,0.04359098523855209,-0.003538492834195495
1777498779510494208,-0.007651377934962511,0.04278628155589104,-0.00157790002413094
1777498779520495360,-0.0081873694434762,0.0420178584754467,0.0002118342672474682
1777498779530476800,-0.008754780516028404,0.04155118018388748,0.001860130461864173
1777498779540438784,-0.008900373242795467,0.04109381139278412,0.003298906376585364
1777498779550381568,-0.008392496965825558,0.04077195003628731,0.004628182388842106
1777498779560304640,-0.007786799222230911,0.04020373150706291,0.005858542863279581
1777498779570208512,-0.007222311105579138,0.0398252047598362,0.007145136129111052
1777498779580092672,-0.006405900698155165,0.03991355374455452,0.008415881544351578
1777498779589957376,-0.005685519427061081,0.04007282480597496,0.009718514978885651
1777498779599802880,-0.005437388550490141,0.04036680608987808,0.01100144814699888
1777498779609629440,-0.005295144859701395,0.04062923789024353,0.01228733826428652
1777498779619436288,-0.005190540570765734,0.04109323024749756,0.01357251591980457
1777498779629224960,-0.005023892968893051,0.04168251156806946,0.0148730119690299
1777498779639227648,-0.004837803076952696,0.04234867170453072,0.0160877238959074
1777498779649443584,-0.004866087809205055,0.04302838817238808,0.01722735911607742
1777498779659639552,-0.004843948874622583,0.04373232647776604,0.01843632012605667
1777498779669815808,-0.00493761757388711,0.04452065750956535,0.01971323974430561
1777498779679972864,-0.00544048473238945,0.0452069416642189,0.02105731144547462
1777498779690110208,-0.005983235780149698,0.04619328677654266,0.02241761982440948
1777498779700227328,-0.006293613463640213,0.04703457280993462,0.02378944493830204
1777498779710325248,-0.00678466958925128,0.04760528355836868,0.02501736953854561
1777498779720403456,-0.007458009757101536,0.04808499291539192,0.02611185237765312
1777498779730462208,-0.007716210093349218,0.04879432171583176,0.02701102197170258
1777498779740500992,-0.007569767534732819,0.04954836517572403,0.02766584791243076
1777498779750520576,-0.007586217485368252,0.04978124424815178,0.02818349562585354
1777498779760520448,-0.007655095774680376,0.04991629347205162,0.02866516262292862
1777498779770500864,-0.007285206578671932,0.05001484230160713,0.02904116176068783
1777498779780461824,-0.006757703609764576,0.0500136986374855,0.02928964234888554
1777498779790403328,-0.006558424793183804,0.04966791346669197,0.02950780466198921
1777498779800325120,-0.006418121047317982,0.04925880953669548,0.0296886283904314
1777498779810227456,-0.006233660969883204,0.04872589558362961,0.02975217066705227
1777498779820110592,-0.006177734583616257,0.04812444001436234,0.02960989810526371
1777498779829977600,-0.006185558158904314,0.04744179919362068,0.0295142401009798
1777498779839829504,-0.006161858793348074,0.04691838845610619,0.02929464727640152
1777498779849662976,-0.006204022094607353,0.04610076546669006,0.02897916734218597
1777498779859479296,-0.006189839448779821,0.04519660025835037,0.0287034809589386
1777498779869276416,-0.006217886228114367,0.04418259486556053,0.02836962416768074
1777498779879284480,-0.006253392901271582,0.0432158000767231,0.02798404917120934
1777498779889501952,-0.006057782098650932,0.04238290339708328,0.02751759998500347
1777498779899699712,-0.005882913246750832,0.04181317985057831,0.02698796428740025
1777498779909877760,-0.005719194654375315,0.04114743694663048,0.02636339515447617
1777498779920036608,-0.005542145576328039,0.04052799567580223,0.02567978389561176
1777498779930175232,-0.005314608104526997,0.03991104289889336,0.0249637383967638
1777498779940294144,-0.005049085710197687,0.03928664326667786,0.02423889748752117
1777498779950393600,-0.004681117832660675,0.03873133286833763,0.02355693094432354
1777498779960473088,-0.004549057688564062,0.03821169957518578,0.02282648906111717
1777498779970532864,-0.004239713773131371,0.03761547431349754,0.02208014391362667
1777498779980573440,-0.004080713726580143,0.03723203763365746,0.02128932252526283
1777498779990596608,-0.003917873371392488,0.03701616823673248,0.02050263620913029
1777498780000600320,-0.00348774204030633,0.0369391143321991,0.01975853182375431
1777498780010584832,-0.003065868746489286,0.03694351390004158,0.01909635774791241
1777498780020549888,-0.002581397769972682,0.03668690472841263,0.01845524273812771
1777498780030495488,-0.002287237206473947,0.03656816110014915,0.01787644810974598
1777498780040421376,-0.002154180547222495,0.03661175444722176,0.01734898611903191
1777498780050328576,-0.002240393543615937,0.03684663400053978,0.01682592555880547
1777498780060216576,-0.002441606717184186,0.03711366280913353,0.016408896073699
1777498780070085632,-0.002761313458904624,0.0373893678188324,0.01610296033322811
1777498780079935488,-0.003142487490549684,0.03754798695445061,0.01589346490800381
1777498780089765888,-0.00358393625356257,0.03786506876349449,0.01573395356535912
1777498780099577088,-0.003766154171898961,0.0381084568798542,0.01566188596189022
1777498780109368832,-0.004148181993514299,0.03831221908330917,0.01551044639199972
1777498780119141632,-0.004455139394849539,0.03851309791207314,0.01537370961159468
1777498780129360896,-0.004516763612627983,0.03898439556360245,0.01522974018007517
1777498780139560448,-0.004494721069931984,0.03938302025198936,0.01504924055188894
1777498780149740288,-0.004326074384152889,0.0396532267332077,0.01484877802431583
1777498780159901696,-0.004258209373801947,0.04002385213971138,0.01475406531244516
1777498780170043136,-0.004181140568107367,0.04038073867559433,0.01456478331238031
1777498780180164864,-0.003901329357177019,0.0406113900244236,0.01440480537712574
1777498780190267136,-0.003782246261835098,0.04087458923459053,0.01429200638085604
1777498780200349952,-0.003694085637107491,0.04098404943943024,0.01429173536598682
1777498780210413056,-0.003553724382072687,0.04113464802503586,0.01428434811532497
1777498780220456704,-0.003468087641522288,0.04127563908696175,0.01434696931391954
1777498780230482688,-0.00341227906756103,0.04135202988982201,0.01451846770942211
1777498780240491008,-0.003446374088525772,0.04120061174035072,0.01467051636427641
1777498780250480128,-0.003655437612906098,0.04080850258469582,0.01485167443752289
1777498780260449792,-0.003970693331211805,0.04029868915677071,0.01500155217945576
1777498780270400000,-0.004277314990758896,0.03981553390622139,0.01520574651658535
1777498780280331008,-0.004411111585795879,0.03903960064053535,0.0153853902593255
1777498780290242816,-0.004766334779560566,0.03801629319787025,0.01550150476396084
1777498780300135424,-0.004944439046084881,0.03684179484844208,0.01565813831984997
1777498780310009088,-0.005007180850952864,0.03593330457806587,0.01587222144007683
1777498780319863808,-0.004990303423255682,0.03500670567154884,0.01595336012542248
1777498780329699584,-0.004847718868404627,0.03381939604878426,0.01604783162474632
1777498780339516160,-0.004872078541666269,0.03234914690256119,0.01611886732280254
1777498780349313536,-0.00492950389161706,0.03092551045119762,0.01611628942191601
1777498780359092480,-0.004976718686521053,0.02958161942660809,0.01610353216528893
1777498780369313280,-0.004983394406735897,0.02852367237210274,0.01597318612039089
1777498780379514368,-0.005089722108095884,0.027219133451581,0.01576057448983192
1777498780389696000,-0.005307151935994625,0.02604719810187817,0.01553547382354736
1777498780399857664,-0.005231945309787989,0.02513172663748264,0.01535288896411657
1777498780409999872,-0.004943189676851034,0.02425182238221169,0.01507188007235527
1777498780420122112,-0.004743187222629786,0.02292525768280029,0.01473340950906277
1777498780430224640,-0.004666805267333984,0.02156301774084568,0.01437776815146208
1777498780440306944,-0.004529043100774288,0.02071640267968178,0.01402216963469982
1777498780450369792,-0.004249048884958029,0.02036719769239426,0.01363759953528643
1777498780460412928,-0.003949209116399288,0.02011575177311897,0.01325736939907074
1777498780470438656,-0.004225968848913908,0.01985329762101173,0.01299432199448347
1777498780480446976,-0.004715361632406712,0.01974958181381226,0.01281890273094177
1777498780490435840,-0.004968914669007063,0.01985051482915878,0.01266228966414928
1777498780500405248,-0.00507596367970109,0.02013154700398445,0.01239279564470053
1777498780510355712,-0.005131990648806095,0.02031329087913036,0.01208389922976494
1777498780520286720,-0.005577376578003168,0.02077826857566833,0.0116750281304121
1777498780530198528,-0.005545619875192642,0.02139100432395935,0.01126212067902088
1777498780540091136,-0.004985155537724495,0.02228328213095665,0.0108564356341958
1777498780549964800,-0.00446317158639431,0.0230261106044054,0.01047798339277506
1777498780559819520,-0.00397880794480443,0.02377190068364143,0.01021315436810255
1777498780569655040,-0.003097601467743516,0.02494253404438496,0.009880300611257553
1777498780579471360,-0.00241321325302124,0.02604830823838711,0.009556387551128864
1777498780589268736,-0.001840923563577235,0.02729198895394802,0.009263253770768642
1777498780599047168,-0.001282346900552511,0.02853593975305557,0.009143136441707611
1777498780609272576,-0.001057923189364374,0.02997792698442936,0.009064161218702793
1777498780619478528,-0.0005485244910232723,0.03151540830731392,0.00917387381196022
1777498780629665024,-0.0001691968354862183,0.03310740366578102,0.009437466040253639
1777498780639831552,2.9414444725262e-05,0.0346497930586338,0.009904889389872551
1777498780649978368,1.050322953233263e-05,0.03618355095386505,0.01045394875109196
1777498780660105216,-0.0001284771278733388,0.0378749705851078,0.01116079278290272
1777498780670213632,-0.0003409544588066638,0.03940902277827263,0.01198026072233915
1777498780680302336,-0.0008648717193864286,0.04093091934919357,0.01293129939585924
1777498780690371328,-0.001434942707419395,0.0423077680170536,0.01403422188013792
1777498780700420608,-0.001988840289413929,0.04375037178397179,0.01523987762629986
1777498780710450432,-0.002509902929887176,0.04500154405832291,0.01652341336011887
1777498780720460800,-0.003474150551483035,0.0461227186024189,0.01787647046148777
1777498780730451712,-0.004208275582641363,0.04719308018684387,0.01923582702875137
1777498780740423168,-0.004696460906416178,0.04819991439580917,0.02059036865830421
1777498780750375680,-0.005238291807472706,0.04886450991034508,0.02194736339151859
1777498780760308736,-0.005516279488801956,0.04925315454602242,0.02318267151713371
1777498780770222592,-0.005474196746945381,0.04942587018013,0.02427574060857296
1777498780780116992,-0.005436105653643608,0.04947482421994209,0.02530760318040848
1777498780789991936,-0.005055282730609179,0.0496128648519516,0.02627348899841309
1777498780799847424,-0.00464547285810113,0.04939716309309006,0.02719725109636784
1777498780809683712,-0.004126130603253841,0.04882794246077538,0.02811325341463089
1777498780819500544,-0.003738389117643237,0.04805181175470352,0.02905540727078915
1777498780829299200,-0.003584678983315825,0.04726172238588333,0.03002385422587395
1777498780839078656,-0.003448573872447014,0.04658927023410797,0.03104291670024395
1777498780849314048,-0.003528037806972861,0.04599631950259209,0.03202981874346733
1777498780859529728,-0.003858892945572734,0.04525064304471016,0.03309478610754013
1777498780869725440,-0.004318261053413153,0.04462962597608566,0.03422418981790543
1777498780879901952,-0.004785100463777781,0.0440751314163208,0.03528660535812378
1777498780890059008,-0.005290796980261803,0.04337349534034729,0.036227036267519
1777498780900196864,-0.005504186730831861,0.04257357120513916,0.0371447280049324
1777498780910314496,-0.005823560524731874,0.04142292961478233,0.03805487230420113
1777498780920412928,-0.006258578505367041,0.0403982512652874,0.0389123409986496
1777498780930491648,-0.006131929811090231,0.0396827720105648,0.03972697257995605
1777498780940550912,-0.005914624780416489,0.0392385795712471,0.04040505737066269
1777498780950590208,-0.005645013879984617,0.03863635659217834,0.0410495288670063
1777498780960610560,-0.005160782486200333,0.03808927908539772,0.04168232530355453
1777498780970611968,-0.004652996547520161,0.03760762512683868,0.04226921871304512
1777498780980593920,-0.004227531142532825,0.03730292990803719,0.04278285056352615
1777498780990559744,-0.003745821537449956,0.0371553897857666,0.04323143512010574
1777498781000506112,-0.003606150392442942,0.03719808906316757,0.04369382187724113
1777498781010433024,-0.00369177502579987,0.03726944699883461,0.04416942968964577
1777498781020340480,-0.003813330316916108,0.03752202913165092,0.04473743215203285
1777498781030228736,-0.004240318201482296,0.0377531386911869,0.04531903937458992
1777498781040098048,-0.004951571114361286,0.03820551559329033,0.04596753418445587
1777498781049947904,-0.00559327332302928,0.03891777619719505,0.04658883064985275
1777498781059778560,-0.006359133403748274,0.03962914273142815,0.04713547602295876
1777498781069590784,-0.006957159377634525,0.04034082964062691,0.0475546233355999
1777498781079383552,-0.007301168516278267,0.0410410538315773,0.04773920401930809
1777498781089388288,-0.007380879949778318,0.04183898493647575,0.04773280024528503
1777498781099604224,-0.007118614390492439,0.04276686906814575,0.04746049270033836
1777498781109800448,-0.006738405674695969,0.04379483312368393,0.04699811711907387
1777498781119977472,-0.006181442178785801,0.04481128975749016,0.04644890502095222
1777498781130135296,-0.005650270264595747,0.04574520140886307,0.04586108028888702
1777498781140273408,-0.005199373699724674,0.04663615673780441,0.04516648128628731
1777498781150391552,-0.004862782079726458,0.04748644679784775,0.04442890360951424
1777498781160490752,-0.004458986222743988,0.04850173369050026,0.04362119734287262
1777498781170570240,-0.004222503397613764,0.04941180720925331,0.04285478219389915
1777498781180630272,-0.004252700600773096,0.05014534294605255,0.04209800809621811
1777498781190671104,-0.004213616717606783,0.05093440786004066,0.04130108281970024
1777498781200692736,-0.004135810304433107,0.05197803676128387,0.0403926745057106
1777498781210696704,-0.004057642538100481,0.0527038611471653,0.03933264687657356
1777498781220683008,-0.003969564568251371,0.05317604169249535,0.03821851685643196
1777498781230650112,-0.003962978255003691,0.0533272959291935,0.03713283687829971
1777498781240597760,-0.003969753626734018,0.05371291190385818,0.03605794161558151
1777498781250526208,-0.003716591978445649,0.05388700589537621,0.0349891409277916
1777498781260435456,-0.00343220098875463,0.0539567731320858,0.03390904143452644
1777498781270325504,-0.003229862544685602,0.05365593731403351,0.03282822296023369
1777498781280196096,-0.00298992870375514,0.05335448309779167,0.03181504085659981
1777498781290048000,-0.002715734066441655,0.05271895974874496,0.03079585358500481
1777498781299880960,-0.002508872654289007,0.05198660120368004,0.02981756068766117
1777498781309694976,-0.002613847143948078,0.05099472403526306,0.02888872474431992
1777498781319489792,-0.002830252749845386,0.05005106702446938,0.02805563434958458
1777498781329495808,-0.003412862541154027,0.04906367138028145,0.02727434225380421
1777498781339712768,-0.004026624374091625,0.04776273295283318,0.02674174122512341
1777498781349909760,-0.004825538024306297,0.04631547629833221,0.02649116143584251
1777498781360087296,-0.00557674840092659,0.04466959461569786,0.02634558826684952
1777498781370245888,-0.006269310135394335,0.04345599934458733,0.02611409313976765
1777498781380384768,-0.006345847621560097,0.04213395342230797,0.0257567036896944
1777498781390504192,-0.006335906218737364,0.0408799983561039,0.0252082534134388
1777498781400603904,-0.006430011708289385,0.03941924124956131,0.02460695244371891
1777498781410684160,-0.00633821589872241,0.03834055736660957,0.02397552691400051
1777498781420745216,-0.005790452007204294,0.03732461109757423,0.02330620400607586
1777498781430786816,-0.005567028187215328,0.03628784418106079,0.02273888885974884
1777498781440809216,-0.005505569279193878,0.03507524356245995,0.02232585102319717
1777498781450812416,-0.005236570257693529,0.03415300697088242,0.0220849122852087
1777498781460797696,-0.005001321900635958,0.03346769139170647,0.02185222320258617
1777498781470765056,-0.005035278387367725,0.03297645971179008,0.02167074754834175
1777498781480713216,-0.005363193806260824,0.03263058513402939,0.02161147631704807
1777498781490641920,-0.005757956299930811,0.03227145969867706,0.02162135578691959
1777498781500551680,-0.006077729165554047,0.03222135826945305,0.02166815102100372
1777498781510442240,-0.006401324179023504,0.0324048176407814,0.02170585282146931
1777498781520313344,-0.006705895997583866,0.03260860964655876,0.0217091329395771
1777498781530165248,-0.006962739396840334,0.03272214904427528,0.02168431505560875
1777498781539998464,-0.007072882261127234,0.03291172161698341,0.02171711809933186
1777498781549812992,-0.007112710271030664,0.03327852860093117,0.02178037539124489
1777498781559608320,-0.007170535158365965,0.03383995592594147,0.02195139601826668
1777498781569384704,-0.00736837787553668,0.03449037298560143,0.0220485869795084
1777498781579602944,-0.007477113511413336,0.0351954810321331,0.02218952775001526
1777498781589801216,-0.007265117485076189,0.03583819419145584,0.0223272405564785
1777498781599979520,-0.007040206342935562,0.03631346672773361,0.02236573956906796
1777498781610138880,-0.006929258350282907,0.03684334456920624,0.02228346094489098
1777498781620279040,-0.006484745535999537,0.03760406374931335,0.02215077728033066
1777498781630399232,-0.006295797880738974,0.03834589943289757,0.02203653380274773
1777498781640500992,-0.006347412243485451,0.03879742324352264,0.02199986949563026
1777498781650583296,-0.006486807018518448,0.03942251205444336,0.02206644974648952
1777498781660645632,-0.006498113740235567,0.03993387892842293,0.02219915948808193
1777498781670688768,-0.006569584831595421,0.04024741426110268,0.02235566265881062
1777498781680712448,-0.00686523737385869,0.04030025005340576,0.02253027632832527
1777498781690716672,-0.007336623501032591,0.04034088924527168,0.02271239645779133
1777498781700701440,-0.007661040406674147,0.04050880670547485,0.02277648448944092
1777498781710666752,-0.007753835525363684,0.04079317301511765,0.02275899983942509
1777498781720612608,-0.007878467440605164,0.04085033014416695,0.02264951728284359
1777498781730539008,-0.007843689993023872,0.04069438949227333,0.02258475683629513
1777498781740446208,-0.007603171747177839,0.04043704643845558,0.02255904488265514
1777498781750333952,-0.007342990022152662,0.03999267518520355,0.02253975719213486
1777498781760202240,-0.00711915735155344,0.0393783301115036,0.02247242070734501
1777498781770057472,-0.006865694187581539,0.03875996172428131,0.02238824591040611
1777498781779893760,-0.006637247744947672,0.03819149360060692,0.02229802124202251
1777498781789711104,-0.006444511003792286,0.03763365000486374,0.02217560820281506
1777498781799508480,-0.006480696145445108,0.03668264672160149,0.02205716259777546
1777498781809287168,-0.006511592771857977,0.035689327865839,0.02209961414337158
1777498781819506688,-0.006603828631341457,0.03471438959240913,0.0223226398229599
1777498781829706240,-0.006703923922032118,0.03391235694289207,0.02250471897423267
1777498781839886080,-0.00672105373814702,0.0328923799097538,0.02265609242022038
1777498781850046976,-0.006737607065588236,0.03177952766418457,0.02281039766967297
1777498781860188416,-0.00684031518176198,0.03077259846031666,0.02293665148317814
1777498781870309888,-0.006611410528421402,0.0298701673746109,0.02304404973983765
1777498781880412160,-0.006108079571276903,0.02909682877361774,0.02313392236828804
1777498781890494720,-0.005732275545597076,0.02819216065108776,0.02328191511332989
1777498781900558080,-0.005443043075501919,0.02739540860056877,0.02354348264634609
1777498781910602240,-0.004966720007359982,0.02706491760909557,0.02387812174856663
1777498781920626944,-0.004605895839631557,0.02675406634807587,0.02426231279969215
1777498781930632704,-0.004550334066152573,0.02655577287077904,0.02463913336396217
1777498781940621824,-0.004673119634389877,0.02653191052377224,0.02516232244670391
1777498781950591744,-0.004905456677079201,0.02694890275597572,0.02580535784363747
1777498781960542720,-0.005124227609485388,0.02742180228233337,0.02652598544955254
1777498781970474240,-0.005376412998884916,0.02805290371179581,0.02738422155380249
1777498781980386560,-0.005694684572517872,0.02871007286012173,0.02831439115107059
1777498781990279680,-0.005951365455985069,0.02955005504190922,0.02927729301154613
1777498782000153856,-0.006292452570050955,0.03056161291897297,0.03022421710193157
1777498782010008576,-0.006754743866622448,0.03166599199175835,0.03116893768310547
1777498782019844864,-0.007249863352626562,0.03291436284780502,0.03208630532026291
1777498782029661696,-0.007821458391845226,0.03403318673372269,0.03297189250588417
1777498782039459584,-0.008432681672275066,0.03532939404249191,0.03386351466178894
1777498782049238528,-0.008936977945268154,0.03648451343178749,0.03470044955611229
1777498782059464704,-0.00937111210078001,0.03775084391236305,0.03549863025546074
1777498782069671168,-0.009637203998863697,0.03895853087306023,0.03611014783382416
1777498782079857664,-0.009583299048244953,0.04012150317430496,0.03653421252965927
1777498782090024448,-0.009423039853572845,0.04128634929656982,0.03681543096899986
1777498782100172032,-0.009180323220789433,0.04237718880176544,0.03706848248839378
1777498782110300928,-0.008746788837015629,0.0437014251947403,0.03721464425325394
1777498782120410112,-0.008224934339523315,0.04471550509333611,0.03727373108267784
1777498782130499840,-0.007805735804140568,0.0456373505294323,0.03723818436264992
1777498782140569856,-0.007341246120631695,0.04630148038268089,0.03711612895131111
1777498782150620416,-0.006956594996154308,0.04690185189247131,0.0369754321873188
1777498782160651264,-0.006654419004917145,0.04727255925536156,0.03682026267051697
1777498782170662656,-0.006465556100010872,0.04752135649323463,0.03673487156629562
1777498782180654592,-0.006485186982899904,0.04767901822924614,0.03667692467570305
1777498782190627328,-0.006498895119875669,0.04769707471132278,0.03666263073682785
1777498782200580864,-0.006641313433647156,0.04755141213536263,0.03668507933616638
1777498782210514944,-0.006922403816133738,0.0471288375556469,0.03674306720495224
1777498782220429824,-0.007328696083277464,0.04651393741369247,0.03680817037820816
1777498782230325760,-0.007687627337872982,0.04580160602927208,0.03685091063380241
1777498782240202240,-0.008061950094997883,0.04502921923995018,0.03685896471142769
1777498782250059520,-0.008521099574863911,0.04410681501030922,0.03679994121193886
1777498782259898112,-0.00886041671037674,0.04297105222940445,0.03675565123558044
1777498782269718528,-0.009402397088706493,0.04181607067584991,0.03673457354307175
1777498782279522048,-0.009924231097102165,0.04096429795026779,0.03689319640398026
1777498782289309184,-0.01003414206206799,0.04025381058454514,0.03717604652047157
1777498782299310592,-0.009989893063902855,0.03912169486284256,0.03739849850535393
1777498782309526016,-0.01024191174656153,0.03772924467921257,0.037456214427948
1777498782319721984,-0.0102912625297904,0.03649134933948517,0.03730827942490578
1777498782329897728,-0.009799723513424397,0.03573683276772499,0.0369475744664669
1777498782340053504,-0.009252912364900112,0.03483355790376663,0.0363708920776844
1777498782350189824,-0.008865518495440483,0.03402289375662804,0.03585921227931976
1777498782360306432,-0.008463255129754543,0.03322435170412064,0.03548622503876686
1777498782370404608,-0.008411104790866375,0.03258640691637993,0.03514310345053673
1777498782380483840,-0.008335881866514683,0.03149076923727989,0.03509595990180969
1777498782390543616,-0.008638831786811352,0.03032995201647282,0.03541713207960129
1777498782400583680,-0.009242730215191841,0.02906493656337261,0.03568929433822632
1777498782410604544,-0.00984614435583353,0.02915186248719692,0.03596615046262741
1777498782420605440,-0.01001319102942944,0.02999022044241428,0.03614306822419167
1777498782430586880,-0.009024878032505512,0.03113331831991673,0.03586078807711601
1777498782440549120,-0.009094546549022198,0.03051666170358658,0.03521103411912918
1777498782450492160,-0.01038462482392788,0.03060808219015598,0.03447739407420158
1777498782460416000,-0.01008340995758772,0.03087960183620453,0.03391425684094429
1777498782470320384,-0.009556133300065994,0.03223023563623428,0.03343619778752327
1777498782480205568,-0.009477464482188225,0.0328325629234314,0.03323992714285851
1777498782490071552,-0.009789287112653255,0.03321344405412674,0.03318890184164047
1777498782499918080,-0.009897504933178425,0.03402941673994064,0.03321667388081551
1777498782509745408,-0.009628060273826122,0.03501240164041519,0.03322694450616837
1777498782519553792,-0.009569472633302212,0.03668855130672455,0.03316568210721016
1777498782529342976,-0.009329493157565594,0.03774619847536087,0.03293110430240631
1777498782539346176,-0.009338150732219219,0.03877074271440506,0.03269107639789581
1777498782549562112,-0.009222156368196011,0.04016950726509094,0.03243213146924973
1777498782559758336,-0.008978584781289101,0.04206059128046036,0.03217310085892677
1777498782569935616,-0.008681623265147209,0.04361565038561821,0.03205698356032372
1777498782580093184,-0.008692212402820587,0.04493896290659904,0.03210563585162163
1777498782590231040,-0.008860818110406399,0.04604614526033401,0.03226924687623978
1777498782600348928,-0.008979751728475094,0.04723883792757988,0.0325632318854332
1777498782610447616,-0.009320842102169991,0.04852462932467461,0.03294914215803146
1777498782620526592,-0.009785259142518044,0.0496569499373436,0.03342382237315178
1777498782630585856,-0.01042937953025103,0.05058480054140091,0.03392050042748451
1777498782640625408,-0.01110692694783211,0.0514192245900631,0.03441458567976952
1777498782650648832,-0.01165215484797955,0.05236723646521568,0.03493909910321236
1777498782660652544,-0.01276818756014109,0.05303918942809105,0.03542186319828033
1777498782670636800,-0.01364769972860813,0.05371495336294174,0.03588850423693657
1777498782680601088,-0.01425483729690313,0.05392566695809364,0.03636159375309944
1777498782690546432,-0.0146489292383194,0.05408761277794838,0.03679429367184639
1777498782700472320,-0.01486916746944189,0.05383497476577759,0.03713526204228401
1777498782710378496,-0.01488585397601128,0.05346005782485008,0.03744670748710632
1777498782720265728,-0.01472252141684294,0.05295955389738083,0.0376860611140728
1777498782730134016,-0.01435731537640095,0.05222295224666595,0.03774643316864967
1777498782739983104,-0.01367820426821709,0.05119030550122261,0.03762193024158478
1777498782749812736,-0.01289596036076546,0.05014115944504738,0.03728973865509033
1777498782759623936,-0.01214985828846693,0.04881676286458969,0.03686464205384254
1777498782769416192,-0.01133263111114502,0.04745051637291908,0.03642367199063301
1777498782779420672,-0.01073020789772272,0.0460655689239502,0.0359724685549736
1777498782789637888,-0.0102728521451354,0.04474300891160965,0.03554826974868774
1777498782799835904,-0.00999718438833952,0.04349386319518089,0.03519789502024651
1777498782810014208,-0.009882986545562744,0.04216211661696434,0.0349055677652359
1777498782820172800,-0.00976330041885376,0.04088058322668076,0.03456186875700951
1777498782830311424,-0.009509718976914883,0.03957981243729591,0.03417046368122101
1777498782840430592,-0.009288831613957882,0.03851219639182091,0.03363703563809395
1777498782850529792,-0.008858201093971729,0.03747455403208733,0.03301386162638664
1777498782860609536,-0.0083980867639184,0.03654344007372856,0.03230638056993484
1777498782870669568,-0.007986926473677158,0.03519659116864204,0.0316833108663559
1777498782880709632,-0.007931175641715527,0.03410405293107033,0.03142848238348961
1777498782890730496,-0.007946551777422428,0.03345036506652832,0.03132681548595428
1777498782900734720,-0.007816479541361332,0.03329035639762878,0.03123679757118225
1777498782910719232,-0.007372661028057337,0.03309594839811325,0.03112524002790451
1777498782920684544,-0.007023931946605444,0.03251729533076286,0.03096932172775269
1777498782930630656,-0.007101051975041628,0.03205357119441032,0.03080852143466473
1777498782940557824,-0.007045705337077379,0.03204340115189552,0.03065440803766251
1777498782950465792,-0.006736822426319122,0.03238591179251671,0.03042878396809101
1777498782960354304,-0.006496352609246969,0.03288337215781212,0.03033732995390892
1777498782970223616,-0.006992708891630173,0.03277778625488281,0.03048444539308548
1777498782980074496,-0.007487310562282801,0.03302744030952454,0.03079300187528133
1777498782989906432,-0.007667874451726675,0.03337662294507027,0.03112097084522247
1777498782999719168,-0.007883786223828793,0.03415974229574203,0.03128029778599739
1777498783009512960,-0.008260083384811878,0.03475731611251831,0.03148417547345161
1777498783019287552,-0.008536102250218391,0.03543342649936676,0.03171629086136818
1777498783029505536,-0.008616465143859386,0.03627200424671173,0.03190743550658226
1777498783039703808,-0.008488601073622704,0.03724459558725357,0.03197216987609863
1777498783049882880,-0.008049361407756805,0.03823841363191605,0.0319516733288765
1777498783060042496,-0.007639998570084572,0.03900656849145889,0.03185169026255608
1777498783070182400,-0.007142011076211929,0.03968597576022148,0.03173965588212013
1777498783080303104,-0.006675901357084513,0.04050232470035553,0.03166007995605469
1777498783090404096,-0.006352276541292667,0.04129735752940178,0.03167309612035751
1777498783100485632,-0.006207291968166828,0.0421171598136425,0.03175582364201546
1777498783110547712,-0.006152245681732893,0.04282588139176369,0.03183695673942566
1777498783120590080,-0.006197631359100342,0.0434594638645649,0.03195458278059959
1777498783130613248,-0.006317794322967529,0.04406909644603729,0.03206690400838852
1777498783140620544,-0.006564749404788017,0.04455307871103287,0.03224042430520058
1777498783150608384,-0.006914475932717323,0.04497139528393745,0.03237141668796539
1777498783160576768,-0.007289626635611057,0.0451754555106163,0.03250047937035561
1777498783170525696,-0.007639812305569649,0.04537724331021309,0.03259472548961639
1777498783180455424,-0.008007414638996124,0.04541182890534401,0.03266927599906921
1777498783190365952,-0.008513575419783592,0.04557103291153908,0.03268782049417496
1777498783200257024,-0.008672845549881458,0.04568284004926682,0.03287065401673317
1777498783210128640,-0.008701078593730927,0.04533470049500465,0.03304405137896538
1777498783219982336,-0.008721492253243923,0.04438601806759834,0.03306649997830391
1777498783229816576,-0.008637761697173119,0.04341325908899307,0.03294339030981064
1777498783239631616,-0.008042778819799423,0.04291398450732231,0.03265754878520966
1777498783249427712,-0.007326560094952583,0.04227003082633018,0.03219697996973991
1777498783259204352,-0.006727870088070631,0.04144139587879181,0.03169542551040649
1777498783269424128,-0.006194764282554388,0.04048166051506996,0.03128870576620102
1777498783279624192,-0.005862254183739424,0.03939347341656685,0.03094528988003731
1777498783289804800,-0.00570470467209816,0.03845985233783722,0.03067269921302795
1777498783299966464,-0.005605836398899555,0.03756619989871979,0.03045462258160114
1777498783310108416,-0.005768699105829,0.03665953129529953,0.03029546514153481
1777498783320230912,-0.006106000859290361,0.03581885993480682,0.03012868389487267
1777498783330333696,-0.006545180454850197,0.03517115861177444,0.02998449839651585
1777498783340416768,-0.00699671870097518,0.0345735177397728,0.02980722486972809
1777498783350480128,-0.00740165775641799,0.03408646583557129,0.02954634837806225
1777498783360524032,-0.007673078682273626,0.03360829502344131,0.02922911010682583
1777498783370548224,-0.007850099354982376,0.03331024572253227,0.02878743968904018
1777498783380553472,-0.007886514998972416,0.03310734406113625,0.02821444720029831
1777498783390541824,-0.007844231091439724,0.03307050466537476,0.02747881412506104
1777498783400510976,-0.007695643231272697,0.03328415751457214,0.02665149979293346
1777498783410460928,-0.007240615785121918,0.033659927546978,0.02572916820645332
1777498783420391680,-0.006636702921241522,0.03424693271517754,0.02478109858930111
1777498783430303488,-0.005981892347335815,0.03485960885882378,0.02375329658389091
1777498783440196096,-0.005119610577821732,0.03559723868966103,0.02267605811357498
1777498783450068736,-0.004267612006515265,0.03639385104179382,0.02156978286802769
1777498783459922176,-0.00358202587813139,0.03735285624861717,0.02041500993072987
1777498783469757184,-0.003076154040172696,0.03846775367856026,0.01924923434853554
1777498783479573248,-0.002602847293019295,0.03972095251083374,0.01807757467031479
1777498783489369856,-0.002386536682024598,0.04095553979277611,0.01706666871905327
1777498783499147520,-0.002317847684025764,0.04213779792189598,0.01616584323346615
1777498783509372672,-0.002415610244497657,0.04333093762397766,0.01540503744035959
1777498783519577856,-0.002458321861922741,0.04451825469732285,0.01467563863843679
1777498783529763072,-0.002529695630073547,0.04573950543999672,0.01398297492414713
1777498783539928320,-0.002496273489668965,0.04683803766965866,0.01334735844284296
1777498783550074880,-0.002607234986498952,0.04796196520328522,0.01275231689214706
1777498783560202240,-0.002700004493817687,0.04899434745311737,0.01213969569653273
1777498783570309888,-0.002704313956201077,0.05009706318378448,0.01155927684158087
1777498783580397824,-0.002769505605101585,0.05103334411978722,0.01099189464002848
1777498783590466304,-0.002805011114105582,0.05200280249118805,0.01047688443213701
1777498783600515072,-0.002784584648907185,0.05265656858682632,0.01007924135774374
1777498783610544128,-0.002671557245776057,0.05331451073288918,0.009721249341964722
1777498783620553728,-0.002606658032163978,0.05363940447568893,0.009385010227560997
1777498783630544384,-0.002473623724654317,0.05384018644690514,0.009127045981585979
1777498783640516096,-0.002441851189360023,0.05404625460505486,0.008927452377974987
1777498783650468352,-0.002461432479321957,0.05411591380834579,0.008765376172959805
1777498783660400896,-0.002609270391985774,0.05406353250145912,0.00872313603758812
1777498783670313984,-0.002834291430190206,0.05380059778690338,0.008888281881809235
1777498783680207872,-0.003041853662580252,0.05325347185134888,0.009143896400928497
1777498783690082560,-0.003250819398090243,0.05247638374567032,0.009339863434433937
1777498783699938304,-0.003485834691673517,0.05140573531389236,0.009486815892159939
1777498783709775104,-0.003567256964743137,0.05034476891160011,0.009654066525399685
1777498783719593216,-0.00353390583768487,0.04917918890714645,0.009799143299460411
1777498783729392128,-0.003409687662497163,0.0479387640953064,0.00998997688293457
1777498783739171840,-0.003350126557052135,0.04661525785923004,0.01021450571715832
1777498783749397760,-0.003250650130212307,0.04529338330030441,0.01051875576376915
1777498783759603712,-0.00315805827267468,0.04399403184652328,0.01088282093405724
1777498783769790464,-0.003079279558733106,0.04275953397154808,0.01133456453680992
1777498783779957504,-0.003178788814693689,0.04164120182394981,0.01177498232573271
1777498783790104576,-0.003399790031835437,0.04050822928547859,0.01221326645463705
1777498783800231680,-0.003557599615305662,0.03969099372625351,0.0126646775752306
1777498783810339328,-0.003918888978660107,0.03903196752071381,0.01313154213130474
1777498783820429056,-0.004201950039714575,0.03861900046467781,0.01364800147712231
1777498783830499072,-0.004525642842054367,0.03822316601872444,0.01421025954186916
1777498783840549632,-0.004768145270645618,0.03793463483452797,0.01483100187033415
1777498783850580480,-0.004990966990590096,0.03780610859394073,0.0153861790895462
1777498783860592128,-0.00514029199257493,0.03798526152968407,0.01584957912564278
1777498783870583808,-0.004964752588421106,0.0384235568344593,0.0162159763276577
1777498783880556544,-0.004662234336137772,0.03912527114152908,0.0165325328707695
1777498783890509568,-0.004248867277055979,0.03987061977386475,0.0168663002550602
1777498783900443392,-0.003694229293614626,0.04065518826246262,0.01718973368406296
1777498783910357760,-0.003434897633269429,0.04163217917084694,0.01749109663069248
1777498783920252928,-0.003283715806901455,0.04287325963377953,0.01783690415322781
1777498783930128640,-0.00310027226805687,0.04437133297324181,0.01820375025272369
1777498783939984896,-0.003072389401495457,0.04583445936441422,0.01860727928578854
1777498783949822208,-0.003050006227567792,0.04741141945123672,0.01909493841230869
1777498783959639808,-0.003135847393423319,0.04878702014684677,0.01955495215952396
1777498783969438464,-0.003092443337664008,0.05037683621048927,0.01997122727334499
1777498783979218944,-0.003076959634199739,0.05179181322455406,0.02036637626588345
1777498783989217536,-0.003063861047849059,0.05329575017094612,0.02070450782775879
1777498783999435008,-0.003066049655899405,0.05460822954773903,0.02104938216507435
1777498784009632512,-0.003232941962778568,0.05586693808436394,0.02140615694224834
1777498784019810304,-0.003569443011656404,0.05708432197570801,0.02182861790060997
1777498784029967872,-0.004029650706797838,0.05830820649862289,0.02226564660668373
1777498784040106496,-0.004638250451534986,0.05949835851788521,0.02271372824907303
1777498784050226176,-0.005170907825231552,0.0604119561612606,0.02320361137390137
1777498784060326144,-0.005611761938780546,0.06123591586947441,0.02365309000015259
1777498784070406400,-0.005964980460703373,0.06174320727586746,0.02404159121215343
1777498784080466944,-0.006168675143271685,0.06228580325841904,0.02430823445320129
1777498784090508288,-0.00612129969522357,0.06265230476856232,0.02451706677675247
1777498784100529664,-0.006087404675781727,0.06300842016935349,0.02459263801574707
1777498784110531584,-0.005970663391053677,0.06310205906629562,0.02461840398609638
1777498784120514304,-0.005734454374760389,0.06291768699884415,0.02464263886213303
1777498784130477824,-0.005528315901756287,0.06243852153420448,0.02470248006284237
1777498784140421888,-0.005359937902539968,0.06161291524767876,0.0247432217001915
1777498784150346496,-0.005221229046583176,0.06082692742347717,0.02476007305085659
1777498784160251392,-0.005000601056963205,0.06009037047624588,0.02475165575742722
1777498784170136832,-0.004890673328191042,0.0593281090259552,0.02465463615953922
1777498784180003328,-0.004836120642721653,0.05840953066945076,0.02457179501652718
1777498784189850368,-0.004833633080124855,0.05757822841405869,0.02443315461277962
1777498784199678976,-0.004865061957389116,0.056613989174366,0.0243215374648571
1777498784209488640,-0.004807457793504,0.05569023638963699,0.02415590547025204
1777498784219279104,-0.004641735460609198,0.05435765162110329,0.02398106828331947
1777498784229283328,-0.004485704470425844,0.0537022091448307,0.0236086193472147
1777498784239501056,-0.005260050762444735,0.05346456915140152,0.02298993617296219
1777498784249699328,-0.004962976090610027,0.0537426732480526,0.02256079204380512
1777498784259878144,-0.004827131517231464,0.05322984606027603,0.02220472320914268
1777498784270036992,-0.005399676971137524,0.05263876542448997,0.02205690555274487
1777498784280176640,-0.005726163275539875,0.05220507085323334,0.02182122506201267
1777498784290296576,-0.00582450395449996,0.05241171270608902,0.02146783843636513
1777498784300398080,-0.006372291129082441,0.05311319231987,0.02097245305776596
1777498784310479872,-0.006789273582398891,0.05327966809272766,0.0204163733869791
1777498784320542208,-0.007498152554035187,0.05397770181298256,0.01986098848283291
1777498784330584832,-0.007870487868785858,0.05494982004165649,0.01921259798109531
1777498784340608000,-0.007715563755482435,0.05630740895867348,0.01854323036968708
1777498784350611456,-0.007788232993334532,0.05758823826909065,0.01776044815778732
1777498784360595456,-0.007351227104663849,0.05879424139857292,0.01702909171581268
1777498784370560256,-0.006890929769724607,0.06025011092424393,0.01618842780590057
1777498784380506112,-0.006007473915815353,0.06149005517363548,0.01534818299114704
1777498784390432512,-0.005314068868756294,0.06334935873746872,0.0143946735188365
1777498784400339200,-0.004674879834055901,0.06466581672430038,0.01341746095567942
1777498784410226944,-0.004248711746186018,0.06643898040056229,0.01246454659849405
1777498784420095232,-0.003706144634634256,0.06805422902107239,0.01146662980318069
1777498784429943808,-0.003413834841921926,0.07009793072938919,0.01059838943183422
1777498784439773440,-0.003248251974582672,0.07144179940223694,0.009892425499856472
1777498784449583872,-0.003377929795533419,0.07261715084314346,0.009380815550684929
1777498784459378432,-0.003612068481743336,0.07370874285697937,0.00890779122710228
1777498784469156352,-0.003619776573032141,0.07474485784769058,0.008529516868293285
1777498784479375360,-0.003924057353287935,0.07573621720075607,0.008213423192501068
1777498784489574656,-0.00433081341907382,0.07644105702638626,0.007986670359969139
1777498784499753984,-0.004966177977621555,0.07703631371259689,0.007826336659491062
1777498784509914368,-0.005267732311040163,0.07731132954359055,0.007711327169090509
1777498784520055552,-0.005918802227824926,0.07765079289674759,0.007509372662752867
1777498784530177024,-0.006489730440080166,0.07761784642934799,0.007401964161545038
1777498784540278784,-0.006915929727256298,0.07754261791706085,0.007370248436927795
1777498784550361600,-0.007576772011816502,0.07724015414714813,0.007347026839852333
1777498784560425216,-0.00798689853399992,0.07685817033052444,0.00737740145996213
1777498784570469376,-0.007726486772298813,0.0762157067656517,0.007542035542428493
1777498784580493568,-0.007359845563769341,0.07533945143222809,0.007468889933079481
1777498784590500608,-0.006668991409242153,0.07414442300796509,0.007103776559233665
1777498784600489984,-0.005601168610155582,0.07284485548734665,0.006489300634711981
1777498784610460160,-0.00441079493612051,0.07151945680379868,0.005829643923789263
1777498784620410880,-0.003200556384399533,0.0701606273651123,0.005211684387177229
1777498784630342656,-0.00229276018217206,0.06833220273256302,0.004776682704687119
1777498784640255232,-0.001677944324910641,0.06657592207193375,0.004552305676043034
1777498784650148352,-0.001070408499799669,0.06487610191106796,0.00462270574644208
1777498784660022528,-0.0009251608280465007,0.06312498450279236,0.004896185826510191
1777498784669877504,-0.001224163686856627,0.06127551198005676,0.005341364070773125
1777498784679714560,-0.001407564035616815,0.0596964955329895,0.005848215892910957
1777498784689532160,-0.002249178243800998,0.05808195099234581,0.006359328981488943
1777498784699330816,-0.003307151142507792,0.05673160031437874,0.006936355028301477
1777498784709110272,-0.004075393080711365,0.05575766041874886,0.007529654540121555
1777498784719330048,-0.004987322259694338,0.05513064563274384,0.008083357475697994
1777498784729530112,-0.005894044879823923,0.05430237203836441,0.008718407712876797
1777498784739710208,-0.006498693954199553,0.05356062576174736,0.009299514815211296
1777498784749870848,-0.006733878049999475,0.0530690886080265,0.009861393831670284
1777498784760012032,-0.006503687240183353,0.0526859275996685,0.01028132438659668
1777498784770134016,-0.006055597681552172,0.05248362571001053,0.01057656947523355
1777498784780236288,-0.005133851431310177,0.0525025799870491,0.01073807012289762
1777498784790319360,-0.004085055086761713,0.05275734141469002,0.01074579637497663
1777498784800382976,-0.002900020685046911,0.05318054929375648,0.01071982271969318
1777498784810426880,-0.00161449215374887,0.05385375767946243,0.01070024073123932
1777498784820451328,-0.0008336175233125687,0.05476665869355202,0.01081162132322788
1777498784830457344,-0.0002743644872680306,0.05565989017486572,0.01105051022022963
1777498784840443904,-4.691507638199255e-05,0.05662602931261063,0.01147089246660471
1777498784850411008,-0.0003000156430061907,0.05766010284423828,0.01204348541796207
1777498784860358912,-0.0005994155071675777,0.05884373188018799,0.0128314858302474
1777498784870287360,-0.001242778613232076,0.06002720445394516,0.01368625741451979
1777498784880196864,-0.001896117115393281,0.06121331453323364,0.01453014742583036
1777498784890092800,-0.002626975066959858,0.0623515322804451,0.01534852106124163
1777498784899969792,-0.003206016728654504,0.06342478096485138,0.01609108224511147
1777498784909827584,-0.003705787472426891,0.06438600271940231,0.01681184954941273
1777498784919665920,-0.004608403891324997,0.06528864055871964,0.01744276657700539
1777498784929485568,-0.004851490259170532,0.06624871492385864,0.01802179776132107
1777498784939286272,-0.00482770474627614,0.06700463593006134,0.01849717833101749
1777498784949067776,-0.004637958947569132,0.06762354075908661,0.01887487806379795
1777498784959293184,-0.004155165515840054,0.06798764318227768,0.01918626762926579
1777498784969498624,-0.003532973816618323,0.06844694912433624,0.01939462311565876
1777498784979684352,-0.002856533275917172,0.06873223185539246,0.01963966898620129
1777498784989850624,-0.002337360521778464,0.06887732446193695,0.01983352191746235
1777498784999998464,-0.001952797640115023,0.06870213896036148,0.02005042694509029
1777498785010126080,-0.001888756174594164,0.0683741495013237,0.02022609487175941
1777498785020234240,-0.002172841690480709,0.06795737892389297,0.02053511142730713
1777498785030322688,-0.002496135653927922,0.06723471730947495,0.02109208703041077
1777498785040391680,-0.003210747381672263,0.06624739617109299,0.0217449963092804
1777498785050440960,-0.00409541605040431,0.06492516398429871,0.02249408513307571
1777498785060470784,-0.005172682926058769,0.06370023638010025,0.02314012125134468
1777498785070481152,-0.006033268291503191,0.06260838359594345,0.0236474834382534
1777498785080473600,-0.006728164851665497,0.06135015934705734,0.02399813756346703
1777498785090446848,-0.007371615618467331,0.060086939483881,0.02422598749399185
1777498785100400896,-0.00764441816136241,0.05876265466213226,0.02426114119589329
1777498785110339840,-0.007386351004242897,0.05737146362662315,0.02409578301012516
1777498785120259584,-0.00683422340080142,0.05584339424967766,0.02383266389369965
1777498785130160128,-0.005909675266593695,0.05436615645885468,0.0234173908829689
1777498785140041472,-0.004824935458600521,0.05286029726266861,0.02281853370368481
1777498785149903872,-0.003758041188120842,0.05129267275333405,0.02216936461627483
1777498785159747072,-0.002738154726102948,0.0498703308403492,0.02155137434601784
1777498785169571072,-0.001996775390580297,0.04836071655154228,0.02097436413168907
1777498785179376384,-0.001433714292943478,0.04714442789554596,0.02038257755339146
1777498785189163008,-0.001025474397465587,0.04589417949318886,0.0197724886238575
1777498785199397632,-0.0009807409951463342,0.04482261836528778,0.01924734376370907
1777498785209612288,-0.00114093953743577,0.04370323941111565,0.01886946335434914
1777498785219807488,-0.001697050756774843,0.04285075888037682,0.01862283796072006
1777498785229983232,-0.002648459048941731,0.04220213741064072,0.01834732107818127
1777498785240139264,-0.003361024893820286,0.04186860099434853,0.01808458007872105
1777498785250275072,-0.004028063733130693,0.04145236685872078,0.01782279089093208
1777498785260391680,-0.004764878191053867,0.04121813550591469,0.01755313389003277
1777498785270488576,-0.005140552762895823,0.04124319925904274,0.01717268489301205
1777498785280567808,-0.004889119882136583,0.04157609865069389,0.01648768968880177
1777498785290627328,-0.004176447167992592,0.04203854873776436,0.01565803587436676
1777498785300667392,-0.003402932081371546,0.04231757670640945,0.01475077960640192
1777498785310688256,-0.002383554121479392,0.0429249219596386,0.01382006518542767
1777498785320690176,-0.0010562629904598,0.04382200166583061,0.01284947525709867
1777498785330672896,-0.0001863539946498349,0.04487907886505127,0.01193740032613277
1777498785340636160,0.0004333736724220216,0.0458846241235733,0.01117596961557865
1777498785350579968,0.0009512793621979654,0.04693779721856117,0.01053035352379084
1777498785360505088,0.001270726788789034,0.04797041043639183,0.009986095130443573
1777498785370411008,0.001587891252711415,0.04917817935347557,0.009592426940798759
1777498785380297472,0.001534952432848513,0.05027966946363449,0.009312814101576805
1777498785390164992,0.001319432049058378,0.05148680135607719,0.009113718755543232
1777498785400013312,0.0008859049412421882,0.05258423089981079,0.00907489936798811
1777498785409842432,0.0003323253476992249,0.05357902124524117,0.009177858941257
1777498785419652608,-0.000283256929833442,0.05451903864741325,0.009415400214493275
1777498785429443584,-0.0008664579363539815,0.05521993711590767,0.009750113822519779
1777498785439448320,-0.001442364184185863,0.05585880950093269,0.01013474818319082
1777498785449664256,-0.002096445299685001,0.05643078684806824,0.01052017789334059
1777498785459860224,-0.003082599025219679,0.05685950070619583,0.0109809273853898
1777498785470036736,-0.003988984506577253,0.05749942362308502,0.01165150944143534
1777498785480193792,-0.004288834985345602,0.05806319043040276,0.01248971372842789
1777498785490331392,-0.004466262646019459,0.05827310681343079,0.01331205386668444
1777498785500449024,-0.00465252622961998,0.05814599990844727,0.01390972919762135
1777498785510547456,-0.004716755356639624,0.05816743522882462,0.01437232084572315
1777498785520626432,-0.004286429844796658,0.05829919874668121,0.01470818463712931
1777498785530685696,-0.003840110963210464,0.05812016874551773,0.01502667739987373
1777498785540725248,-0.003695277264341712,0.05780313536524773,0.0153133999556303
1777498785550745344,-0.003263263264670968,0.05739602074027061,0.01561994384974241
1777498785560746240,-0.002815007232129574,0.05696873739361763,0.01607994176447392
1777498785570727680,-0.002469855593517423,0.05644319206476212,0.01655170135200024
1777498785580689152,-0.002058246871456504,0.05558603629469872,0.01706067658960819
1777498785590631424,-0.001946935197338462,0.05460104718804359,0.01762762852013111
1777498785600558848,-0.002124965656548738,0.05364875122904778,0.01825622096657753
1777498785610466816,-0.002556004794314504,0.05282273888587952,0.01892272755503654
1777498785620355584,-0.00317117408849299,0.05200255289673805,0.0195149052888155
1777498785630225152,-0.003751152660697699,0.05115866661071777,0.020089166238904
1777498785640075776,-0.004608855582773685,0.05038709565997124,0.02055156975984573
1777498785649907200,-0.005477723199874163,0.04930580779910088,0.021003732457757
1777498785659719680,-0.006073688622564077,0.04827664420008659,0.02141851000487804
1777498785669512960,-0.006336015183478594,0.04723247140645981,0.02169684320688248
1777498785679518464,-0.006327424198389053,0.04627711325883865,0.02180540934205055
1777498785689734656,-0.005965875461697578,0.04541342332959175,0.02175728976726532
1777498785699931392,-0.005457036197185516,0.04453655704855919,0.02161229215562344
1777498785710108928,-0.004985202103853226,0.04388661310076714,0.0212846715003252
1777498785720267008,-0.004663178697228432,0.04347089305520058,0.02081570588052273
1777498785730405120,-0.004480456002056599,0.04333464801311493,0.02033909410238266
1777498785740523520,-0.004423690959811211,0.04352032020688057,0.01978784799575806
1777498785750622720,-0.004740121774375439,0.04373351484537125,0.01927618496119976
1777498785760701952,-0.004942574538290501,0.04406109824776649,0.01884154602885246
1777498785770761728,-0.00517272436991334,0.04449204355478287,0.01836767233908176
1777498785780801792,-0.005420979578047991,0.04511616751551628,0.01772013492882252
1777498785790822656,-0.005388714838773012,0.0460173599421978,0.01689290441572666
1777498785800827392,-0.005256429314613342,0.04701002687215805,0.015954265370965
1777498785810812672,-0.005151512566953897,0.04795049130916595,0.01494420226663351
1777498785820779008,-0.005271429661661386,0.04900013655424118,0.01393405254930258
1777498785830725888,-0.005148342810571194,0.0502268373966217,0.01288483291864395
1777498785840653312,-0.004911654163151979,0.05158190056681633,0.01186364889144897
1777498785850561280,-0.00474815396592021,0.05268274992704391,0.01088726334273815
1777498785860450048,-0.004645359236747026,0.05364160984754562,0.009894609451293945
1777498785870319616,-0.004502806812524796,0.05451051518321037,0.008911876939237118
1777498785880170240,-0.004365708213299513,0.05556437745690346,0.007881605997681618
1777498785890001664,-0.004426777362823486,0.05652572587132454,0.006841292604804039
1777498785899813888,-0.004577763844281435,0.05745870247483253,0.005799487233161926
1777498785909606656,-0.004912097472697496,0.05835679918527603,0.004892582539469004
1777498785919380480,-0.005201478488743305,0.05918481573462486,0.004166768863797188
1777498785929598464,-0.005043219309300184,0.05957620590925217,0.003469697432592511
1777498785939796736,-0.005069791804999113,0.05930307134985924,0.002765595680102706
1777498785949975040,-0.005594104062765837,0.05891292169690132,0.002090662950649858
1777498785960133376,-0.005717366468161345,0.05893333256244659,0.001359250047244132
1777498785970272256,-0.005454210098832846,0.05883300304412842,0.0005276032024994493
1777498785980391424,-0.00537244975566864,0.0584283284842968,-0.0003439373394940048
1777498785990490624,-0.005279132630676031,0.05774211138486862,-0.001215088996104896
1777498786000569856,-0.005237965378910303,0.05687078833580017,-0.001967880642041564
1777498786010631680,-0.005166392773389816,0.05607118830084801,-0.002646972192451358
1777498786020676352,-0.004910748451948166,0.05522875860333443,-0.003267854917794466
1777498786030701824,-0.004940182901918888,0.05431393533945084,-0.003935513086616993
1777498786040707840,-0.005215842742472887,0.05320665612816811,-0.004641332197934389
1777498786050694656,-0.005548814311623573,0.05232565477490425,-0.005333144683390856
1777498786060662272,-0.005899486597627401,0.05145575478672981,-0.006058282218873501
1777498786070610688,-0.006261922419071198,0.05070444941520691,-0.006821529474109411
1777498786080539648,-0.006514052860438824,0.04985049366950989,-0.007610589265823364
1777498786090449408,-0.006629808340221643,0.04906886070966721,-0.00848414096981287
1777498786100340224,-0.006351196672767401,0.04828661307692528,-0.009436062537133694
1777498786110211840,-0.006107186898589134,0.04750102385878563,-0.01051008142530918
1777498786120063744,-0.005871719215065241,0.04689578711986542,-0.01167445257306099
1777498786129896960,-0.005478948820382357,0.04638757929205894,-0.01284280978143215
1777498786139710720,-0.005498381331562996,0.04622846841812134,-0.01410318911075592
1777498786149505024,-0.005364943295717239,0.04628825187683105,-0.01535102445632219
1777498786159280384,-0.005254128016531467,0.04645324498414993,-0.01661532558500767
1777498786169499904,-0.005071104969829321,0.04677371680736542,-0.01786615140736103
1777498786179699968,-0.004667731933295727,0.04713747650384903,-0.0191235039383173
1777498786189880576,-0.004293078556656837,0.04774032160639763,-0.02039828523993492
1777498786200041984,-0.003902310505509377,0.04847855865955353,-0.02168523147702217
1777498786210183936,-0.003423529909923673,0.04944175854325294,-0.02293943986296654
1777498786220306176,-0.002983554499223828,0.05040664970874786,-0.02417627349495888
1777498786230408960,-0.002672315575182438,0.05147655308246613,-0.02530752308666706
1777498786240492544,-0.002279114443808794,0.05242260545492172,-0.02634270302951336
1777498786250556928,-0.002123561920598149,0.05348920449614525,-0.02732444740831852
1777498786260601600,-0.001822575344704092,0.05439157411456108,-0.02821654640138149
1777498786270628096,-0.001599097973667085,0.05533765628933907,-0.0290248841047287
1777498786280636672,-0.001503312843851745,0.05616218969225883,-0.02968153916299343
1777498786290625792,-0.00149569334462285,0.05706487968564034,-0.03028788790106773
1777498786300595456,-0.001440052757970989,0.05795847997069359,-0.03075158596038818
1777498786310546432,-0.00131998083088547,0.05844200029969215,-0.03113305568695068
1777498786320478208,-0.001434930134564638,0.05864730849862099,-0.03133869543671608
1777498786330390784,-0.001886548241600394,0.05871398746967316,-0.03141546621918678
1777498786340283904,-0.002391104120761156,0.05910088866949081,-0.03137856721878052
1777498786350158080,-0.002927546156570315,0.05942049995064735,-0.03120109252631664
1777498786360013312,-0.003803566563874483,0.05965488031506538,-0.03086236491799355
1777498786369849344,-0.004585780203342438,0.05949099361896515,-0.03034264221787453
1777498786379665920,-0.005327797494828701,0.05897536873817444,-0.02980411238968372
1777498786389463552,-0.006071735173463821,0.05843327939510345,-0.02928517758846283
1777498786399241984,-0.006307373289018869,0.05794288963079453,-0.02894794382154942
1777498786409467648,-0.006206541322171688,0.05744870379567146,-0.02868648804724216
1777498786419673856,-0.005980568937957287,0.05646185949444771,-0.02852378785610199
1777498786429861632,-0.005545273888856173,0.0552857331931591,-0.02834921143949032
1777498786440030208,-0.005187171511352062,0.05413200333714485,-0.0281138252466917
1777498786450178816,-0.004780944436788559,0.05284145846962929,-0.02779188565909863
1777498786460307968,-0.00462333532050252,0.05140266567468643,-0.02740078791975975
1777498786470417664,-0.004586980678141117,0.04987922310829163,-0.02689248509705067
1777498786480507904,-0.004829663317650557,0.04818791151046753,-0.02628146111965179
1777498786490578432,-0.005442673806101084,0.0467313751578331,-0.02567985653877258
1777498786500629504,-0.006126916967332363,0.04521454125642776,-0.02511713467538357
1777498786510661376,-0.006868374533951283,0.04379201680421829,-0.02455966547131538
1777498786520675584,-0.007653098087757826,0.04268241301178932,-0.02407504059374332
1777498786530672128,-0.008565811440348625,0.04157495126128197,-0.02363328076899052
1777498786540649216,-0.009411146864295006,0.04053528606891632,-0.02327228896319866
1777498786550607104,-0.00999111495912075,0.0395721048116684,-0.02301196567714214
1777498786560546048,-0.01045295409858227,0.03870179504156113,-0.02287758514285088
1777498786570465536,-0.01059889607131481,0.03778576850891113,-0.02287445589900017
1777498786580365824,-0.01047124527394772,0.0370522178709507,-0.02310063317418098
1777498786590247168,-0.009977197274565697,0.03654756397008896,-0.02356242388486862
1777498786600109312,-0.009274104610085487,0.03626026585698128,-0.02418401651084423
1777498786609952768,-0.008667393587529659,0.03616152703762054,-0.02492643520236015
1777498786619776768,-0.007932557724416256,0.03624038770794868,-0.02565599791705608
1777498786629581824,-0.007316036615520716,0.03640116751194,-0.02644338272511959
1777498786639367936,-0.007117357105016708,0.03676659241318703,-0.0271997507661581
1777498786649364224,-0.007193591445684433,0.03740133717656136,-0.02794393338263035
1777498786659570176,-0.007427861448377371,0.03822557255625725,-0.02864760719239712
1777498786669757184,-0.007760121021419764,0.0391559973359108,-0.02930937334895134
1777498786679924480,-0.008026491850614548,0.04013272374868393,-0.02998784743249416
1777498786690071808,-0.008337344974279404,0.04126736521720886,-0.03075258433818817
1777498786700199680,-0.008533979766070843,0.04254991933703423,-0.03164472058415413
1777498786710309376,-0.008476806804537773,0.04387768730521202,-0.03259918838739395
1777498786720400128,-0.008418955840170383,0.04508296400308609,-0.03357702121138573
1777498786730471680,-0.008386804722249508,0.04636981710791588,-0.03454408794641495
1777498786740523776,-0.008308033458888531,0.04755455255508423,-0.03544431179761887
1777498786750556160,-0.008359336294233799,0.04880210757255554,-0.03635844588279724
1777498786760569344,-0.00822440255433321,0.04997653514146805,-0.03720385581254959
1777498786770562816,-0.008128865621984005,0.05104547366499901,-0.03802252188324928
1777498786780536832,-0.00802899245172739,0.05197779089212418,-0.03878704458475113
1777498786790492416,-0.007922067306935787,0.05284063145518303,-0.03955230861902237
1777498786800428544,-0.007713199127465487,0.05365382507443428,-0.04024223610758781
1777498786810345216,-0.007821383886039257,0.0543798990547657,-0.04084441065788269
1777498786820242688,-0.007804602850228548,0.05514675751328468,-0.04133342951536179
1777498786830120960,-0.007456897292286158,0.05556704476475716,-0.04174009710550308
1777498786839979776,-0.007188888266682625,0.05550672486424446,-0.04215992242097855
1777498786849819648,-0.007303773891180754,0.05505084618926048,-0.04243257269263268
1777498786859640064,-0.007480901665985584,0.05491136386990547,-0.0426122322678566
1777498786869443072,-0.007437719963490963,0.05480754375457764,-0.04270211979746819
1777498786879227136,-0.00720997666940093,0.05460136756300926,-0.04271253943443298
1777498786889227264,-0.006986197084188461,0.05400943756103516,-0.04255041107535362
1777498786899442944,-0.006953804288059473,0.05341345071792603,-0.04232116788625717
1777498786909639680,-0.006680713500827551,0.05271440371870995,-0.04203842952847481
1777498786919816704,-0.006662684492766857,0.05205610394477844,-0.0416918508708477
1777498786929973760,-0.006787813268601894,0.05130875483155251,-0.04127688333392143
1777498786940111104,-0.006970368325710297,0.05050031468272209,-0.04068524017930031
1777498786950230016,-0.007513668388128281,0.04979245364665985,-0.03999774903059006
1777498786960330240,-0.008259423077106476,0.04903192818164825,-0.03915456682443619
1777498786970411520,-0.009086990728974342,0.0482194721698761,-0.03820903599262238
1777498786980473088,-0.01006530877202749,0.04732228070497513,-0.03723099455237389
1777498786990515200,-0.01112143509089947,0.04646690934896469,-0.03631816431879997
1777498787000538112,-0.01182018220424652,0.04591210559010506,-0.03563253581523895
1777498787010541568,-0.01228098943829536,0.04542601853609085,-0.03511768579483032
1777498787020525568,-0.01246833801269531,0.04510698840022087,-0.03486133739352226
1777498787030490624,-0.01233261171728373,0.04457268491387367,-0.03473464399576187
1777498787040436480,-0.0121995946392417,0.04410519823431969,-0.0346803292632103
1777498787050362624,-0.01185403484851122,0.04378264024853706,-0.03461463004350662
1777498787060269824,-0.01146681793034077,0.04375885054469109,-0.03459041565656662
1777498787070157568,-0.01113027706742287,0.04386382550001144,-0.0346699096262455
1777498787080025856,-0.01089297328144312,0.04401314258575439,-0.03476477414369583
1777498787089874944,-0.01077950280159712,0.04422209039330482,-0.03497395664453506
1777498787099705088,-0.01069821231067181,0.04450510442256927,-0.03522931411862373
1777498787109516800,-0.01055634301155806,0.0450643002986908,-0.03558476641774178
1777498787119310592,-0.01024584751576185,0.04570742696523666,-0.03595549240708351
1777498787129316864,-0.01013129483908415,0.04640665277838707,-0.03632726147770882
1777498787139534592,-0.009951522573828697,0.04716352745890617,-0.036683090031147
1777498787149732352,-0.009724118746817112,0.04797108843922615,-0.0370364785194397
1777498787159911168,-0.009752451442182064,0.04874176904559135,-0.03732527419924736
1777498787170070272,-0.009864773601293564,0.04959003254771233,-0.03756510093808174
1777498787180209920,-0.01005089282989502,0.05047376081347466,-0.03778178617358208
1777498787190329600,-0.01036129519343376,0.05143138766288757,-0.03803284838795662
1777498787200430080,-0.01043314393609762,0.05244417488574982,-0.03830641508102417
1777498787210510848,-0.01042132079601288,0.05345069989562035,-0.03860130906105042
1777498787220571904,-0.01054554991424084,0.05433293431997299,-0.03893818706274033
1777498787230613504,-0.01074443385004997,0.05511912330985069,-0.03923102468252182
1777498787240637696,-0.01073256134986877,0.0558539517223835,-0.03953041508793831
1777498787250643712,-0.01078255474567413,0.05639245361089706,-0.03974652662873268
1777498787260630528,-0.01126392371952534,0.05692147836089134,-0.03997333720326424
1777498787270597888,-0.0127581600099802,0.05696457624435425,-0.04034530371427536
1777498787280546304,-0.01476928777992725,0.05580294132232666,-0.04077367857098579
1777498787290475520,-0.01855036243796349,0.05507104843854904,-0.04036492109298706
1777498787300386048,-0.0219411738216877,0.05311452597379684,-0.03961741179227829
1777498787310276864,-0.02608718164265156,0.05319387465715408,-0.03844259679317474
1777498787320148992,-0.02673604898154736,0.05340348184108734,-0.03643754124641418
1777498787330002176,-0.02665713615715504,0.05525241792201996,-0.03477040305733681
1777498787339836160,-0.02899595536291599,0.05577845126390457,-0.03391724824905396
1777498787349650944,-0.02753747068345547,0.05404721945524216,-0.03390255942940712
1777498787359447040,-0.02726094238460064,0.05523458123207092,-0.03393843397498131
1777498787369224192,-0.02569565176963806,0.05637426674365997,-0.03437454625964165
1777498787379442432,-0.02488439902663231,0.05707795545458794,-0.03521236032247543
1777498787389641472,-0.02333869971334934,0.056610357016325,-0.03601394593715668
1777498787399821312,-0.02279204316437244,0.05685021728277206,-0.03673775121569633
1777498787409981440,-0.0216971430927515,0.05700027197599411,-0.03749806433916092
1777498787420121600,-0.0202977117151022,0.058751180768013,-0.03807855397462845
1777498787430242304,-0.01904616691172123,0.05939637497067451,-0.03856419771909714
1777498787440343552,-0.01812266930937767,0.06026493012905121,-0.03879538923501968
1777498787450425344,-0.01765819266438484,0.06109562888741493,-0.03869733586907387
1777498787460488448,-0.01722601614892483,0.06200570240616798,-0.03839563950896263
1777498787470532864,-0.01712898537516594,0.06317900866270065,-0.03787125647068024
1777498787480557824,-0.01766430214047432,0.06394347548484802,-0.03708087280392647
1777498787490563328,-0.01911864057183266,0.06435030698776245,-0.0362282432615757
1777498787500549376,-0.02075621858239174,0.0650605633854866,-0.03542526811361313
1777498787510516224,-0.02186807245016098,0.06563594192266464,-0.03489222005009651
1777498787520463872,-0.02284081466495991,0.0656236857175827,-0.03439811989665031
1777498787530391808,-0.02361265569925308,0.06540357321500778,-0.03394506871700287
1777498787540300800,-0.02319568023085594,0.06574945151805878,-0.03366154059767723
1777498787550190336,-0.02197754196822643,0.06675276905298233,-0.03352526947855949
1777498787560060672,-0.02149542607367039,0.06628791987895966,-0.03347550705075264
1777498787569911808,-0.02071910910308361,0.06586270779371262,-0.03345911577343941
1777498787579743488,-0.01969582028687,0.06613834202289581,-0.03355000168085098
1777498787589556224,-0.01909975707530975,0.0656534880399704,-0.03364061191678047
1777498787599349504,-0.01867188513278961,0.06555372476577759,-0.03363037109375
1777498787609123584,-0.01824734732508659,0.06495994329452515,-0.03353926911950111
1777498787619342848,-0.01828288100659847,0.06441543251276016,-0.03348240256309509
1777498787629542400,-0.0173599049448967,0.0638861209154129,-0.03335165232419968
1777498787639723008,-0.01642650179564953,0.06298012286424637,-0.033523790538311
1777498787649884416,-0.01616908982396126,0.06198171153664589,-0.03398733958601952
1777498787660026112,-0.01614494249224663,0.06139518320560455,-0.03458554670214653
1777498787670148096,-0.01612813957035542,0.0621279776096344,-0.03510486334562302
1777498787680250624,-0.01678119041025639,0.06253490597009659,-0.03546086326241493
1777498787690333696,-0.01681900210678577,0.06274012476205826,-0.03540704399347305
1777498787700397056,-0.0165716577321291,0.06170683354139328,-0.03508088737726212
1777498787710440960,-0.01677383109927177,0.06029155477881432,-0.03453145176172256
1777498787720465920,-0.01628631912171841,0.06052589043974876,-0.0341215468943119
1777498787730474240,-0.0152643583714962,0.06063521653413773,-0.0338461771607399
1777498787740463616,-0.01393762696534395,0.06025448441505432,-0.03395752608776093
1777498787750434304,-0.01372419111430645,0.05958224833011627,-0.03425804898142815
1777498787760385280,-0.01304599270224571,0.0583774745464325,-0.03473072499036789
1777498787770317056,-0.0112878056243062,0.05872960761189461,-0.03541570156812668
1777498787780229632,-0.008746715262532234,0.05943073704838753,-0.03635906800627708
1777498787790123264,-0.00751306489109993,0.05949351936578751,-0.03761996328830719
1777498787799997440,-0.00648402189835906,0.05876760557293892,-0.0384366549551487
1777498787809852928,-0.006200276780873537,0.05725021660327911,-0.03897657990455627
1777498787819689216,-0.006295697763562202,0.05661186203360558,-0.03920230641961098
1777498787829506560,-0.006294307298958302,0.05638125166296959,-0.03905722498893738
1777498787839304448,-0.006851539947092533,0.05557070672512054,-0.03845617920160294
1777498787849083392,-0.007064710836857557,0.05482207238674164,-0.0375191867351532
1777498787859308544,-0.007782633416354656,0.05370675772428513,-0.03636080026626587
1777498787869513984,-0.008878263644874096,0.05276026949286461,-0.03500442206859589
1777498787879699456,-0.009673462249338627,0.05132529884576797,-0.03369318693876266
1777498787889865984,-0.01086485013365746,0.05047595128417015,-0.03284942731261253
1777498787900012800,-0.01137327495962381,0.04934091120958328,-0.03212014213204384
1777498787910139648,-0.01276231463998556,0.04793921485543251,-0.03157855570316315
1777498787920246784,-0.01305532641708851,0.04690880700945854,-0.03129256144165993
1777498787930334464,-0.01284559536725283,0.04658323898911476,-0.03126460686326027
1777498787940402432,-0.01185003481805325,0.04524821788072586,-0.03118656575679779
1777498787950450688,-0.01126436702907085,0.04467238858342171,-0.03113841265439987
1777498787960479232,-0.01007625181227922,0.04318450391292572,-0.03093706630170345
1777498787970488832,-0.009235179051756859,0.04265979677438736,-0.03071265108883381
1777498787980479232,-0.008546806871891022,0.04190026223659515,-0.03046323172748089
1777498787990450176,-0.00810680165886879,0.04156666994094849,-0.03015629388391972
1777498788000401664,-0.007753637619316578,0.04129026457667351,-0.02973803877830505
1777498788010333440,-0.007654502522200346,0.04091241210699081,-0.02925525046885014
1777498788020246016,-0.00767308846116066,0.04102333635091782,-0.02866807021200657
1777498788030141952,-0.007747777737677097,0.04119212552905083,-0.02803877554833889
1777498788040021504,-0.007846706546843052,0.04167218133807182,-0.02735881321132183
1777498788049881856,-0.008004932664334774,0.0420624315738678,-0.02653714083135128
1777498788059723008,-0.008258148096501827,0.04272168129682541,-0.02560930699110031
1777498788069545216,-0.008681928738951683,0.04325594007968903,-0.02460744976997375
1777498788079348480,-0.00891572143882513,0.04434322193264961,-0.02361422032117844
1777498788089132288,-0.009095936082303524,0.0451279878616333,-0.02262094803154469
1777498788099366656,-0.009341981261968613,0.04605506733059883,-0.02163983881473541
1777498788109581056,-0.009541905485093594,0.046810083091259,-0.02062148787081242
1777498788119775744,-0.009977638721466064,0.04780517891049385,-0.01965486258268356
1777498788129950976,-0.01011658925563097,0.0489504486322403,-0.01873726211488247
1777498788140106240,-0.01013901177793741,0.05008881539106369,-0.01789070479571819
1777498788150241536,-0.01026327069848776,0.05110875517129898,-0.0170735027641058
1777498788160357888,-0.01020774058997631,0.0520133264362812,-0.01632457412779331
1777498788170454016,-0.01006545685231686,0.05292035266757011,-0.01561799459159374
1777498788180530688,-0.009865321218967438,0.05392046645283699,-0.0149595569819212
1777498788190587648,-0.009663294069468975,0.05486388504505157,-0.01434321701526642
1777498788200625408,-0.009521482512354851,0.05574675276875496,-0.01379150059074163
1777498788210643456,-0.009530493058264256,0.05651181563735008,-0.01324412226676941
1777498788220641792,-0.009521177969872952,0.05731783807277679,-0.01266644056886435
1777498788230620672,-0.009660568088293076,0.05787213891744614,-0.01213502883911133
1777498788240580096,-0.009750004857778549,0.05826858058571815,-0.01167750544846058
1777498788250523904,-0.009761487133800983,0.05858100950717926,-0.01128473784774542
1777498788260448256,-0.009697696194052696,0.05889328569173813,-0.01098093576729298
1777498788270353408,-0.00949042197316885,0.05911504104733467,-0.01072335429489613
1777498788280239360,-0.009176974184811115,0.05917545035481453,-0.0105320680886507
1777498788290106112,-0.008940834552049637,0.05898053199052811,-0.01039276272058487
1777498788299953664,-0.008654550649225712,0.05879903584718704,-0.01029004622250795
1777498788309782016,-0.008475755341351032,0.05856785550713539,-0.01020270679146051
1777498788319590912,-0.008327131159603596,0.05828902870416641,-0.0101237241178751
1777498788329381120,-0.00831798929721117,0.05787745490670204,-0.009990624152123928
1777498788339384576,-0.008574940264225006,0.0573689192533493,-0.009857576340436935
1777498788349600512,-0.008725099265575409,0.05669771134853363,-0.009755657054483891
1777498788359796480,-0.008824517019093037,0.05619055032730103,-0.009740745648741722
1777498788369973504,-0.008897137828171253,0.05559876188635826,-0.009792247787117958
1777498788380130816,-0.008964822627604008,0.05496427416801453,-0.009909505024552345
1777498788390268928,-0.008944877423346043,0.0541909895837307,-0.01005457248538733
1777498788400387072,-0.009053513407707214,0.05349601432681084,-0.01017827074974775
1777498788410485760,-0.009048568084836006,0.05278027430176735,-0.01034067757427692
1777498788420565248,-0.008927702903747559,0.05213427543640137,-0.01053041592240334
1777498788430625536,-0.00877175759524107,0.05126089602708817,-0.01081321109086275
1777498788440667648,-0.00856038648635149,0.05031245946884155,-0.01111113093793392
1777498788450692096,-0.008161715231835842,0.04941406846046448,-0.01148340199142694
1777498788460696832,-0.007763032801449299,0.04870389401912689,-0.01185681112110615
1777498788470682368,-0.007316749542951584,0.04807637631893158,-0.01225726120173931
1777498788480648704,-0.00703149288892746,0.0474843941628933,-0.01261748280376196
1777498788490595840,-0.006853586062788963,0.04682518541812897,-0.01287878397852182
1777498788500523776,-0.006874326150864363,0.04630236327648163,-0.01305007562041283
1777498788510432256,-0.007075502071529627,0.0458328053355217,-0.01321550365537405
1777498788520321792,-0.007259402424097061,0.04545668140053749,-0.01334357913583517
1777498788530192640,-0.007765897084027529,0.04509575664997101,-0.01350215449929237
1777498788540044032,-0.008053458295762539,0.04491836205124855,-0.01362057030200958
1777498788549876480,-0.008173220790922642,0.04470102861523628,-0.01370901428163052
1777498788559689728,-0.008200637064874172,0.04456739872694016,-0.01381961070001125
1777498788569484032,-0.008097394369542599,0.04434198513627052,-0.01399488002061844
1777498788579489536,-0.00779737951233983,0.0442027859389782,-0.01423370931297541
1777498788589705728,-0.007608268409967422,0.04402618110179901,-0.01453254837542772
1777498788599901696,-0.007592501118779182,0.04390113055706024,-0.01481949724256992
1777498788610077696,-0.007737894076853991,0.04388121142983437,-0.01507763098925352
1777498788620235520,-0.00796162523329258,0.04379820078611374,-0.01528311613947153
1777498788630373888,-0.008082132786512375,0.04382729902863503,-0.01546980813145638
1777498788640492288,-0.008127029053866863,0.04373472183942795,-0.01562242489308119
1777498788650590976,-0.008173138834536076,0.04366949200630188,-0.01580182462930679
1777498788660670464,-0.007904026657342911,0.04361947998404503,-0.01602957770228386
1777498788670730240,-0.007560449186712503,0.04355020448565483,-0.01630381122231483
1777498788680770304,-0.007260939106345177,0.0434722900390625,-0.01655885949730873
1777498788690790912,-0.00691905478015542,0.04332561045885086,-0.01684353686869144
1777498788700795392,-0.006660040002316236,0.043117705732584,-0.0170887466520071
1777498788710780416,-0.006317055318504572,0.04287981986999512,-0.01722540147602558
1777498788720746240,-0.005765696056187153,0.04239702969789505,-0.0173721369355917
1777498788730692608,-0.005193931050598621,0.04172161221504211,-0.01762300729751587
1777498788740619520,-0.00458870455622673,0.04143300652503967,-0.01801578141748905
1777498788750526976,-0.003851377870887518,0.04121978953480721,-0.01845544949173927
1777498788760415232,-0.00307660480029881,0.04087279364466667,-0.01880675926804543
1777498788770284288,-0.002987967105582356,0.04006732255220413,-0.01895610615611076
1777498788780134656,-0.003177200676873326,0.03912832215428352,-0.01889869570732117
1777498788789965824,-0.003235457232221961,0.03814167156815529,-0.01867633685469627
1777498788799777280,-0.003466095775365829,0.03761044144630432,-0.01848118007183075
1777498788809569536,-0.003558506723493338,0.03666170313954353,-0.01826846972107887
1777498788819574784,-0.004190987907350063,0.0356738492846489,-0.01807812601327896
1777498788829792256,-0.004844634793698788,0.03439419716596603,-0.01792113482952118
1777498788839989760,-0.005345383193343878,0.03315779194235802,-0.01787077635526657
1777498788850168320,-0.005444662179797888,0.03221393004059792,-0.0179254412651062
1777498788860327168,-0.005430156830698252,0.0315687321126461,-0.01805989071726799
1777498788870466560,-0.005414223298430443,0.03049697540700436,-0.01820547692477703
1777498788880585984,-0.005314361769706011,0.02926045656204224,-0.01833715662360191
1777498788890686464,-0.004979304037988186,0.02811993844807148,-0.01849487610161304
1777498788900767232,-0.004524863790720701,0.0269984807819128,-0.01866544783115387
1777498788910828288,-0.004304911941289902,0.02589103579521179,-0.01885201968252659
1777498788920872704,-0.004360162653028965,0.02482869662344456,-0.01907816529273987
1777498788930897920,-0.004391483031213284,0.02394968830049038,-0.01937568746507168
1777498788940904192,-0.004360079299658537,0.02338500320911407,-0.01977176405489445
1777498788950891008,-0.004145111888647079,0.02285761013627052,-0.02015556022524834
1777498788960858880,-0.004107341635972261,0.02215814590454102,-0.0204643364995718
1777498788970807296,-0.004156246315687895,0.02154987677931786,-0.02068039774894714
1777498788980736256,-0.004143171943724155,0.02105223201215267,-0.02088643610477448
1777498788990645760,-0.004192992579191923,0.02091720886528492,-0.02111153863370419
1777498789000536832,-0.004079543054103851,0.02067347057163715,-0.02127249538898468
1777498789010408704,-0.003914466127753258,0.02049503102898598,-0.02148378267884254
1777498789020261376,-0.003769985865801573,0.02018029242753983,-0.02169151417911053
1777498789030095104,-0.003249395871534944,0.02016228809952736,-0.02199831232428551
1777498789039909632,-0.002482139738276601,0.01999096572399139,-0.02233259193599224
1777498789049704960,-0.00197284109890461,0.01984673738479614,-0.0226716510951519
1777498789059481344,-0.001376643776893616,0.01953488774597645,-0.02294350974261761
1777498789069700352,-0.0008908325107768178,0.01941308379173279,-0.02317684702575207
1777498789079899392,-0.0006451566587202251,0.01911850832402706,-0.02331705763936043
1777498789090078720,-0.0005923381540924311,0.01888761669397354,-0.02330845966935158
1777498789100238592,-0.0007124596741050482,0.01858638785779476,-0.02316103503108025
1777498789110379008,-0.0009863217128440738,0.01830987632274628,-0.02292068675160408
1777498789120499712,-0.001406820840202272,0.01806204952299595,-0.02260976657271385
1777498789130600960,-0.002042806008830667,0.01776737719774246,-0.02227107807993889
1777498789140682752,-0.002536565996706486,0.01743044331669807,-0.02189313992857933
1777498789150745088,-0.003047572216019034,0.01703140884637833,-0.02155072428286076
1777498789160787712,-0.003613180480897427,0.01672234572470188,-0.02122463472187519
1777498789170810880,-0.003838998731225729,0.01633779890835285,-0.02097014710307121
1777498789180815616,-0.004055097233504057,0.01595434732735157,-0.0207869503647089
1777498789190801152,-0.004029501229524612,0.01551585458219051,-0.02062935195863247
1777498789200767232,-0.003813870716840029,0.01496006734669209,-0.02057234384119511
1777498789210716160,-0.00349355535581708,0.01437768246978521,-0.02056348510086536
1777498789220647680,-0.002967605367302895,0.01375877764075994,-0.0205887034535408
1777498789230559488,-0.002404112601652741,0.01301311701536179,-0.02063992619514465
1777498789240452352,-0.001816411735489964,0.01220292132347822,-0.0206847470253706
1777498789250326016,-0.001044628326781094,0.01133258081972599,-0.02072755992412567
1777498789260180224,-0.000445923738880083,0.01039626821875572,-0.02075408212840557
1777498789270015488,1.462105501559563e-05,0.009278689511120319,-0.02068134769797325
1777498789279831296,0.0001859451731434092,0.008175565861165524,-0.02049538120627403
1777498789289628416,0.0002984087914228439,0.00704967649653554,-0.02018832042813301
1777498789299406848,0.0001819265889935195,0.005815854296088219,-0.01974230818450451
1777498789309632512,-0.000304259912809357,0.004682674538344145,-0.0191515851765871
1777498789319838208,-0.0006838039262220263,0.003523832885548472,-0.01841924525797367
1777498789330023936,-0.001405829563736916,0.002227271441370249,-0.01759285293519497
1777498789340189952,-0.00236802501603961,0.000979049364104867,-0.0166645422577858
1777498789350337792,-0.003048211336135864,8.060522304731421e-06,-0.0156401265412569
1777498789360465920,-0.003600729629397392,-0.001235128147527575,-0.01453092787414789
1777498789370574080,-0.004794098902493715,-0.002381606493145227,-0.01344038546085358
1777498789380662528,-0.005179931409657001,-0.003156628459692001,-0.01245945226401091
1777498789390731776,-0.005189321935176849,-0.003365779062733054,-0.01171615347266197
1777498789400781312,-0.00547588849440217,-0.003878192277625203,-0.01118356175720692
1777498789410810880,-0.005198359023779631,-0.003534427611157298,-0.01086447294801474
1777498789420820992,-0.004686575382947922,-0.00341511401347816,-0.01057843677699566
1777498789430811904,-0.004557305481284857,-0.002933505224063993,-0.01037740148603916
1777498789440783360,-0.004206966143101454,-0.002690756693482399,-0.01019620429724455
1777498789450735360,-0.003716765670105815,-0.002084596315398812,-0.009972808882594109
1777498789460668416,-0.003755367128178477,-0.001994151854887605,-0.009709449484944344
1777498789470581760,-0.004166037309914827,-0.001742671825923026,-0.009435558691620827
1777498789480475904,-0.004246005788445473,-0.001514487550593913,-0.009219052270054817
1777498789490350592,-0.004579802509397268,-0.001028808648698032,-0.009040120989084244
1777498789500206336,-0.004830623511224985,-0.0009372587664984167,-0.008902573026716709
1777498789510049024,-0.00517642917111516,-0.0006793740321882069,-0.008772540837526321
1777498789519872768,-0.005453488789498806,-0.0008315960876643658,-0.008691880851984024
1777498789529677312,-0.005743397865444422,-0.0005585802718997002,-0.008633380755782127
1777498789539462912,-0.005896867252886295,-0.0008780849748291075,-0.008590045385062695
1777498789549459200,-0.005928103812038898,-0.001014639274217188,-0.008599014021456242
1777498789559665664,-0.005753106437623501,-0.001598074682988226,-0.008689216338098049
1777498789569852160,-0.005228106398135424,-0.001918436493724585,-0.008916052058339119
1777498789580018688,-0.004592067562043667,-0.0025920404586941,-0.009221200831234455
1777498789590166016,-0.003787665627896786,-0.003214263124391437,-0.00952626671642065
1777498789600294144,-0.003007693681865931,-0.00423448858782649,-0.00981559231877327
1777498789610403584,-0.002199527807533741,-0.005178152583539486,-0.01009144261479378
1777498789620493312,-0.001361815491691232,-0.006204878911375999,-0.01036522351205349
1777498789630563584,-0.0005196024430915713,-0.007300493773072958,-0.01066930778324604
1777498789640614400,0.000951124937273562,-0.007215973455458879,-0.01079677417874336
1777498789650645760,-0.0005037870141677558,-0.007709969766438007,-0.01108418125659227
1777498789660657664,-0.0002406708954367787,-0.007740651722997427,-0.01137006003409624
1777498789670649856,-0.0003930793609470129,-0.007312867324799299,-0.01163821201771498
1777498789680622592,0.0002686142106540501,-0.007493467535823584,-0.01194714196026325
1777498789690576128,0.0005515626398846507,-0.006975802127271891,-0.01215863972902298
1777498789700510464,0.0001607627200428396,-0.007365739904344082,-0.01239735540002584
1777498789710425088,-0.0005341696087270975,-0.007509329356253147,-0.01277999766170979
1777498789720320256,-0.0008151649963110685,-0.00742377107962966,-0.01331761851906776
1777498789730195968,-0.0006060429732315242,-0.007143318187445402,-0.01399972476065159
1777498789740052736,-0.0006969196838326752,-0.006896944716572762,-0.01477768924087286
1777498789749890048,-0.0007380559691227973,-0.00718885101377964,-0.01560133136808872
1777498789759708672,-0.0008741245837882161,-0.007327032275497913,-0.01649783551692963
1777498789769508608,-0.0008418713696300983,-0.007541350554674864,-0.01756923831999302
1777498789779289344,-0.0005981540307402611,-0.007331004831939936,-0.01876370422542095
1777498789789287936,-0.0004491956788115203,-0.00741769140586257,-0.02008888870477676
1777498789799503872,-0.0007255725795403123,-0.007534400094300508,-0.02145392075181007
1777498789809699840,-0.001027504447847605,-0.007886518724262714,-0.02286025136709213
1777498789819875840,-0.0009064442710950971,-0.007712363731116056,-0.0243378970772028
1777498789830032384,-0.0003678438370116055,-0.007550019305199385,-0.02588068321347237
1777498789840169216,0.0005323146469891071,-0.007245482411235571,-0.02738581411540508
1777498789850286592,0.0005080507253296673,-0.00769766652956605,-0.02862195670604706
1777498789860385792,0.0003907177888322622,-0.007806105073541403,-0.02966453693807125
1777498789870465536,0.0009376155212521553,-0.007673144340515137,-0.03045668825507164
1777498789880525824,0.001427719835191965,-0.007335855159908533,-0.03112713806331158
1777498789890566656,0.001597144873812795,-0.007322418969124556,-0.03161691874265671
1777498789900588288,0.001497826655395329,-0.007656191475689411,-0.03193677589297295
1777498789910590464,0.00173416396137327,-0.007815566845238209,-0.03217260539531708
1777498789920573184,0.002163010649383068,-0.007537679746747017,-0.03232824057340622
1777498789930536704,0.002572934608906507,-0.007342101074755192,-0.03235707432031631
1777498789940481792,0.002750499872490764,-0.007610118016600609,-0.03220080211758614
1777498789950407424,0.002736491616815329,-0.007960664108395576,-0.03194016963243484
1777498789960313856,0.003028574632480741,-0.008044390939176083,-0.0315990149974823
1777498789970201344,0.003278434509411454,-0.007926168851554394,-0.03118603862822056
1777498789980069376,0.003303936449810863,-0.007872477173805237,-0.03070775046944618
1777498789989918208,0.002926068380475044,-0.007825379259884357,-0.03014177642762661
1777498789999747584,0.002781788352876902,-0.007753490470349789,-0.02958876639604568
1777498790009558016,0.002736965892836452,-0.007668162230402231,-0.02908233180642128
1777498790019350272,0.002621844410896301,-0.007631400600075722,-0.02866172231733799
1777498790029355008,0.00240577501244843,-0.007502686697989702,-0.02836935594677925
1777498790039571712,0.002501512411981821,-0.007572110276669264,-0.02814043127000332
1777498790049768704,0.002249535406008363,-0.007579410914331675,-0.02798120491206646
1777498790059946752,0.002173421671614051,-0.00753010855987668,-0.02796119637787342
1777498790070104832,0.002063807332888246,-0.007360000628978014,-0.02807080186903477
1777498790080242944,0.001953273313120008,-0.007390540093183517,-0.02828254364430904
1777498790090361600,0.001882749958895147,-0.007388485129922628,-0.02854674495756626
1777498790100460544,0.001893396489322186,-0.00745646096765995,-0.02890453115105629
1777498790110540288,0.002039004117250443,-0.007409163750708103,-0.02931687049567699
1777498790120600320,0.002198264235630631,-0.007484986446797848,-0.02975139953196049
1777498790130640640,0.002209121128544211,-0.007504859007894993,-0.03020031377673149
1777498790140661760,0.002242359798401594,-0.007556384429335594,-0.03062309324741364
1777498790150663680,0.002273040590807796,-0.007529521826654673,-0.03101014718413353
1777498790160645632,0.002159824827685952,-0.00755170127376914,-0.03139415383338928
1777498790170608128,0.002113512950018048,-0.007432816084474325,-0.03178631141781807
1777498790180551168,0.002328994683921337,-0.007439468055963516,-0.03215023130178452
1777498790190477824,0.002292731776833534,-0.007581193931400776,-0.03239927813410759
1777498790200388608,0.002346186665818095,-0.007595867849886417,-0.03253757581114769
1777498790210280192,0.002329411916434765,-0.00752398744225502,-0.03260114416480064
1777498790220152576,0.002255480969324708,-0.007524363696575165,-0.03252720832824707
1777498790230006016,0.002133581088855863,-0.007572456728667021,-0.03238724544644356
1777498790239840512,0.002213620580732822,-0.007552339695394039,-0.03225156292319298
1777498790249655808,0.00220820214599371,-0.007557855453342199,-0.03205986320972443
1777498790259452160,0.00228068302385509,-0.007636836264282465,-0.03179308027029037
1777498790269229568,0.002287300303578377,-0.007673592772334814,-0.03148763999342918
1777498790279447808,0.002312913537025452,-0.007674511056393385,-0.03117764368653297
1777498790289646336,0.002282208297401667,-0.007676687557250261,-0.03087682276964188
1777498790299825408,0.002265705727040768,-0.007709946949034929,-0.03063546679913998
1777498790309984256,0.00225253077223897,-0.007674054242670536,-0.03049525618553162
1777498790320124672,0.002299783518537879,-0.007649396546185017,-0.03043248690664768
1777498790330245376,0.002340248785912991,-0.007660180795937777,-0.03040924109518528
1777498790340346624,0.002358291065320373,-0.007700012996792793,-0.03042616695165634
1777498790350428672,0.002375420648604631,-0.00771793071180582,-0.03048405423760414
1777498790360491520,0.002355677308514714,-0.00769440084695816,-0.03057692386209965
1777498790370534912,0.002348007867112756,-0.007687104865908623,-0.03069946356117725
1777498790380558848,0.002309565665200353,-0.007655737921595573,-0.03086076863110065
1777498790390563328,0.002288190415129066,-0.007642371580004692,-0.03104193694889545
1777498790400549120,0.002295571845024824,-0.007615605369210243,-0.03121755458414555
1777498790410515456,0.002321305917575955,-0.007632503286004066,-0.03137575834989548
1777498790420462336,0.002334106015041471,-0.007610156666487455,-0.03148947283625603
1777498790430390016,0.002340149134397507,-0.00762919383123517,-0.03155366703867912
1777498790440298240,0.00231374753639102,-0.007610701024532318,-0.03156111761927605
1777498790450190080,0.002306152833625674,-0.00761834904551506,-0.03153401613235474
1777498790460065280,0.002273654798045754,-0.007605421356856823,-0.03148219734430313
1777498790469921792,0.002296888269484043,-0.007608411833643913,-0.03140273317694664
1777498790479758848,0.002317191800102592,-0.007614833302795887,-0.03130270540714264
1777498790489577472,0.002308776136487722,-0.007635426241904497,-0.03117702156305313
1777498790499376896,0.002310008741915226,-0.007636977359652519,-0.03104384057223797
1777498790509157120,0.002318615326657891,-0.007642761804163456,-0.0309226717799902
1777498790519375872,0.002312921918928623,-0.007648173253983259,-0.03082382492721081
1777498790529574912,0.002323572989553213,-0.007660876028239727,-0.03076290525496006
1777498790539754240,0.002316104248166084,-0.00765912001952529,-0.03074958920478821
1777498790549914624,0.002332158852368593,-0.007669262122362852,-0.03077432699501514
1777498790560055296,0.002338621532544494,-0.007665611803531647,-0.03082429058849812
1777498790570176256,0.002333096694201231,-0.007671989500522614,-0.03088586218655109
1777498790580277760,0.002329642651602626,-0.00767078110948205,-0.03095430694520473
1777498790590360064,0.002322276821359992,-0.007660484872758389,-0.03103135898709297
1777498790600422656,0.002319037681445479,-0.007649410516023636,-0.03111037239432335
1777498790610465792,0.002314929384738207,-0.007643218617886305,-0.03118590079247952
1777498790620489472,0.002306893235072494,-0.007639224641025066,-0.03125593438744545
1777498790630496768,0.002306733280420303,-0.007634531706571579,-0.03130641952157021
1777498790640484608,0.002309744013473392,-0.007629809901118279,-0.03133641555905342
1777498790650453248,0.002312889788299799,-0.00761989364400506,-0.0313383936882019
1777498790660402688,0.0023095419164747,-0.007618600968271494,-0.03131069988012314
1777498790670332928,0.002308021998032928,-0.007617903407663107,-0.03126963600516319
1777498790680243712,0.002306269016116858,-0.007622466888278723,-0.03121436573565006
1777498790690135040,0.002303316490724683,-0.007633875124156475,-0.03115730173885822
1777498790700007168,0.002300593070685863,-0.007644276600331068,-0.03110120072960854
1777498790709860608,0.002300997730344534,-0.007647124119102955,-0.03105174191296101
1777498790719694848,0.002304136520251632,-0.007657319772988558,-0.03100688941776752
1777498790729509888,0.002303915563970804,-0.007662290707230568,-0.03097112663090229
1777498790739305728,0.002296040765941143,-0.0076667545363307,-0.03095224872231483
1777498790749082368,0.002289938973262906,-0.007664141245186329,-0.03094647638499737
1777498790759308032,0.002289447002112865,-0.007666361518204212,-0.03096191212534904
1777498790769513984,0.002291001845151186,-0.007662094663828611,-0.0309908464550972
1777498790779700224,0.002286714734509587,-0.007662395946681499,-0.03103150613605976
1777498790789867264,0.002283075591549277,-0.007656589150428772,-0.03107191808521748
1777498790800014848,0.002276628045365214,-0.00764475530013442,-0.03111525624990463
1777498790810142464,0.002267567440867424,-0.00764322467148304,-0.03114669024944305
1777498790820250368,0.002262376016005874,-0.007638132199645042,-0.03117536567151546
1777498790830338816,0.002263706643134356,-0.007636764086782932,-0.03119879588484764
1777498790840407552,0.002258528489619493,-0.007636568509042263,-0.03121224604547024
1777498790850456832,0.002253843704238534,-0.007633559871464968,-0.03121446818113327
1777498790860486912,0.002259195549413562,-0.007638255599886179,-0.03120703995227814
1777498790870498560,0.002257704734802246,-0.007640814874321222,-0.03118627332150936
1777498790880490752,0.002251616446301341,-0.007648466154932976,-0.03115593455731869
1777498790890465280,0.002252169884741306,-0.007658431306481361,-0.03112736344337463
1777498790900422400,0.002254718914628029,-0.007662949152290821,-0.03109833598136902
1777498790910360064,0.002256239531561732,-0.007671917788684368,-0.03106755204498768
1777498790920278528,0.00226099556311965,-0.007674875669181347,-0.03104551509022713
1777498790930178048,0.002266386756673455,-0.007670881226658821,-0.03102772124111652
1777498790940058368,0.002271565608680248,-0.007671824656426907,-0.03101886622607708
1777498790949919744,0.002272438490763307,-0.007670871447771788,-0.03101443313062191
1777498790959761664,0.002266981406137347,-0.007664603181183338,-0.03102729097008705
1777498790969585152,0.00227477285079658,-0.007666572462767363,-0.03103494830429554
1777498790979389952,0.002277938881888986,-0.007664613425731659,-0.03105718083679676
1777498790989175552,0.002271540462970734,-0.007655429653823376,-0.03107944130897522
1777498790999401728,0.002271680859848857,-0.007652328815311193,-0.03109876066446304
1777498791009608192,0.002265957184135914,-0.007651054300367832,-0.03112405724823475
1777498791019794944,0.002266976749524474,-0.007651797030121088,-0.0311402790248394
1777498791029962240,0.002267141826450825,-0.007651622407138348,-0.03115016035735607
1777498791040109824,0.002271432895213366,-0.007655757945030928,-0.03114834427833557
1777498791050237696,0.002269498771056533,-0.007660939358174801,-0.03114464692771435
1777498791060346880,0.00227330275811255,-0.007662508636713028,-0.03113224171102047
1777498791070437376,0.002274214290082455,-0.007659841328859329,-0.03111607395112514
1777498791080508672,0.002271909965202212,-0.00766054168343544,-0.03109323605895042
1777498791090560256,0.00227426178753376,-0.007653407286852598,-0.03106676787137985
1777498791100592128,0.002267938805744052,-0.007657353766262531,-0.03104891441762447
1777498791110604800,0.002260016743093729,-0.007659820839762688,-0.03103316947817802
1777498791120598016,0.002257295185700059,-0.007658339105546474,-0.03102505207061768
1777498791130571776,0.00225616549141705,-0.007652924861758947,-0.03102057240903378
1777498791140526592,0.002255362225696445,-0.007655851542949677,-0.03102839179337025
1777498791150462720,0.00226064445450902,-0.00765876704826951,-0.03104414232075214
1777498791160379904,0.002257403917610645,-0.00765342777594924,-0.03105970099568367
1777498791170277632,0.002263447968289256,-0.00764650572091341,-0.03107799030840397
1777498791180156160,0.002263118512928486,-0.007644402794539928,-0.03109211288392544
1777498791190015488,0.002260240260511637,-0.007649206090718508,-0.0311060082167387
1777498791199855360,0.002254570135846734,-0.007645383942872286,-0.0311108436435461
1777498791209676288,0.002251267433166504,-0.007644399534910917,-0.03111538849771023
1777498791219479296,0.002243674593046308,-0.007640733383595943,-0.03111404925584793
1777498791229263616,0.00223813857883215,-0.007643215358257294,-0.0311066098511219
1777498791239264000,0.00224341219291091,-0.007642496377229691,-0.03110065497457981
1777498791249479936,0.00223437394015491,-0.007644036319106817,-0.03109241649508476
1777498791259675904,0.002231796272099018,-0.007646216545253992,-0.03108475543558598
1777498791269851904,0.002228759694844484,-0.007650908082723618,-0.03107841685414314
1777498791280009216,0.002232338301837444,-0.00765209598466754,-0.03107733838260174
1777498791290146816,0.002234643325209618,-0.007656618487089872,-0.03107789717614651
1777498791300264704,0.002239338820800185,-0.007646515965461731,-0.03107705339789391
1777498791310363136,0.002244256669655442,-0.007652909494936466,-0.03108243830502033
1777498791320442624,0.002243272727355361,-0.007657686248421669,-0.03108406998217106
1777498791330502400,0.002247744705528021,-0.007657932583242655,-0.03108035400509834
1777498791340542720,0.002252920297905803,-0.007667145691812038,-0.03108269348740578
1777498791350563584,0.00224979710765183,-0.007665424607694149,-0.03109125420451164
1777498791360565760,0.002241814276203513,-0.007667529862374067,-0.03109451197087765
1777498791370549760,0.002237554872408509,-0.007666849996894598,-0.03109779395163059
1777498791380515840,0.00223624031059444,-0.007662919349968433,-0.03110224939882755
1777498791390462464,0.002229938982054591,-0.007663052063435316,-0.03110116347670555
1777498791400389888,0.002230842132121325,-0.007656984962522984,-0.03109641373157501
1777498791410298368,0.002226299839094281,-0.00765958521515131,-0.03109677508473396
1777498791420187648,0.00221934774890542,-0.007662346586585045,-0.03109822794795036
1777498791430057728,0.002215388230979443,-0.007659304887056351,-0.03109507448971272
1777498791439908864,0.002212193096056581,-0.007653086446225643,-0.03109359927475452
1777498791449741056,0.002215549582615495,-0.007652743719518185,-0.03109079599380493
1777498791459554560,0.002223006682470441,-0.00765239680185914,-0.03108514286577702
1777498791469348864,0.002220856957137585,-0.007655245251953602,-0.03108392469584942
1777498791479354368,0.002223606454208493,-0.007652755826711655,-0.03108234703540802
1777498791489571072,0.00222028186544776,-0.007648016326129436,-0.03107918798923492
1777498791499767808,0.002219126094132662,-0.007646549493074417,-0.03107928112149239
1777498791509945600,0.00222211959771812,-0.007650365587323904,-0.03107544220983982
1777498791520103936,0.002221292350441217,-0.007649884093552828,-0.03108054585754871
1777498791530242560,0.002224789001047611,-0.00764930946752429,-0.03108927793800831
1777498791540361472,0.002229020465165377,-0.007645490579307079,-0.03109096735715866
1777498791550460928,0.002238775370642543,-0.007644373923540115,-0.03109122440218925
1777498791560540928,0.002239286201074719,-0.007643212098628283,-0.0310992170125246
1777498791570601216,0.002235603518784046,-0.007644414901733398,-0.0310963112860918
1777498791580641792,0.00223748735152185,-0.007643359713256359,-0.03109924308955669
1777498791590665216,0.002233830746263266,-0.007637571543455124,-0.03110517375171185
1777498791600670464,0.002234764629974961,-0.007638267241418362,-0.0311085470020771
1777498791610656256,0.002241840353235602,-0.007638899609446526,-0.03111566975712776
1777498791620622592,0.002250671619549394,-0.007633063476532698,-0.0311122965067625
1777498791630569728,0.002255408558994532,-0.007625523954629898,-0.03110840171575546
1777498791640497664,0.002257569460198283,-0.007622921839356422,-0.03110761940479279
1777498791650405888,0.002251551253721118,-0.007623748388141394,-0.03110366314649582
1777498791660295168,0.002254416001960635,-0.007627714425325394,-0.03109579533338547
1777498791670165248,0.002254612511023879,-0.007623101118952036,-0.03109085373580456
1777498791680016640,0.002261449815705419,-0.00762634351849556,-0.03108511306345463
1777498791689848576,0.002255995757877827,-0.007629815489053726,-0.0310865230858326
1777498791699661312,0.002256153617054224,-0.007631530053913593,-0.03108491562306881
1777498791709455104,0.002263864735141397,-0.007635775022208691,-0.03107938729226589
1777498791719460608,0.002264003967866302,-0.007645043544471264,-0.03108200989663601
1777498791729677824,0.002256616251543164,-0.007641210686415434,-0.03108429722487926
1777498791739875328,0.00225277291610837,-0.007643094751983881,-0.03108882158994675
1777498791750053376,0.002254316816106439,-0.007639121264219284,-0.03108699433505535
1777498791760211456,0.002260112669318914,-0.007634636480361223,-0.03109034523367882
1777498791770350336,0.002260941546410322,-0.007634090259671211,-0.03109322302043438
1777498791780470528,0.002267885953187943,-0.007636872585862875,-0.03109330870211124
1777498791790570752,0.002268173266202211,-0.007641504984349012,-0.03109950572252274
1777498791800651520,0.002265968592837453,-0.00763969961553812,-0.03110015206038952
1777498791810712576,0.002266208175569773,-0.007640101481229067,-0.03110001608729362
1777498791820754176,0.002261954359710217,-0.007638306356966496,-0.03109549358487129
1777498791830776576,0.002269643126055598,-0.007640040945261717,-0.0310938898473978
1777498791840779008,0.002271914854645729,-0.007649768609553576,-0.03109241463243961
1777498791850762240,0.002266176277771592,-0.007646249141544104,-0.03108927793800831
1777498791860726272,0.002270688768476248,-0.007648200262337923,-0.03108924068510532
1777498791870670848,0.002267457544803619,-0.007643557619303465,-0.03108585067093372
1777498791880595968,0.00227080867625773,-0.007647714577615261,-0.03108159080147743
1777498791890501888,0.002267128555104136,-0.007647269405424595,-0.03108237683773041
1777498791900388352,0.002268363488838077,-0.007649315055459738,-0.03108449839055538
1777498791910255360,0.002261283807456493,-0.007653259206563234,-0.03108895383775234
1777498791920102912,0.002263410016894341,-0.007653504610061646,-0.03109379485249519
1777498791929931776,0.002269328106194735,-0.007649377454072237,-0.03109796158969402
1777498791939741952,0.002267061034217477,-0.007648711558431387,-0.03109500743448734
1777498791949533184,0.002274361904710531,-0.007644746918231249,-0.0311002042144537
1777498791959305472,0.002276656217873096,-0.007643003948032856,-0.03110330179333687
1777498791969524992,0.002275468315929174,-0.007645237259566784,-0.03110331110656261
1777498791979725312,0.002281195716932416,-0.007647361606359482,-0.03109892457723618
1777498791989905920,0.002289463300257921,-0.007649930194020271,-0.03109496086835861
1777498792000067072,0.002284507034346461,-0.007647919002920389,-0.03108426369726658
1777498792010208512,0.002284327289089561,-0.007652992848306894,-0.03108397871255875
1777498792020330496,0.002285565249621868,-0.007650590036064386,-0.03107882104814053
1777498792030433024,0.002294070553034544,-0.007645335979759693,-0.03107922151684761
1777498792040515840,0.002287906128913164,-0.007641463074833155,-0.03107618726789951
1777498792050580480,0.002283285604789853,-0.007646148093044758,-0.0310785323381424
1777498792060625408,0.002281917724758387,-0.007639969699084759,-0.0310772992670536
1777498792070651392,0.002282065339386463,-0.007637514732778072,-0.03107513673603535
1777498792080657664,0.002280157757923007,-0.007641494274139404,-0.03107946179807186
1777498792090644736,0.002280556131154299,-0.007635015528649092,-0.03108666464686394
1777498792100612608,0.002285410184413195,-0.007634812500327826,-0.03108973987400532
1777498792110560768,0.002290172735229135,-0.007633310742676258,-0.03109397180378437
1777498792120489728,0.002287772949784994,-0.007632771041244268,-0.03109530918300152
1777498792130400000,0.002287994371727109,-0.00762749370187521,-0.03109615109860897
1777498792140291072,0.002286223461851478,-0.007631821557879448,-0.03109550103545189
1777498792150162688,0.00228786701336503,-0.007635969202965498,-0.03109392710030079
1777498792160015360,0.002288290532305837,-0.007639845367521048,-0.03108474984765053
1777498792169848576,0.002290694275870919,-0.007641329430043697,-0.03107898309826851
1777498792179662848,0.00229389313608408,-0.007636597380042076,-0.03107471019029617
1777498792189458176,0.002293476602062583,-0.007631930056959391,-0.03107205219566822
1777498792199234048,0.002284280257299542,-0.007635513320565224,-0.03106748685240746
1777498792209459200,0.002284214831888676,-0.007630637381225824,-0.03106500208377838
1777498792219664640,0.00228384742513299,-0.007636201567947865,-0.03106415644288063
1777498792229850112,0.002286230446770787,-0.007635087240487337,-0.03106662444770336
1777498792240017408,0.002289593685418367,-0.007626121863722801,-0.03107065707445145
1777498792250164992,0.002290620235726237,-0.007621259428560734,-0.03107130341231823
1777498792260292864,0.002289852360263467,-0.007623378653079271,-0.03107785992324352
1777498792270401280,0.002283221343532205,-0.007627367507666349,-0.03108861669898033
1777498792280489984,0.002284416696056724,-0.007629612926393747,-0.03109430894255638
1777498792290559232,0.002278432715684175,-0.007627087645232677,-0.03109724074602127
1777498792300608768,0.002279942156746984,-0.007629408035427332,-0.03109784610569477
1777498792310639104,0.002281471854075789,-0.007622814737260342,-0.03109867312014103
1777498792320650240,0.002285182941704988,-0.007618200033903122,-0.03109743259847164
1777498792330642688,0.00228417688049376,-0.007624618243426085,-0.03109355643391609
1777498792340615680,0.002279794774949551,-0.007623264566063881,-0.03109083324670792
1777498792350573056,0.002287264913320541,-0.007624393329024315,-0.03108605183660984
1777498792360511232,0.00228583044372499,-0.007623645942658186,-0.03107572346925735
1777498792370429952,0.002281669061630964,-0.007628376130014658,-0.03107570670545101
1777498792380329216,0.002277652733027935,-0.007629650179296732,-0.03107353299856186
1777498792390209536,0.002281937515363097,-0.007634295150637627,-0.03107786364853382
1777498792400070912,0.00227898545563221,-0.007634325884282589,-0.03108157031238079
1777498792409912832,0.002278608968481421,-0.007632927037775517,-0.03108418546617031
1777498792419735552,0.00227464223280549,-0.007629810366779566,-0.03108765557408333
1777498792429539840,0.002275035949423909,-0.007623699028044939,-0.0310946200042963
1777498792439324928,0.002273692982271314,-0.007628145627677441,-0.03109774366021156
1777498792449559040,0.002270182128995657,-0.007626771926879883,-0.03109831362962723
1777498792459773696,0.002262785565108061,-0.007627041079103947,-0.03110157884657383
1777498792469968640,0.002260776702314615,-0.007623620796948671,-0.03109791316092014
1777498792480144128,0.002254924504086375,-0.007618713192641735,-0.03109377808868885
1777498792490300416,0.002258874010294676,-0.007616561371833086,-0.03109407797455788
1777498792500436736,0.002263322472572327,-0.007620848715305328,-0.03109480813145638
1777498792510553600,0.00226389616727829,-0.007622104603797197,-0.0310894250869751
1777498792520650496,0.002263226546347141,-0.007622344885021448,-0.03108410537242889
1777498792530728448,0.002258778782561421,-0.007627058308571577,-0.03108229860663414
1777498792540786432,0.002266845433041453,-0.007620581891387701,-0.0310747753828764
1777498792550824960,0.002267579082399607,-0.007626474369317293,-0.03107332624495029
1777498792560843776,0.002267202129587531,-0.007628977298736572,-0.03107410483062267
1777498792570843648,0.002265066374093294,-0.00762898288667202,-0.03107717260718346
1777498792580823808,0.002265349728986621,-0.007625450845807791,-0.03108050674200058
1777498792590784512,0.00226508523337543,-0.007621837314218283,-0.03108444809913635
1777498792600725504,0.00226756720803678,-0.007621341850608587,-0.0310907606035471
1777498792610647040,0.002267758827656507,-0.007617846131324768,-0.03109121136367321
1777498792620552704,0.002272254088893533,-0.007624002639204264,-0.03108564764261246
1777498792630441984,0.002274958416819572,-0.007628827355802059,-0.03109033033251762
1777498792640312320,0.002270516008138657,-0.007631818298250437,-0.03109201975166798
1777498792650163712,0.002266573486849666,-0.007633018773049116,-0.03109009750187397
1777498792659996160,0.002261497778818011,-0.007629839237779379,-0.03108666837215424
1777498792669809408,0.002263996284455061,-0.007628315128386021,-0.03108411096036434
1777498792679603712,0.002263705246150494,-0.00762817682698369,-0.03108306974172592
1777498792689608704,0.002259587170556188,-0.00763302156701684,-0.03108441643416882
1777498792699823616,0.002254064893350005,-0.007635129615664482,-0.03108341433107853
1777498792710019072,0.00224645808339119,-0.007632627617567778,-0.03107967413961887
1777498792720195072,0.002250156365334988,-0.007636747322976589,-0.03108212724328041
1777498792730351104,0.002254683757200837,-0.007632687222212553,-0.03108570352196693
1777498792740487680,0.002259174361824989,-0.007630467880517244,-0.03109164163470268
1777498792750604800,0.002260999986901879,-0.007627309765666723,-0.03109409846365452
1777498792760702208,0.002258943626657128,-0.007630102802067995,-0.03110224567353725
1777498792770779648,0.002255744067952037,-0.007634283974766731,-0.03110436163842678
1777498792780839680,0.002260277513414621,-0.007633068133145571,-0.03110857494175434
1777498792790881792,0.002260445151478052,-0.007631495129317045,-0.03110853396356106
1777498792800904192,0.002265829127281904,-0.007629711180925369,-0.0311066247522831
1777498792810907136,0.002268348820507526,-0.007631124928593636,-0.03110356628894806
1777498792820890880,0.002264685463160276,-0.00762967998161912,-0.03110426850616932
1777498792830854912,0.002264408161863685,-0.007628917694091797,-0.03110207989811897
1777498792840799744,0.002267186297103763,-0.007624601013958454,-0.03110041469335556
1777498792850725120,0.002274355152621865,-0.007619756739586592,-0.03110004588961601
1777498792860631296,0.00227972655557096,-0.007621409837156534,-0.03109990991652012
1777498792870518528,0.002282338216900826,-0.007619790267199278,-0.03110149502754211
1777498792880386560,0.002271328354254365,-0.007618654984980822,-0.03109944984316826
1777498792890235136,0.002267214003950357,-0.007616444025188684,-0.0310998372733593
1777498792900064768,0.002258731052279472,-0.0076141650788486,-0.03110109269618988
1777498792909874944,0.00225904886610806,-0.007611921057105064,-0.03110411018133163
1777498792919665920,0.002263476140797138,-0.007617773022502661,-0.03110756166279316
1777498792929669888,0.002267358358949423,-0.007620318792760372,-0.03111227788031101
1777498792939886592,0.002264205832034349,-0.007619490846991539,-0.03111216425895691
1777498792950083584,0.00226823310367763,-0.007622276432812214,-0.03110950440168381
1777498792960261120,0.002271851291880012,-0.00762096093967557,-0.03110907226800919
1777498792970419200,0.002273915102705359,-0.007620468270033598,-0.03111127763986588
1777498792980557568,0.002272943034768105,-0.007621334865689278,-0.0311103817075491
1777498792990676224,0.002268739277496934,-0.007627086713910103,-0.03111120872199535
1777498793000775936,0.002272464102134109,-0.00763739924877882,-0.03111224994063377
1777498793010855680,0.002280591521412134,-0.007640378084033728,-0.03111475706100464
1777498793020915968,0.002277424326166511,-0.007645008154213428,-0.0311128031462431
1777498793030960384,0.002272039419040084,-0.007653698790818453,-0.03111308999359608
1777498793040985088,0.002279525622725487,-0.007661432959139347,-0.0311096403747797
1777498793050990592,0.002275579143315554,-0.007666445802897215,-0.03111295588314533
1777498793060976896,0.002282848116010427,-0.007660490460693836,-0.03111259080469608
1777498793070944000,0.002283814363181591,-0.007661512587219477,-0.03111380897462368
1777498793080891904,0.002283110050484538,-0.007664627861231565,-0.03111332654953003
1777498793090820352,0.002280472544953227,-0.007663741707801819,-0.03111986443400383
1777498793100729344,0.002282204804942012,-0.007668738253414631,-0.03112344071269035
1777498793110619904,0.002284914255142212,-0.007671980187296867,-0.03112579695880413
1777498793120491264,0.002285226481035352,-0.007673388812690973,-0.03113164566457272
1777498793130343168,0.002288625575602055,-0.007670100312680006,-0.03113126382231712
1777498793140176128,0.002287604613229632,-0.007671857718378305,-0.03112986870110035
1777498793149989888,0.002286370610818267,-0.007669291459023952,-0.03112729266285896
1777498793159784448,0.002279465785250068,-0.007667251396924257,-0.03112775832414627
1777498793169560064,0.00227810931392014,-0.007663497235625982,-0.03112770244479179
1777498793179777536,0.002271652687340975,-0.007660508621484041,-0.03112366423010826
1777498793189975040,0.00227324734441936,-0.007666660007089376,-0.03111767768859863
1777498793200152576,0.002271892270073295,-0.007664422504603863,-0.03111846931278706
1777498793210310400,0.002272086916491389,-0.007657631300389767,-0.03111498430371284
1777498793220449280,0.002263154834508896,-0.007659811526536942,-0.03111644834280014
1777498793230568704,0.002264762530103326,-0.007658734917640686,-0.03111423552036285
1777498793240668928,0.002263491041958332,-0.007657092995941639,-0.03111276216804981
1777498793250749184,0.002264508511871099,-0.007656092289835215,-0.03111592493951321
1777498793260809728,0.002266814699396491,-0.007659518625587225,-0.03111625649034977
1777498793270850816,0.00226339721120894,-0.007656034082174301,-0.03111185319721699
1777498793280872448,0.002258482156321406,-0.007653790060430765,-0.03111225180327892
1777498793290874368,0.002259428147226572,-0.00765556376427412,-0.03111229091882706
1777498793300856832,0.002256492618471384,-0.007654741406440735,-0.03111043013632298
1777498793310820096,0.002255073981359601,-0.007658778689801693,-0.03110850602388382
1777498793320763904,0.002258591121062636,-0.007667750585824251,-0.03111010231077671
1777498793330688000,0.002264212816953659,-0.007660261821001768,-0.03110378794372082
1777498793340592384,0.002262905007228255,-0.007651439402252436,-0.03110316395759583
1777498793350477568,0.002262262860313058,-0.007647417020052671,-0.03110453113913536
1777498793360343552,0.002258592750877142,-0.007647942285984755,-0.03110316395759583
1777498793370190080,0.002257693326100707,-0.007647170685231686,-0.0311022624373436
1777498793380018176,0.002262815600261092,-0.007652838248759508,-0.03110148385167122
1777498793389827840,0.002264280105009675,-0.007656792644411325,-0.03109485469758511
1777498793399617792,0.002264807000756264,-0.007661401759833097,-0.03108963929116726
1777498793409388544,0.002263321774080396,-0.007659726776182652,-0.03108957782387733
1777498793419607552,0.002267321338877082,-0.007659543305635452,-0.0310913473367691
1777498793429806848,0.00226612645201385,-0.007659665774554014,-0.03109283931553364
1777498793439986176,0.002262365771457553,-0.007658077869564295,-0.03109142184257507
1777498793450147072,0.002267403528094292,-0.007657927460968494,-0.03109075501561165
1777498793460287744,0.002268269192427397,-0.007660409901291132,-0.03109318576753139
1777498793470408704,0.002267920644953847,-0.007656025234609842,-0.03108850121498108
1777498793480509952,0.002262267516925931,-0.007650955580174923,-0.031090984120965
1777498793490592000,0.002266581170260906,-0.007648857776075602,-0.03108934126794338
1777498793500654336,0.002263345522806048,-0.007649547886103392,-0.0310884453356266
1777498793510697216,0.002263212343677878,-0.007653953973203897,-0.0310872495174408
1777498793520720640,0.002265147399157286,-0.007648746948689222,-0.03108755312860012
1777498793530725376,0.002260779263451695,-0.007650948129594326,-0.03108777850866318
1777498793540710656,0.00225616036914289,-0.007647231686860323,-0.03108977153897285
1777498793550676992,0.00226381397806108,-0.007649198174476624,-0.03108949214220047
1777498793560627968,0.002262700814753771,-0.007649026811122894,-0.03109241276979446
1777498793570559744,0.002256276085972786,-0.007644764147698879,-0.03109153732657433
1777498793580472064,0.002258023014292121,-0.007645339705049992,-0.03108547627925873
1777498793590365184,0.002261154586449265,-0.00764455646276474,-0.03108553029596806
1777498793600239616,0.002253835322335362,-0.007643267512321472,-0.03108298033475876
1777498793610094592,0.002256019273772836,-0.007649638690054417,-0.03108230419456959
1777498793619930368,0.002251869067549706,-0.007646279409527779,-0.03108237870037556
1777498793629747200,0.002257401356473565,-0.007643931545317173,-0.03108537383377552
1777498793639545600,0.00226156460121274,-0.007650312501937151,-0.03108878247439861
1777498793649325056,0.00226178951561451,-0.007644989527761936,-0.03108559735119343
1777498793659549952,0.002267213305458426,-0.007654392160475254,-0.03108468651771545
1777498793669754880,0.002264720387756824,-0.007648049853742123,-0.03108576498925686
1777498793679939840,0.002268193289637566,-0.007641448639333248,-0.03108620084822178
1777498793690106112,0.002274330705404282,-0.007642559241503477,-0.03108584694564342
1777498793700252928,0.002279984531924129,-0.007646480109542608,-0.0310808140784502
1777498793710380288,0.002272874349728227,-0.007651238236576319,-0.03108344413340092
1777498793720487936,0.002275102771818638,-0.007655699271708727,-0.03108129650354385
1777498793730576384,0.002281069755554199,-0.007660891395062208,-0.0310786310583353
1777498793740645120,0.002279821084812284,-0.007660742849111557,-0.03107759356498718
1777498793750694144,0.002270133933052421,-0.00766021991148591,-0.03107789158821106
1777498793760723712,0.002270885044708848,-0.0076664830558002,-0.03107186779379845
1777498793770736896,0.002266687341034412,-0.00766850309446454,-0.03106673993170261
1777498793780730880,0.002270238241180778,-0.007666861172765493,-0.03106716461479664
1777498793790705152,0.002274835715070367,-0.007670346647500992,-0.03106491081416607
1777498793800659968,0.002280161483213305,-0.007671731524169445,-0.0310631301254034
1777498793810595584,0.002279123291373253,-0.007679390721023083,-0.03106353804469109
1777498793820511744,0.002279143780469894,-0.007674085907638073,-0.03106135129928589
1777498793830408960,0.00227795192040503,-0.007673941552639008,-0.03105824440717697
1777498793840287232,0.002273537218570709,-0.007676871493458748,-0.03105786442756653
1777498793850146816,0.002276264131069183,-0.007681075017899275,-0.03105787001550198
1777498793859986688,0.002275569597259164,-0.007684417068958282,-0.03106099739670753
1777498793869807872,0.002275031059980392,-0.007685324177145958,-0.03105694986879826
1777498793879609600,0.002267540199682117,-0.007683797739446163,-0.03106201067566872
1777498793889392128,0.002268002135679126,-0.007677682675421238,-0.03106024861335754
1777498793899617536,0.002264796989038587,-0.007683371659368277,-0.03106166049838066
1777498793909822976,0.002268332755193114,-0.007692625280469656,-0.0310679841786623
1777498793920008960,0.002271294128149748,-0.007697174325585365,-0.03106786869466305
1777498793930175488,0.002272679470479488,-0.007695689797401428,-0.03107267618179321
1777498793940322304,0.002277057617902756,-0.007691409438848495,-0.03106938675045967
1777498793950450432,0.002278832951560616,-0.007691221311688423,-0.03106922656297684
1777498793960559872,0.002273923484608531,-0.00768996961414814,-0.0310662817209959
1777498793970649088,0.002273932797834277,-0.007685103919357061,-0.03106663189828396
1777498793980718848,0.002268695738166571,-0.007684304844588041,-0.03106229566037655
1777498793990769408,0.002270549070090055,-0.007680348120629787,-0.03106042928993702
1777498794000800000,0.002267534378916025,-0.007680224254727364,-0.03106224164366722
1777498794010811136,0.002271877834573388,-0.007677996996790171,-0.03106325678527355
1777498794020802816,0.002268488053232431,-0.007672763895243406,-0.03105933032929897
1777498794030775296,0.002268638694658875,-0.007673255167901516,-0.03105884976685047
1777498794040728064,0.002266362076625228,-0.007668334990739822,-0.03105382807552814
1777498794050661376,0.00226222351193428,-0.007662777323275805,-0.03105815127491951
1777498794060575232,0.002275014063343406,-0.007669145241379738,-0.03106475621461868
1777498794070469376,0.002280790125951171,-0.007671087048947811,-0.03108066879212856
1777498794080344320,0.002276790793985128,-0.007666566409170628,-0.03110690601170063
1777498794090200064,0.002281355671584606,-0.007665270008146763,-0.03112276643514633
1777498794100036096,0.002265711314976215,-0.007660547737032175,-0.03113402612507343
1777498794109853440,0.002264513866975904,-0.007668180856853724,-0.03114117868244648
1777498794119652352,0.00226243631914258,-0.007666404359042645,-0.03113498538732529
1777498794129432064,0.002262983471155167,-0.007667160592973232,-0.03112667426466942
1777498794139429632,0.002265532733872533,-0.007672110106796026,-0.03112087771296501
1777498794149644800,0.002265970222651958,-0.007668479811400175,-0.03111009486019611
1777498794159840256,0.002277671359479427,-0.007663109339773655,-0.03109999746084213
1777498794170016256,0.002288105199113488,-0.007665486540645361,-0.03108922019600868
1777498794180172544,0.002290037926286459,-0.007655455730855465,-0.03107055276632309
1777498794190308864,0.00230025895871222,-0.007658504880964756,-0.03105410560965538
1777498794200427264,0.002302230102941394,-0.007647649385035038,-0.03103898651897907
1777498794210525440,0.002315809251740575,-0.007646762300282717,-0.03102743625640869
1777498794220604160,0.002323118736967444,-0.007638397160917521,-0.03102021105587482
1777498794230663168,0.002327369060367346,-0.007635993417352438,-0.03102041967213154
1777498794240702720,0.002326856832951307,-0.007627784740179777,-0.03103395737707615
1777498794250722560,0.002330963499844074,-0.007624499499797821,-0.03105337359011173
1777498794260723200,0.002338791033253074,-0.007619108539074659,-0.03107506223022938
1777498794270704640,0.002342483028769493,-0.007618175819516182,-0.03110341913998127
1777498794280667136,0.00234443973749876,-0.007622644305229187,-0.03112969174981117
1777498794290610176,0.002339383587241173,-0.007629504427313805,-0.03115284070372581
1777498794300533760,0.002321654232218862,-0.007627552375197411,-0.03116963803768158
1777498794310438144,0.002300784224644303,-0.007642450742423534,-0.0311766229569912
1777498794320322816,0.002290058881044388,-0.00765443779528141,-0.03118208423256874
1777498794330188288,0.00228801416233182,-0.007656286470592022,-0.03118030913174152
1777498794340034560,0.002291702898219228,-0.007661265786737204,-0.03117701597511768
1777498794349861632,0.002290827687829733,-0.007667695637792349,-0.03116772323846817
1777498794359670528,0.002293959725648165,-0.00767609803006053,-0.03115692920982838
1777498794369460224,0.002293807687237859,-0.007682554423809052,-0.03113351576030254
1777498794379463936,0.00229631969705224,-0.007692796643823385,-0.03110657818615437
1777498794389680896,0.002300394931808114,-0.007700647227466106,-0.03107748553156853
1777498794399878144,0.002305882284417748,-0.007702505681663752,-0.0310494601726532
1777498794410055680,0.002308915834873915,-0.007711546961218119,-0.03102763555943966
1777498794420213504,0.002310918411239982,-0.007714367005974054,-0.03101722709834576
1777498794430351616,0.002313987351953983,-0.007709388621151447,-0.0310182198882103
1777498794440470016,0.002316179219633341,-0.00770195759832859,-0.03101732768118382
1777498794450568448,0.00231254193931818,-0.007695517968386412,-0.03102667815983295
1777498794460648448,0.002304542809724808,-0.007694163359701633,-0.03103774413466454
1777498794470710016,0.002296143909916282,-0.007692482322454453,-0.03105671890079975
1777498794480751872,0.002294745063409209,-0.007689498364925385,-0.03107672929763794
1777498794490774016,0.002290551085025072,-0.007688016630709171,-0.03110400587320328
1777498794500776960,0.002289204625412822,-0.007688489276915789,-0.03113278187811375
1777498794510760448,0.002289201831445098,-0.007687764707952738,-0.03115018643438816
1777498794520724480,0.002291307551786304,-0.007687361910939217,-0.03116758354008198
1777498794530669056,0.002297736704349518,-0.007688345853239298,-0.03117478080093861
1777498794540594688,0.002301529515534639,-0.007691447157412767,-0.03117343224585056
1777498794550501120,0.002304536057636142,-0.007693292573094368,-0.03116567805409431
1777498794560388096,0.002300889464095235,-0.007698822766542435,-0.031160032376647
1777498794570256128,0.00230530253611505,-0.007703692652285099,-0.03114359825849533
1777498794580104448,0.00230962154455483,-0.007708316668868065,-0.03112069703638554
1777498794589933568,0.002310894895344973,-0.007709142751991749,-0.03109421394765377
1777498794599743488,0.002310351235792041,-0.007715693209320307,-0.03107350505888462
1777498794609534208,0.002306039910763502,-0.0077088987454772,-0.03105700947344303
1777498794619306496,0.002302499255165458,-0.007706846576184034,-0.03105062991380692
1777498794629524224,0.002302972599864006,-0.007698513101786375,-0.03104965016245842
1777498794639721984,0.002304169349372387,-0.007699733600020409,-0.0310544241219759
1777498794649900544,0.002297985833138227,-0.00769665976986289,-0.03107030503451824
1777498794660059904,0.002299991669133306,-0.007695477455854416,-0.03108344972133636
1777498794670199808,0.002296556951478124,-0.007695151027292013,-0.03110084310173988
1777498794680320000,0.002295524580404162,-0.007694223430007696,-0.03112420998513699
1777498794690420736,0.002296351594850421,-0.007692764978855848,-0.03113602660596371
1777498794700502016,0.00229374784976244,-0.007688960526138544,-0.03115561045706272
1777498794710563840,0.002297047525644302,-0.00768507132306695,-0.03116057813167572
1777498794720605952,0.002296042395755649,-0.007682290393859148,-0.03116387873888016
1777498794730629120,0.002288721036165953,-0.007687854114919901,-0.03115797787904739
1777498794740634624,0.002289646537974477,-0.007693764753639698,-0.03115550987422466
1777498794750622464,0.002293958328664303,-0.00769673939794302,-0.03114067949354649
1777498794760590848,0.002296091988682747,-0.007700169458985329,-0.03112409263849258
1777498794770540032,0.002296208636835217,-0.007707020733505487,-0.03110671043395996
1777498794780470272,0.002291834447532892,-0.007699822541326284,-0.0310850515961647
1777498794790381312,0.002292093588039279,-0.007700982037931681,-0.03107523731887341
1777498794800273152,0.002291607903316617,-0.007696513086557388,-0.03106618486344814
1777498794810145792,0.002296477556228638,-0.007694453001022339,-0.03106231614947319
1777498794819998976,0.002295000478625298,-0.007687014993280172,-0.03106699697673321
1777498794829833728,0.002292011165991426,-0.007684540469199419,-0.03107296675443649
1777498794839648768,0.002291473560035229,-0.007683628238737583,-0.03108701854944229
1777498794849444608,0.002289821393787861,-0.007680313661694527,-0.03109928220510483
1777498794859221504,0.002293099416419864,-0.007678105030208826,-0.03111367300152779
1777498794869440512,0.002289480064064264,-0.007679920643568039,-0.03113286755979061
1777498794879639552,0.002287323586642742,-0.007677524350583553,-0.0311417244374752
1777498794889818624,0.002290075877681375,-0.007680559530854225,-0.03115040622651577
1777498794899977728,0.002295189537107944,-0.00767694553360343,-0.03115195408463478
1777498794910117632,0.002294140635058284,-0.007678295020014048,-0.03115511499345303
1777498794920238848,0.002294356469064951,-0.007675000466406345,-0.03114346601068974
1777498794930340608,0.002302284585312009,-0.007675700820982456,-0.03113860264420509
1777498794940422656,0.002306768670678139,-0.007678423076868057,-0.03113232925534248
1777498794950485760,0.002311873016878963,-0.007684282027184963,-0.03112191706895828
1777498794960529408,0.002308649010956287,-0.00768232112750411,-0.0311081986874342
1777498794970553344,0.002305882982909679,-0.007683956064283848,-0.03110278770327568
1777498794980557824,0.002312706550583243,-0.00768354581668973,-0.03109197877347469
1777498794990543360,0.00231241574510932,-0.007682053372263908,-0.03108303993940353
1777498795000509952,0.002307319547981024,-0.007690713740885258,-0.03107484988868237
1777498795010457088,0.00230746460147202,-0.00769459456205368,-0.03107931837439537
1777498795020384768,0.002317778300493956,-0.00769529165700078,-0.03108283504843712
1777498795030293248,0.002317104488611221,-0.007693704217672348,-0.03109576180577278
1777498795040182272,0.002316373866051435,-0.007698450237512589,-0.0311106201261282
1777498795050052096,0.002312558237463236,-0.00769692799076438,-0.03112407214939594
1777498795059902720,0.002318927552551031,-0.007697839755564928,-0.03113091923296452
1777498795069735168,0.002314619952812791,-0.00769890658557415,-0.03113798424601555
1777498795079554304,0.002311266725882888,-0.00770094245672226,-0.03113892301917076
1777498795089354752,0.002309281146153808,-0.007703884970396757,-0.03113453648984432
1777498795099136256,0.002311153337359428,-0.007700820453464985,-0.03113025799393654
1777498795109361152,0.002315819263458252,-0.007700751069933176,-0.03112419880926609
1777498795119566592,0.002314743818715215,-0.007699050474911928,-0.03111277706921101
1777498795129752064,0.002315566642209888,-0.007704054471105337,-0.0310993492603302
1777498795139917312,0.002319817198440433,-0.00770344166085124,-0.03109048679471016
1777498795150063616,0.002318752696737647,-0.007706528063863516,-0.03108401596546173
1777498795160191488,0.002320557599887252,-0.007712765131145716,-0.03107690624892712
1777498795170299392,0.002320477273315191,-0.007724326103925705,-0.03107678331434727
1777498795180388352,0.002313292119652033,-0.007726824376732111,-0.03108453378081322
1777498795190457600,0.002310326788574457,-0.007733412552624941,-0.03109197504818439
1777498795200507904,0.002309215255081654,-0.007729294244199991,-0.03109833784401417
1777498795210538496,0.002305734669789672,-0.007728602737188339,-0.03110386617481709
1777498795220549632,0.002308341674506664,-0.007729102857410908,-0.0311144981533289
1777498795230541568,0.002311043674126267,-0.007738316897302866,-0.03111929632723331
1777498795240514560,0.002308949129655957,-0.007734532468020916,-0.03112388029694557
1777498795250468096,0.002309818984940648,-0.00773581163957715,-0.03113174252212048
1777498795260402176,0.002309323521330953,-0.007737917825579643,-0.03113079071044922
1777498795270317056,0.002307265298441052,-0.007730064447969198,-0.03112652339041233
1777498795280212480,0.00230889325030148,-0.007732677273452282,-0.03112288191914558
1777498795290088704,0.002303583081811666,-0.00773085281252861,-0.03111299872398376
1777498795299945728,0.002304870402440429,-0.007730661425739527,-0.03110894374549389
1777498795309787904,0.002306831302121282,-0.007738654967397451,-0.03110297024250031
1777498795319614464,0.002306654350832105,-0.007742852438241243,-0.03109706938266754
1777498795329421824,0.002308092080056667,-0.007739667315036058,-0.03109283559024334
1777498795339210240,0.002301891334354877,-0.007739417720586061,-0.03109470941126347
1777498795349445120,0.00230761431157589,-0.007737042382359505,-0.03109773434698582
1777498795359660288,0.002303025219589472,-0.00773602444678545,-0.03110452741384506
1777498795369855744,0.002304305322468281,-0.007728243712335825,-0.03110701031982899
1777498795380031744,0.002302587032318115,-0.007724275346845388,-0.0311181154102087
1777498795390188032,0.00230320799164474,-0.007715728599578142,-0.03112506307661533
1777498795400324864,0.002303537912666798,-0.007719255052506924,-0.03112691268324852
1777498795410441728,0.002297920873388648,-0.007715930230915546,-0.03113701939582825
1777498795420538880,0.00229938980191946,-0.00772098358720541,-0.03114092908799648
1777498795430616576,0.002295560669153929,-0.007726468611508608,-0.03114406019449234
1777498795440674560,0.002294750884175301,-0.007723899092525244,-0.03113930486142635
1777498795450712832,0.002293951809406281,-0.007719901856034994,-0.03113921359181404
1777498795460731648,0.002287436043843627,-0.007723822258412838,-0.03113207593560219
1777498795470731008,0.002286982955411077,-0.007728272583335638,-0.03113042935729027
1777498795480710912,0.002289429539814591,-0.007730166427791119,-0.03112119063735008
1777498795490671360,0.002287370152771473,-0.007738374639302492,-0.03111728653311729
1777498795500612352,0.002286884235218167,-0.007747335359454155,-0.03111844323575497
1777498795510533632,0.002284965012222528,-0.007747565861791372,-0.03111633099615574
1777498795520435456,0.002279686974361539,-0.007748658768832684,-0.03111918829381466
1777498795530317568,0.002276257844641805,-0.00774584012106061,-0.03112422302365303
1777498795540183552,0.002278362400829792,-0.007740801200270653,-0.03112932108342648
1777498795550033408,0.002281180350109935,-0.007735833525657654,-0.03113341145217419
1777498795559864320,0.002280476968735456,-0.007738130167126656,-0.03113621473312378
1777498795569676800,0.002283042762428522,-0.007740191649645567,-0.03114485926926136
1777498795579470336,0.00228760321624577,-0.007740609347820282,-0.03114514797925949
1777498795589475072,0.002284284681081772,-0.007733325939625502,-0.03114203922450542
1777498795599689984,0.00228758598677814,-0.007738465443253517,-0.03114127926528454
1777498795609884928,0.002288734773173928,-0.007735403720289469,-0.03113974258303642
1777498795620060672,0.00229541421867907,-0.007736560422927141,-0.03113526664674282
1777498795630217216,0.002292121760547161,-0.007740303874015808,-0.03112736344337463
1777498795640354048,0.002290341071784496,-0.0077443802729249,-0.03112227655947208
1777498795650471424,0.002293034456670284,-0.007744562812149525,-0.03112095966935158
1777498795660569344,0.002288273302838206,-0.007744125090539455,-0.03111821413040161
1777498795670647552,0.002285829745233059,-0.007739140186458826,-0.03111855313181877
1777498795680707328,0.002282971050590277,-0.007729867473244667,-0.0311152022331953
1777498795690748416,0.002283716108649969,-0.007730560377240181,-0.03111805208027363
1777498795700770304,0.002288890769705176,-0.007722149137407541,-0.03112215176224709
1777498795710773248,0.00228544301353395,-0.007725020404905081,-0.03112694248557091
1777498795720757248,0.002281889552250504,-0.007721963804215193,-0.03113297373056412
1777498795730722048,0.002275155857205391,-0.007719879038631916,-0.03113867901265621
1777498795740667392,0.002272078534588218,-0.007719394750893116,-0.03114752285182476
1777498795750593280,0.002272327896207571,-0.00772279966622591,-0.03114401362836361
1777498795760500480,0.00227497867308557,-0.007720277644693851,-0.0311438050121069
1777498795770388736,0.002274084603413939,-0.007718309760093689,-0.03114095702767372
1777498795780257536,0.002274123020470142,-0.007719493471086025,-0.03114042803645134
1777498795790107648,0.002277056686580181,-0.007716920226812363,-0.0311307031661272
1777498795799938304,0.002277681371197104,-0.00771548505872488,-0.03113025426864624
1777498795809750016,0.00228204857558012,-0.007713232655078173,-0.03112973272800446
1777498795819542528,0.002282770117744803,-0.00771914329379797,-0.0311275776475668
1777498795829547008,0.002285470720380545,-0.007716840598732233,-0.03112952038645744
1777498795839762944,0.002293514786288142,-0.00771669065579772,-0.03112619742751122
1777498795849959168,0.002296330640092492,-0.007716652005910873,-0.03112654387950897
1777498795860136192,0.002298371633514762,-0.007721393834799528,-0.03113025985658169
1777498795870293248,0.002298165112733841,-0.007719588000327349,-0.03112873621284962
1777498795880430336,0.002295301761478186,-0.007710572332143784,-0.03113415651023388
1777498795890547968,0.002298296429216862,-0.007704848423600197,-0.03113325498998165
1777498795900645632,0.002299110172316432,-0.007708767428994179,-0.0311298593878746
1777498795910723840,0.002302154432982206,-0.007706050761044025,-0.03113296814262867
1777498795920782080,0.002300993772223592,-0.007700003683567047,-0.03113275207579136
1777498795930820352,0.002303682034835219,-0.00769222155213356,-0.03113262914121151
1777498795940839680,0.00230763154104352,-0.007687709294259548,-0.03113342262804508
1777498795950841088,0.002305699978023767,-0.007693359162658453,-0.0311325304210186
1777498795960824320,0.002311730058863759,-0.007689006626605988,-0.0311271920800209
1777498795970788096,0.002306281588971615,-0.007685110438615084,-0.03112625889480114
1777498795980732672,0.002305708825588226,-0.007686586119234562,-0.03112125210464001
1777498795990657792,0.002305776113644242,-0.007689865306019783,-0.03111675195395947
1777498796000563968,0.002307842951267958,-0.007697031833231449,-0.031117033213377
1777498796010450432,0.002312609693035483,-0.007696073036640882,-0.03111410140991211
1777498796020317696,0.002316917525604367,-0.007703852374106646,-0.03111540712416172
1777498796030166016,0.00231871590949595,-0.007705817464739084,-0.03111037239432335
1777498796039995392,0.002311383606866002,-0.007709002122282982,-0.03110868483781815
1777498796049805056,0.002308069728314877,-0.007707535289227962,-0.03110750392079353
1777498796059595776,0.002307774499058723,-0.007709940895438194,-0.03110416606068611
1777498796069600256,0.002314268844202161,-0.007707107812166214,-0.03110472671687603
1777498796079817472,0.002319468185305595,-0.007711851038038731,-0.03110620751976967
1777498796090014720,0.002322190208360553,-0.00771285779774189,-0.03110606968402863
1777498796100192256,0.002317234640941024,-0.007712089922279119,-0.03110582008957863
1777498796110349568,0.002314894925802946,-0.007708845194429159,-0.03110783733427525
1777498796120487424,0.002308335388079286,-0.007711739279329777,-0.03110259026288986
1777498796130606592,0.002303211018443108,-0.007704271003603935,-0.03110219165682793
1777498796140707072,0.002301303669810295,-0.007698264438658953,-0.03109974972903728
1777498796150787840,0.002296465449035168,-0.007696050684899092,-0.03109585493803024
1777498796160848896,0.002295151120051742,-0.007693672552704811,-0.03109518811106682
1777498796170890240,0.002294476609677076,-0.007699346635490656,-0.03109068796038628
1777498796180912384,0.002290911972522736,-0.007703248411417007,-0.03108754381537437
1777498796190915072,0.002283149398863316,-0.007706730160862207,-0.03108825534582138
1777498796200898304,0.002279291395097971,-0.007706477306783199,-0.03109040483832359
1777498796210862336,0.00228095892816782,-0.007705940864980221,-0.03108729422092438
1777498796220806912,0.002279930980876088,-0.007711355108767748,-0.03109050542116165
1777498796230732544,0.002284655114635825,-0.007713728118687868,-0.03108658269047737
1777498796240638464,0.00228604581207037,-0.007708392571657896,-0.03108843788504601
1777498796250524928,0.002286302857100964,-0.007711342535912991,-0.03108282387256622
1777498796260392448,0.002282917033880949,-0.007715409621596336,-0.03108371049165726
1777498796270240512,0.002281528897583485,-0.007719777058809996,-0.03108179196715355
1777498796280069632,0.00227567320689559,-0.007724088151007891,-0.03107657842338085
1777498796289879552,0.002279450884088874,-0.007719658780843019,-0.03107009641826153
1777498796299671040,0.002274464350193739,-0.007722015958279371,-0.03107242658734322
1777498796309443328,0.00227083102799952,-0.007719158194959164,-0.03107157163321972
1777498796319662336,0.002271503442898393,-0.007720411289483309,-0.03106912784278393
1777498796329861632,0.002267796080559492,-0.007719938643276691,-0.03106734529137611
1777498796340040960,0.002272291807457805,-0.007717586122453213,-0.03106502257287502
1777498796350202112,0.002274717437103391,-0.007708715740591288,-0.03106638602912426
1777498796360343808,0.00227248715236783,-0.007709840312600136,-0.03106680698692799
1777498796370465792,0.002272551180794835,-0.007711424026638269,-0.03106629103422165
1777498796380567808,0.002274746773764491,-0.007713164668530226,-0.03106786124408245
1777498796390650368,0.002279245527461171,-0.007717070169746876,-0.03106885217130184
1777498796400713216,0.002280769171193242,-0.007723578717559576,-0.03106675855815411
1777498796410756608,0.00228309235535562,-0.007726766169071198,-0.03106368519365788
1777498796420780288,0.002281996188685298,-0.007727016229182482,-0.03106717020273209
1777498796430785280,0.002283506095409393,-0.007729892618954182,-0.03106990084052086
1777498796440770560,0.002283744281157851,-0.007725781761109829,-0.0310682374984026
1777498796450738944,0.002286054193973541,-0.007724415976554155,-0.03106590919196606
1777498796460688128,0.002293073805049062,-0.007719198707491159,-0.03106272779405117
1777498796470617856,0.002293317345902324,-0.007719442248344421,-0.03106513619422913
1777498796480528384,0.00229575764387846,-0.007724082563072443,-0.03106965124607086
1777498796490420224,0.002296366961672902,-0.007730214390903711,-0.03106953389942646
1777498796500292864,0.002293882425874472,-0.007738512475043535,-0.03106746077537537
1777498796510146048,0.002292518503963947,-0.007733403239399195,-0.03106561675667763
1777498796519980288,0.002300056396052241,-0.007732876110821962,-0.03106513619422913
1777498796529796096,0.002303134184330702,-0.007730471901595592,-0.03106585890054703
1777498796539592960,0.002304533729329705,-0.007733826525509357,-0.03106813132762909
1777498796549370880,0.00230171182192862,-0.007730419281870127,-0.0310641136020422
1777498796559590144,0.002300639403983951,-0.00772977527230978,-0.0310688316822052
1777498796569789952,0.00230378145352006,-0.007732606027275324,-0.0310699325054884
1777498796579970048,0.002305627800524235,-0.007728741504251957,-0.03107265941798687
1777498796590130688,0.002295589074492455,-0.007727738469839096,-0.03107250854372978
1777498796600271360,0.00229983264580369,-0.007724281866103411,-0.03107759729027748
1777498796610392832,0.002309657633304596,-0.007719609420746565,-0.03107747808098793
1777498796620494336,0.002307699294760823,-0.007718291599303484,-0.03107953816652298
1777498796630576640,0.002305531408637762,-0.007716961670666933,-0.03107395209372044
1777498796640638720,0.002300759311765432,-0.007726775947958231,-0.03107333369553089
1777498796650681344,0.002301018917933106,-0.007735337130725384,-0.0310763381421566
1777498796660704256,0.002301906002685428,-0.007729699369519949,-0.03107547387480736
1777498796670708224,0.002300198655575514,-0.007727683521807194,-0.031079126521945
1777498796680695552,0.002293720375746489,-0.007725768722593784,-0.03107806481420994
1777498796690663168,0.002294815145432949,-0.007728932425379753,-0.03107538633048534
1777498796700611328,0.00229285447858274,-0.007719678804278374,-0.03107383847236633
1777498796710540032,0.002296143909916282,-0.007720621768385172,-0.03107260540127754
1777498796720450048,0.00229207961820066,-0.007724075112491846,-0.03107152320444584
1777498796730340096,0.002292616991326213,-0.007723791990429163,-0.03107211366295815
1777498796740210944,0.002297595608979464,-0.007724297232925892,-0.03107401914894581
1777498796750062592,0.002301677828654647,-0.007732216734439135,-0.0310682337731123
1777498796759895552,0.002299790270626545,-0.007733709644526243,-0.0310684759169817
1777498796769708800,0.002302604494616389,-0.007735778577625751,-0.03106344118714333
1777498796779503104,0.002305713715031743,-0.00774040725082159,-0.03106060996651649
1777498796789278208,0.002306876936927438,-0.007745758630335331,-0.03105795942246914
1777498796799503360,0.002307453658431768,-0.007740231230854988,-0.03105922974646091
1777498796809708800,0.002304603578522801,-0.007739797700196505,-0.03105679154396057
1777498796819895040,0.002306432230398059,-0.007742988876998425,-0.03105299733579159
1777498796830062080,0.00230894354172051,-0.007737213745713234,-0.03105455450713634
1777498796840209408,0.002322582760825753,-0.007734711281955242,-0.03104848973453045
1777498796850337280,0.002316102618351579,-0.007733980193734169,-0.03105132468044758
1777498796860446720,0.002314820885658264,-0.007737254723906517,-0.03105016052722931
1777498796870536448,0.002309977309778333,-0.007740426808595657,-0.0310490895062685
1777498796880606464,0.002310215029865503,-0.007739254739135504,-0.03104722313582897
1777498796890657024,0.00231457082554698,-0.007736298255622387,-0.03104680962860584
1777498796900687872,0.00231718854047358,-0.00774003379046917,-0.03104531206190586
1777498796910699008,0.00231162435375154,-0.007740870118141174,-0.03104326687753201
1777498796920690432,0.002312767086550593,-0.007742823101580143,-0.03103965893387794
1777498796930662400,0.002308833412826061,-0.007741270586848259,-0.03104017488658428
1777498796940615424,0.002306370763108134,-0.007737497333437204,-0.03103900514543056
1777498796950548992,0.002311342861503363,-0.007739600259810686,-0.03103968873620033
1777498796960463104,0.002311649732291698,-0.007747569587081671,-0.03103912621736526
1777498796970358016,0.00231463904492557,-0.007745387963950634,-0.03103866428136826
1777498796980233728,0.002312533324584365,-0.007736954372376204,-0.03103997930884361
1777498796990089472,0.002317066071555018,-0.007739528082311153,-0.03104288317263126
1777498796999926272,0.002316619269549847,-0.007743837311863899,-0.03103824518620968
1777498797009743616,0.002317760372534394,-0.007750908378511667,-0.03103693760931492
1777498797019543040,0.002316925209015608,-0.007749633863568306,-0.03103176318109035
1777498797029323264,0.002318682847544551,-0.007744791451841593,-0.03103112801909447
1777498797039321600,0.002318916609510779,-0.007745903916656971,-0.03103085607290268
1777498797049537792,0.002319604391232133,-0.007736215367913246,-0.03102785535156727
1777498797059734272,0.002319179475307465,-0.007735318038612604,-0.03102679178118706
1777498797069911040,0.002329605165868998,-0.007734560407698154,-0.03102636151015759
1777498797080068096,0.002338957972824574,-0.007729469798505306,-0.03102513216435909
1777498797090206464,0.002347571775317192,-0.007727354299277067,-0.03102235496044159
1777498797100325120,0.002348721493035555,-0.007730605080723763,-0.03102170303463936
1777498797110424064,0.002352843526750803,-0.007733996026217937,-0.0310223288834095
1777498797120503296,0.002350993454456329,-0.007735157385468483,-0.03102676011621952
1777498797130562816,0.002350258408114314,-0.007734572514891624,-0.03103059343993664
1777498797140602624,0.002349804621189833,-0.007733166683465242,-0.0310308150947094
1777498797150622464,0.002353670075535774,-0.007738267537206411,-0.03103567659854889
1777498797160622848,0.002350812312215567,-0.007735730148851871,-0.03103401325643063
1777498797170604288,0.00234919972717762,-0.007732883095741272,-0.03103193081915379
1777498797180566272,0.002348674926906824,-0.007733638398349285,-0.03103369101881981
1777498797190508544,0.002347529167309403,-0.00773554528132081,-0.03102967329323292
1777498797200431360,0.002348063979297876,-0.007731453981250525,-0.03103240579366684
1777498797210334720,0.002349446294829249,-0.007740072440356016,-0.03103597089648247
1777498797220218880,0.002345420187339187,-0.007739155553281307,-0.03103572130203247
1777498797230083840,0.002352498006075621,-0.00774439750239253,-0.0310358889400959
1777498797239929088,0.002352866111323237,-0.007745314389467239,-0.03103564493358135
1777498797249756160,0.002350569935515523,-0.007744544185698032,-0.03103439509868622
1777498797259570176,0.00235341489315033,-0.007739001419395208,-0.03103587403893471
1777498797269365504,0.002347124740481377,-0.007739002350717783,-0.03103243745863438
1777498797279372032,0.002347312401980162,-0.007731968071311712,-0.03103658184409142
1777498797289588480,0.002346663037315011,-0.007732408586889505,-0.0310360249131918
1777498797299785216,0.002347447676584125,-0.007738339249044657,-0.03103488124907017
1777498797309962240,0.002349687973037362,-0.00773162255063653,-0.03103542700409889
1777498797320120064,0.002348679350689054,-0.007728402502834797,-0.03103184513747692
1777498797330258176,0.002350671915337443,-0.007728531025350094,-0.03102876804769039
1777498797340376320,0.002351362258195877,-0.007739584427326918,-0.03102606348693371
1777498797350474752,0.002350109629333019,-0.007737238425761461,-0.03102931194007397
1777498797360552960,0.002351845847442746,-0.007739446591585875,-0.03102807141840458
1777498797370611968,0.00234966236166656,-0.007744757924228907,-0.0310276672244072
1777498797380651264,0.002351947361603379,-0.007742874789983034,-0.0310272928327322
1777498797390670592,0.002359909238293767,-0.007734109647572041,-0.03102625533938408
1777498797400670464,0.00236379774287343,-0.007735542953014374,-0.03102412447333336
1777498797410650624,0.002364930231124163,-0.007735188119113445,-0.03102436847984791
1777498797420610816,0.002370169619098306,-0.007735132705420256,-0.0310247465968132
1777498797430551552,0.002372015966102481,-0.00773223303258419,-0.03102375380694866
1777498797440474880,0.002377952914685011,-0.007729409728199244,-0.03102576732635498
1777498797450379008,0.002373132389038801,-0.007724778726696968,-0.03102602250874043
1777498797460263424,0.002366428961977363,-0.007721035741269588,-0.03102651424705982
1777498797470128128,0.002375282812863588,-0.007720458786934614,-0.03102191537618637
1777498797479973888,0.002377153839915991,-0.007726074662059546,-0.03101908601820469
1777498797489799936,0.002378298901021481,-0.007731188554316759,-0.03101880289614201
1777498797499607040,0.002374866278842092,-0.007734115701168776,-0.03101824223995209
1777498797509394944,0.002374060451984406,-0.007737170904874802,-0.03101701289415359
1777498797519163648,0.002383111044764519,-0.007744682487100363,-0.03101094625890255
1777498797529380864,0.002383111976087093,-0.007741574198007584,-0.03101030923426151
1777498797539578368,0.002382216043770313,-0.007746201008558273,-0.03100696206092834
1777498797549755904,0.002386345295235515,-0.007743673864752054,-0.03100622445344925
1777498797559914496,0.002393309026956558,-0.007737319450825453,-0.03100603446364403
1777498797570053888,0.002389505738392472,-0.007735922932624817,-0.03100078552961349
1777498797580173568,0.002392230555415154,-0.007738656364381313,-0.03100373968482018
1777498797590273792,0.002388207707554102,-0.00774271646514535,-0.0310008954256773
1777498797600354560,0.002391216577962041,-0.007748486008495092,-0.03099825792014599
1777498797610415872,0.002387713873758912,-0.007752841338515282,-0.03100085072219372
1777498797620458240,0.002385827247053385,-0.007749916519969702,-0.03100147843360901
1777498797630481152,0.002387975342571735,-0.00775524228811264,-0.03100302629172802
1777498797640484864,0.002387384884059429,-0.007752955891191959,-0.03100141696631908
1777498797650469120,0.002387239132076502,-0.007752907928079367,-0.03100180625915527
1777498797660433920,0.002384284976869822,-0.007755567785352468,-0.03099772334098816
1777498797670379520,0.002387350657954812,-0.007747326977550983,-0.03099710680544376
1777498797680307712,0.002388401189818978,-0.007750324904918671,-0.03099313750863075
1777498797690218240,0.00238431291654706,-0.007748914882540703,-0.03099199570715427
1777498797700109568,0.002379172015935183,-0.007749228272587061,-0.0309891365468502
1777498797709981696,0.002368763322010636,-0.007752156350761652,-0.03099123015999794
1777498797719835392,0.002366008004173636,-0.007752969395369291,-0.03098649717867374
1777498797729669376,0.00236856983974576,-0.007746261078864336,-0.03098541498184204
1777498797739484672,0.002364186802878976,-0.007748801726847887,-0.03098307736217976
1777498797749280768,0.002356825163587928,-0.007750303018838167,-0.03098480589687824
1777498797759058176,0.002359071280807257,-0.00774987181648612,-0.03098607808351517
1777498797769276928,0.002361716004088521,-0.007754028309136629,-0.03098931349813938
1777498797779475968,0.002359417034313083,-0.007760388776659966,-0.03098936937749386
1777498797789655040,0.002359657548367977,-0.007758782710880041,-0.03099207393825054
1777498797799815168,0.002356076613068581,-0.00775874825194478,-0.03099336102604866
1777498797809955840,0.002354095689952374,-0.007759153842926025,-0.03098994307219982
1777498797820077056,0.002349310787394643,-0.007761702872812748,-0.03099032863974571
1777498797830178304,0.002352242823690176,-0.007758657447993755,-0.03099045716226101
1777498797840260096,0.002349745482206345,-0.007767289876937866,-0.03099179454147816
1777498797850322432,0.002344225533306599,-0.007760863285511732,-0.03099024668335915
1777498797860365312,0.002340082777664065,-0.007758293300867081,-0.03098859265446663
1777498797870388480,0.002336837351322174,-0.007764136884361506,-0.03099654242396355
1777498797880392704,0.002334474120289087,-0.007759870029985905,-0.03100265562534332
1777498797890377984,0.00233852188102901,-0.007761080749332905,-0.03100195340812206
1777498797900343808,0.002334784483537078,-0.007766026072204113,-0.0310036800801754
1777498797910289920,0.00232639629393816,-0.007765279617160559,-0.03100226446986198
1777498797920216576,0.002327229594811797,-0.007762076798826456,-0.03100576624274254
1777498797930123776,0.002324268687516451,-0.007762299850583076,-0.03100677207112312
1777498797940014592,0.002326171612367034,-0.007763524074107409,-0.03100496716797352
1777498797949888768,0.00232879351824522,-0.007768504787236452,-0.031007319688797
1777498797959744000,0.00233093835413456,-0.007763165049254894,-0.03100894205272198
1777498797969580032,0.002338215941563249,-0.007760471198707819,-0.0310087762773037
1777498797979397120,0.002333848504349589,-0.007760295178741217,-0.03100821375846863
1777498797989194752,0.002332682721316814,-0.007758531719446182,-0.03100542351603508
1777498797998973440,0.002325880341231823,-0.00775526138022542,-0.03101070784032345
1777498798009199360,0.002333082724362612,-0.007756093051284552,-0.03101084940135479
1777498798019405568,0.002328052185475826,-0.007756037637591362,-0.03100752457976341
1777498798029591552,0.002330625662580132,-0.007752658799290657,-0.03100702539086342
1777498798039758080,0.002336001954972744,-0.007754378486424685,-0.03100720606744289
1777498798049905920,0.002333301352337003,-0.007760483771562576,-0.03100925870239735
1777498798060033792,0.002337092766538262,-0.007753088138997555,-0.03100705333054066
1777498798070142208,0.002339964266866446,-0.007755381055176258,-0.03100909478962421
1777498798080230656,0.002337465295568109,-0.007754785474389791,-0.03100941330194473
1777498798090300160,0.002337798243388534,-0.007756515871733427,-0.03100776486098766
1777498798100349696,0.002339788945391774,-0.007758089806884527,-0.03100592643022537
1777498798110379520,0.002335467142984271,-0.007760886568576097,-0.03100542724132538
1777498798120389632,0.002331297378987074,-0.007763303816318512,-0.03100065886974335
1777498798130380800,0.002330143470317125,-0.007761829998344183,-0.03100529313087463
1777498798140352512,0.002331415191292763,-0.007760848850011826,-0.03100592456758022
1777498798150304768,0.002329807495698333,-0.007760903798043728,-0.03100568801164627
1777498798160237568,0.002325595589354634,-0.007761490996927023,-0.03100878186523914
1777498798170151168,0.002324423752725124,-0.007763342466205359,-0.03100977838039398
1777498798180045312,0.002318180166184902,-0.007762424182146788,-0.03101026080548763
1777498798189920000,0.002315619960427284,-0.007766759023070335,-0.03101199492812157
1777498798199775232,0.002315163146704435,-0.007764695677906275,-0.03101187385618687
1777498798209616384,0.00231383484788239,-0.007764971815049648,-0.03101057559251785
1777498798219441152,0.002312383381649852,-0.007766095921397209,-0.03101275488734245
1777498798229247232,0.00230828276835382,-0.007771115750074387,-0.03101023845374584
1777498798239033856,0.002309168921783566,-0.007769343908876181,-0.03100963495671749
1777498798249259776,0.002308256691321731,-0.007775034289807081,-0.03101056814193726
1777498798259465728,0.002307093236595392,-0.007776768412441015,-0.03100557997822762
1777498798269652224,0.002309052739292383,-0.007781543768942356,-0.03100457042455673
1777498798279818752,0.002309440635144711,-0.007781197782605886,-0.03100065514445305
1777498798289965568,0.002312715165317059,-0.007781356573104858,-0.03100192546844482
1777498798300092672,0.002311550313606858,-0.007779798470437527,-0.03100578114390373
1777498798310200064,0.002312124473974109,-0.007779378443956375,-0.03100942634046078
1777498798320287744,0.002313754986971617,-0.007782824337482452,-0.03101044334471226
1777498798330356992,0.002314185490831733,-0.007785811088979244,-0.03101226128637791
1777498798340408064,0.002320539671927691,-0.007790267467498779,-0.03100789338350296
1777498798350439424,0.002320009749382734,-0.007800758350640535,-0.03100182674825191
1777498798360451072,0.002325628884136677,-0.00780422193929553,-0.03099913150072098
1777498798370443264,0.002323650056496263,-0.007802358828485012,-0.03100411780178547
1777498798380416000,0.002328065689653158,-0.007810342125594616,-0.03099992126226425
1777498798390369792,0.002325419103726745,-0.007809898816049099,-0.03099542856216431
1777498798400304128,0.002328644972294569,-0.007813859730958939,-0.03099777363240719
1777498798410219008,0.002323775319382548,-0.007813776843249798,-0.03100006654858589
1777498798420114944,0.002322461921721697,-0.007815544493496418,-0.03099939599633217
1777498798429991680,0.002320966683328152,-0.007811503950506449,-0.03100056201219559
1777498798439848960,0.002321570878848433,-0.007817531004548073,-0.03099722042679787
1777498798449687040,0.002317503560334444,-0.007816720753908157,-0.0309966504573822
1777498798459505408,0.002314369892701507,-0.007810839451849461,-0.03100565075874329
1777498798469304832,0.002313838573172688,-0.007811275776475668,-0.03100540116429329
1777498798479085312,0.002315530320629478,-0.00780633557587862,-0.03100766241550446
1777498798489083392,0.002319065388292074,-0.007812156341969967,-0.03101053647696972
1777498798499298816,0.00231833872385323,-0.007813599891960621,-0.03100775554776192
1777498798509494784,0.002314924960955977,-0.007814211770892143,-0.03100567311048508
1777498798519671552,0.002314746379852295,-0.007813461124897003,-0.03101038560271263
1777498798529828352,0.002320555737242103,-0.007803738582879305,-0.03101104125380516
1777498798539965440,0.002319485647603869,-0.007803056389093399,-0.03101637773215771
1777498798550082560,0.002319877967238426,-0.007802777457982302,-0.03101692907512188
1777498798560179712,0.002315808087587357,-0.00779785169288516,-0.0310163963586092
1777498798570257408,0.00231633335351944,-0.007794119417667389,-0.03101770952343941
1777498798580315392,0.002313251607120037,-0.007794036995619535,-0.03101944923400879
1777498798590353408,0.002308238763362169,-0.007795920129865408,-0.03101856261491776
1777498798600372736,0.002310339361429214,-0.00780077651143074,-0.03102031350135803
1777498798610372608,0.002309408504515886,-0.007797505706548691,-0.03101950697600842
1777498798620352768,0.002309982664883137,-0.007799995131790638,-0.03102107904851437
1777498798630317568,0.002308856695890427,-0.007796263787895441,-0.03102070838212967
1777498798640263168,0.002307959366589785,-0.007797221653163433,-0.03101859427988529
1777498798650189824,0.002309627365320921,-0.007795271463692188,-0.03101739101111889
1777498798660097024,0.002310912124812603,-0.007791801355779171,-0.03101799637079239
1777498798669985024,0.002309769624844193,-0.007790823932737112,-0.03101743757724762
1777498798679854080,0.002305203815922141,-0.007786911446601152,-0.03101639449596405
1777498798689703936,0.002302842680364847,-0.007786600384861231,-0.0310173574835062
1777498798699534848,0.002306449459865689,-0.007783685810863972,-0.03101373463869095
1777498798709347072,0.002307414775714278,-0.00779275968670845,-0.03101427666842937
1777498798719140352,0.002314659534022212,-0.007793383207172155,-0.03101602755486965
1777498798729145856,0.002309911651536822,-0.007789147086441517,-0.03101583756506443
1777498798739362816,0.002312089549377561,-0.007785715162754059,-0.03101621754467487
1777498798749559808,0.002313481643795967,-0.007784728892147541,-0.03102277219295502
1777498798759737344,0.00231243553571403,-0.007791266310960054,-0.03102795220911503
1777498798769895168,0.002314137294888496,-0.00779764074832201,-0.03102508187294006
1777498798780033792,0.002316608326509595,-0.007794967386871576,-0.0310240164399147
1777498798790152448,0.002315836027264595,-0.007791638839989901,-0.03103095479309559
1777498798800251136,0.002317877253517509,-0.007794009055942297,-0.03103252127766609
1777498798810329856,0.002323597203940153,-0.007791129406541586,-0.03103463537991047
1777498798820389120,0.002325247274711728,-0.007785860914736986,-0.03103131055831909
1777498798830428928,0.00232793646864593,-0.007783091627061367,-0.0310272965580225
1777498798840449280,0.002329240785911679,-0.007778323255479336,-0.03103002533316612
1777498798850450176,0.002332636155188084,-0.007778316270560026,-0.0310274213552475
1777498798860431616,0.002338068094104528,-0.007772088050842285,-0.03102881088852882
1777498798870393600,0.002340347040444613,-0.007771913427859545,-0.03103005141019821
1777498798880335872,0.002340272767469287,-0.007772421929985285,-0.03102991357445717
1777498798890258944,0.002345638582482934,-0.007769715506583452,-0.03103291429579258
1777498798900165888,0.002341709565371275,-0.007768101058900356,-0.031032994389534
1777498798910056448,0.002344169188290834,-0.007766814436763525,-0.03103509172797203
1777498798919927808,0.00234127976000309,-0.007764509413391352,-0.03103937767446041
1777498798929779968,0.002344123320654035,-0.007769058924168348,-0.03104000724852085
1777498798939613440,0.00234686117619276,-0.007766986265778542,-0.0310359001159668
1777498798949427712,0.002349176676943898,-0.007768326438963413,-0.03103568032383919
1777498798959222528,0.002347941976040602,-0.007759965490549803,-0.03104014322161674
1777498798969229312,0.00234212726354599,-0.007760219741612673,-0.03104557283222675
1777498798979447296,0.002346721943467855,-0.007767172995954752,-0.03104227967560291
1777498798989645312,0.002347196452319622,-0.007768596988171339,-0.03103921003639698
1777498798999823872,0.002338050166144967,-0.00776476738974452,-0.03104419447481632
1777498799009983232,0.002336027333512902,-0.007760286796838045,-0.03104680404067039
1777498799020122624,0.002335331169888377,-0.007761257700622082,-0.03104577027261257
1777498799030242304,0.002340901643037796,-0.007755099795758724,-0.03104348853230476
1777498799040342528,0.002343984320759773,-0.007757289335131645,-0.03104577772319317
1777498799050422784,0.002353707794100046,-0.007758218329399824,-0.03105015121400356
1777498799060483584,0.002349359448999166,-0.007753347512334585,-0.03104819916188717
1777498799070524672,0.002348920796066523,-0.007758825086057186,-0.03104864992201328
1777498799080546560,0.002350140362977982,-0.007760113570839167,-0.03104625642299652
1777498799090549248,0.002358216559514403,-0.007754544727504253,-0.03104726038873196
1777498799100532224,0.002360938582569361,-0.007755287457257509,-0.03104859404265881
1777498799110496000,0.002363508334383368,-0.007754720747470856,-0.03105559572577477
1777498799120440320,0.002364105079323053,-0.007749199867248535,-0.03105772100389004
1777498799130365184,0.002369827823713422,-0.007748385891318321,-0.03106041625142097
1777498799140276224,0.002365445950999856,-0.007749489974230528,-0.03105965256690979
1777498799150168064,0.002369685564190149,-0.00775042874738574,-0.03105740435421467
1777498799160040704,0.002365871798247099,-0.007754112593829632,-0.03105760365724564
1777498799169893888,0.00236856727860868,-0.007756204344332218,-0.03105870820581913
1777498799179728128,0.002359847305342555,-0.007758408784866333,-0.03105702064931393
1777498799189543168,0.002361902734264731,-0.007756550330668688,-0.03106538020074368
1777498799199338752,0.002356983488425612,-0.007759431377053261,-0.03106393665075302
1777498799209115136,0.002354344818741083,-0.007757570128887892,-0.03106206655502319
1777498799219334912,0.002351924078539014,-0.007755243685096502,-0.03106462210416794
1777498799229534976,0.00235232594422996,-0.007752713747322559,-0.03106646426022053
1777498799239715328,0.002351284027099609,-0.007750340271741152,-0.03106572479009628
1777498799249876480,0.002349724760279059,-0.007750838994979858,-0.03106173872947693
1777498799260018688,0.002351659582927823,-0.007753696758300066,-0.031062051653862
1777498799270141184,0.002354747150093317,-0.007752202451229095,-0.03106372058391571
1777498799280244224,0.002347352681681514,-0.007752367295324802,-0.03106527402997017
1777498799290327808,0.002354279393330216,-0.007756346371024847,-0.03106017783284187
1777498799300391936,0.002361288061365485,-0.007765812799334526,-0.03105929307639599
1777498799310436352,0.002360370242968202,-0.00776296854019165,-0.0310609508305788
1777498799320461056,0.002360890386626124,-0.007763272617012262,-0.03106351010501385
1777498799330466304,0.002359876874834299,-0.007760834880173206,-0.03107046149671078
1777498799340452352,0.002358123660087585,-0.00775168789550662,-0.03107200376689434
1777498799350419200,0.002352024894207716,-0.007751507218927145,-0.03106893971562386
1777498799360366592,0.002347310306504369,-0.007749167270958424,-0.03106397949159145
1777498799370294784,0.002345605520531535,-0.007745812181383371,-0.0310627706348896
1777498799380203776,0.002344986656680703,-0.007740492932498455,-0.03105664625763893
1777498799390093568,0.002344301668927073,-0.007739672437310219,-0.03105386719107628
1777498799399967744,0.002341292100027204,-0.007739962078630924,-0.03105317614972591
1777498799409825792,0.002342056483030319,-0.007741813082247972,-0.03105607256293297
1777498799419664896,0.002338475314900279,-0.007736812811344862,-0.03105675987899303
1777498799429484800,0.002341668354347348,-0.007741172797977924,-0.03105824813246727
1777498799439286016,0.002339198719710112,-0.00774481100961566,-0.03105860389769077
1777498799449068288,0.002336356323212385,-0.007739180698990822,-0.03105543740093708
1777498799459293952,0.002341484883800149,-0.00774134648963809,-0.03105416893959045
1777498799469499904,0.002338807331398129,-0.007747058756649494,-0.03105821460485458
1777498799479685888,0.002334673656150699,-0.007740742526948452,-0.03105548582971096
1777498799489852928,0.002337086014449596,-0.007746701128780842,-0.03105593286454678
1777498799500000000,0.002348107052966952,-0.007749419659376144,-0.0310561191290617
1777498799510127872,0.002350882394239306,-0.007750943768769503,-0.03105681203305721
1777498799520235776,0.002350735710933805,-0.007751261349767447,-0.03105859272181988
1777498799530324736,0.002349002985283732,-0.007747073192149401,-0.03106116503477097
1777498799540393472,0.002351217670366168,-0.007742680143564939,-0.0310652107000351
1777498799550442752,0.002348734298720956,-0.007737876381725073,-0.03106926754117012
1777498799560472320,0.00234312261454761,-0.007739298045635223,-0.03107265941798687
1777498799570483200,0.002341787097975612,-0.007739542983472347,-0.03107191435992718
1777498799580474368,0.002340103266760707,-0.007734520360827446,-0.03106906823813915
1777498799590446336,0.00233357329852879,-0.007730826269835234,-0.03107032738626003
1777498799600398848,0.002337184036150575,-0.007727034855633974,-0.03107515722513199
1777498799610334976,0.002345765940845013,-0.007724686991423368,-0.03107244335114956
1777498799620251904,0.002342883963137865,-0.007720840629190207,-0.03107565455138683
1777498799630149888,0.002341591054573655,-0.007717954460531473,-0.03108114004135132
1777498799640029184,0.002337997080758214,-0.007720172870904207,-0.03108463436365128
1777498799649889536,0.002336594508960843,-0.007721754722297192,-0.03108369186520576
1777498799659730944,0.002343224128708243,-0.007719684392213821,-0.03108111396431923
1777498799669553152,0.002343473257496953,-0.007719133980572224,-0.0310801025480032
1777498799679356160,0.002351411851122975,-0.007719462737441063,-0.03108306415379047
1777498799689141248,0.002353347139433026,-0.007718199864029884,-0.03108164668083191
1777498799699366656,0.002354324795305729,-0.007718200329691172,-0.03108295984566212
1777498799709572608,0.002356194658204913,-0.007722954265773296,-0.03108229301869869
1777498799719758848,0.002355362521484494,-0.00772522110491991,-0.03107753582298756
1777498799729925120,0.002345588291063905,-0.007724680472165346,-0.03107400238513947
1777498799740071936,0.002343794563785195,-0.007730625569820404,-0.0310752410441637
1777498799750199040,0.002337886486202478,-0.007730393670499325,-0.03107996098697186
1777498799760307456,0.002336803590878844,-0.007737705484032631,-0.03108196891844273
1777498799770397440,0.002341366373002529,-0.007740523666143417,-0.03108205460011959
1777498799780467968,0.002345032291486859,-0.007745788898319006,-0.03107927739620209
1777498799790518784,0.002348731039091945,-0.007743469439446926,-0.03107837028801441
1777498799800550144,0.002345203422009945,-0.007745371665805578,-0.03107861243188381
1777498799810562304,0.002342764521017671,-0.007748813834041357,-0.03108074516057968
1777498799820555008,0.0023357302416116,-0.007754034362733364,-0.03108109161257744
1777498799830528256,0.002335384953767061,-0.007749635260552168,-0.03108064085245132
1777498799840482304,0.002332949778065085,-0.007749557495117188,-0.03108222782611847
1777498799850417408,0.002324445871636271,-0.007751163095235825,-0.03108230791985989
1777498799860333312,0.002326130401343107,-0.007746337447315454,-0.03108380548655987
1777498799870229760,0.002323228865861893,-0.007750109303742647,-0.03108174540102482
1777498799880107008,0.002324200700968504,-0.007753388024866581,-0.03108243457973003
1777498799889965056,0.002324555069208145,-0.007748827803879976,-0.03108968585729599
1777498799899803904,0.002323380438610911,-0.007752767764031887,-0.03108919784426689
1777498799909623552,0.002333340235054493,-0.007755748927593231,-0.03109012171626091
1777498799919424512,0.002336622215807438,-0.007761306129395962,-0.03108838386833668
1777498799929207296,0.002339114202186465,-0.007762444205582142,-0.03108822926878929
1777498799939206656,0.002338196616619825,-0.007756390608847141,-0.0310854148119688
1777498799949421824,0.002336028730496764,-0.007762304972857237,-0.03108975291252136
1777498799959617792,0.002331142546609044,-0.007765775080770254,-0.03108873777091503
1777498799969793792,0.002339259954169393,-0.007763686124235392,-0.03109363280236721
1777498799979950080,0.002341592684388161,-0.007761674001812935,-0.0310903787612915
1777498799990088192,0.00233467435464263,-0.007766062393784523,-0.03108895011246204
1777498800000206592,0.002341711660847068,-0.007764733862131834,-0.03109674341976643
1777498800010305792,0.002346405992284417,-0.007769251242280006,-0.03109902888536453
1777498800020385280,0.002349352464079857,-0.00777598237618804,-0.03109863959252834
1777498800030445312,0.002349815098568797,-0.007766161113977432,-0.03110292740166187
1777498800040485888,0.002348978538066149,-0.007772417273372412,-0.0311067346483469
1777498800050506752,0.002348626032471657,-0.007767596282064915,-0.0311079528182745
1777498800060508416,0.002342562424018979,-0.00777075719088316,-0.03110583312809467
1777498800070491136,0.002343099331483245,-0.00777069479227066,-0.03110567294061184
1777498800080454656,0.002343330066651106,-0.007768118754029274,-0.03110451810061932
1777498800090398464,0.002340737963095307,-0.007768508978188038,-0.03110393881797791
1777498800100323072,0.002337368903681636,-0.007764845620840788,-0.03110088780522346
1777498800110228480,0.002340368228033185,-0.00776476738974452,-0.03109979815781116
1777498800120114944,0.002336979145184159,-0.007764221169054508,-0.03109601326286793
1777498800129981952,0.00233938917517662,-0.007763063535094261,-0.031098622828722
1777498800139829760,0.002339456463232636,-0.00776432640850544,-0.03109734505414963
1777498800149664768,0.00233998685143888,-0.007759361062198877,-0.03109577111899853
1777498800159481088,0.002341241808608174,-0.007757340557873249,-0.03109316155314445
1777498800169277952,0.002344353822991252,-0.007756182923913002,-0.0310965646058321
1777498800179284992,0.002349599963054061,-0.007754658348858356,-0.03109581209719181
1777498800189501696,0.002350617200136185,-0.007751536089926958,-0.03109614551067352
1777498800199698432,0.002347198314964771,-0.007751313503831625,-0.03109666146337986
1777498800209875968,0.002344583161175251,-0.007755425292998552,-0.03109447285532951
1777498800220034048,0.002347268862649798,-0.007758536841720343,-0.03109592385590076
1777498800230172416,0.002349739661440253,-0.007768099196255207,-0.03109720721840858
1777498800240291072,0.002340631326660514,-0.007762274704873562,-0.0310988575220108
1777498800250390016,0.002336806617677212,-0.007755754515528679,-0.03110286220908165
1777498800260469504,0.002339065773412585,-0.007757765706628561,-0.03109889104962349
1777498800270529024,0.002338177757337689,-0.007761935703456402,-0.0310951229184866
1777498800280569344,0.002345991553738713,-0.007765671238303185,-0.03109598532319069
1777498800290590208,0.002342146588489413,-0.007761482615023851,-0.03109657391905785
1777498800300591872,0.002346591791138053,-0.007765055634081364,-0.03109654411673546
1777498800310574080,0.002346402732655406,-0.007764327339828014,-0.03109863772988319
1777498800320536576,0.002339578699320555,-0.007766215596348047,-0.03110136091709137
1777498800330481408,0.002340717473998666,-0.007773169316351414,-0.03110162727534771
1777498800340408576,0.002348191337659955,-0.007774670142680407,-0.03110070340335369
1777498800350316288,0.002351682167500257,-0.007772848475724459,-0.03109625354409218
1777498800360204800,0.002348779235035181,-0.007769165560603142,-0.03109334222972393
1777498800370074112,0.002357399091124535,-0.007771617267280817,-0.03109362348914146
1777498800379924224,0.00235780724324286,-0.007770484779030085,-0.03109334409236908
1777498800389754880,0.002359039150178432,-0.007772350218147039,-0.03109234571456909
1777498800399566592,0.002367925830185413,-0.007774852681905031,-0.03108851052820683
1777498800409359616,0.002365527441725135,-0.007768990937620401,-0.03108957782387733
1777498800419133184,0.002367147244513035,-0.00777066545560956,-0.03108916431665421
1777498800429351168,0.002359960228204727,-0.007764519192278385,-0.03108534216880798
1777498800439549184,0.002355915028601885,-0.007769034709781408,-0.03109038807451725
1777498800449727488,0.002357300603762269,-0.007765162270516157,-0.03109082207083702
1777498800459886080,0.002356007928028703,-0.00776537274941802,-0.03109096921980381
1777498800470025728,0.002355426782742143,-0.007768587209284306,-0.03109295479953289
1777498800480145664,0.002354063326492906,-0.007770841009914875,-0.03108658827841282
1777498800490246144,0.002354777185246348,-0.007772926706820726,-0.03108799643814564
1777498800500326912,0.002354575786739588,-0.007775542791932821,-0.03109389171004295
1777498800510387968,0.002354181837290525,-0.007776900194585323,-0.03109403140842915
1777498800520429824,0.002358803525567055,-0.007774267811328173,-0.03109399415552616
1777498800530452224,0.002357636345550418,-0.007768673822283745,-0.03109070286154747
1777498800540454912,0.002365191467106342,-0.007766804192215204,-0.03108979575335979
1777498800550438656,0.002367638051509857,-0.007774941623210907,-0.03108957782387733
1777498800560402944,0.002371131908148527,-0.007779358886182308,-0.03109388425946236
1777498800570347776,0.002374450443312526,-0.00777648389339447,-0.03109677694737911
1777498800580272896,0.002370839938521385,-0.007777343969792128,-0.03109998069703579
1777498800590178560,0.00236971490085125,-0.007780523039400578,-0.03110120631754398
1777498800600068096,0.002370625035837293,-0.007777693681418896,-0.03110048547387123
1777498800609940480,0.002364658284932375,-0.007779970299452543,-0.03110245056450367
1777498800619794176,0.002368023386225104,-0.007778864353895187,-0.03109978139400482
1777498800629628416,0.002361664781346917,-0.007779302075505257,-0.03109925240278244
1777498800639443712,0.002362477825954556,-0.007777742575854063,-0.03110360726714134
1777498800649239808,0.002360203070566058,-0.007779057137668133,-0.03110568225383759
1777498800659016704,0.002364326966926455,-0.00778017146512866,-0.03110315091907978
1777498800669235200,0.002364528831094503,-0.007773693650960922,-0.03109851852059364
1777498800679433984,0.002360037295147777,-0.007780192885547876,-0.0311003290116787
1777498800689613312,0.00235966662876308,-0.007774310186505318,-0.03109569288790226
1777498800699773696,0.002364282729104161,-0.007770630996674299,-0.03109989129006863
1777498800709914112,0.002363869920372963,-0.007767155766487122,-0.03109955787658691
1777498800720035072,0.002370151458308101,-0.00776990270242095,-0.0310978889465332
1777498800730136576,0.002373814349994063,-0.007770690601319075,-0.0310986340045929
1777498800740218368,0.00237719714641571,-0.007771736010909081,-0.03110452555119991
1777498800750280192,0.002372571034356952,-0.007778329774737358,-0.0311041884124279
1777498800760322560,0.002370395231992006,-0.007782458793371916,-0.03110506013035774
1777498800770346752,0.00237112888135016,-0.00777489272877574,-0.03110137954354286
1777498800780353280,0.002368716755881906,-0.007777149323374033,-0.03109787963330746
1777498800790340352,0.002370096510276198,-0.007772473152726889,-0.03109840117394924
1777498800800308224,0.002371941460296512,-0.007774448953568935,-0.03109881654381752
1777498800810256896,0.002368785906583071,-0.007771175820380449,-0.03110582567751408
1777498800820186112,0.00237352098338306,-0.00777161493897438,-0.03110755980014801
1777498800830096384,0.002379786456003785,-0.007770851720124483,-0.0311077143996954
1777498800839987456,0.00237881438806653,-0.007770391646772623,-0.03111233003437519
1777498800849859328,0.00238063232973218,-0.007764860056340694,-0.03111068718135357
1777498800859712256,0.002380830002948642,-0.007772509008646011,-0.03110546432435513
1777498800869545984,0.002385922241955996,-0.007774692960083485,-0.03110193647444248
1777498800879360768,0.002387413289397955,-0.007774968631565571,-0.0311014074832201
1777498800889156352,0.00238737347535789,-0.007769505959004164,-0.03109682537615299
1777498800898932992,0.002390242647379637,-0.007774828001856804,-0.03109850734472275
1777498800909158144,0.002388987690210342,-0.007771635428071022,-0.03109848126769066
1777498800919363328,0.00238691340200603,-0.007771537639200687,-0.03110318817198277
1777498800929549312,0.002388107124716043,-0.007766770198941231,-0.03110538423061371
1777498800939715584,0.002387735294178128,-0.007769049610942602,-0.03110809065401554
1777498800949862400,0.00239080935716629,-0.007769558113068342,-0.03110433742403984
1777498800959989248,0.002383983694016933,-0.007779434323310852,-0.03110153414309025
1777498800970096640,0.002388543915003538,-0.007782045286148787,-0.03109952621161938
1777498800980184064,0.002387817250564694,-0.007785793859511614,-0.03110121376812458
1777498800990254336,0.00238814577460289,-0.007789525669068098,-0.03109737858176231
1777498801000305152,0.002386991633102298,-0.007790606934577227,-0.03109151870012283
1777498801010336256,0.002385050291195512,-0.007792920805513859,-0.03108782880008221
1777498801020347648,0.00237727421335876,-0.007788777817040682,-0.03109060600399971
1777498801030339840,0.002377774100750685,-0.007782162167131901,-0.03109097108244896
1777498801040312576,0.002373347291722894,-0.007786467671394348,-0.03108827397227287
1777498801050265856,0.002374752657487988,-0.007791340816766024,-0.03108729422092438
1777498801060199424,0.002378681674599648,-0.00779736740514636,-0.03108776360750198
1777498801070114560,0.002382522914558649,-0.007793072145432234,-0.03108663856983185
1777498801080009728,0.00238384585827589,-0.007793886121362448,-0.03108657896518707
1777498801089885696,0.002379439538344741,-0.007792382966727018,-0.03108144924044609
1777498801099742464,0.002375244395807385,-0.007786404807120562,-0.03107926994562149
1777498801109580032,0.002380492864176631,-0.007785815745592117,-0.03107915259897709
1777498801119398400,0.002376145450398326,-0.007784904446452856,-0.03107907436788082
1777498801129197568,0.002375205280259252,-0.007782985921949148,-0.03107408806681633
1777498801138977280,0.00237736664712429,-0.007784903515130281,-0.03107368946075439
1777498801149203712,0.00237787258811295,-0.007786669302731752,-0.03107240982353687
1777498801159410432,0.002380847698077559,-0.007783241104334593,-0.0310688428580761
1777498801169597696,0.002377694705501199,-0.007779442705214024,-0.0310659371316433
1777498801179766272,0.00237193307839334,-0.007785051129758358,-0.0310674998909235
1777498801189914880,0.002373216673731804,-0.007786918897181749,-0.03106709383428097
1777498801200044032,0.002373737515881658,-0.007787508890032768,-0.03106659092009068
1777498801210153472,0.002379717538133264,-0.0077928826212883,-0.0310696680098772
1777498801220243712,0.002378819044679403,-0.00779764074832201,-0.03107110038399696
1777498801230314496,0.002381368074566126,-0.007803105749189854,-0.03107395768165588
1777498801240365568,0.002378144767135382,-0.007804017048329115,-0.03107581473886967
1777498801250396928,0.002378017408773303,-0.007799712941050529,-0.03107496723532677
1777498801260411392,0.002377470256760716,-0.00780113460496068,-0.03107756748795509
1777498801270407936,0.002379960846155882,-0.007803249638527632,-0.03107585571706295
1777498801280385024,0.002379224169999361,-0.007805334404110909,-0.03107696026563644
1777498801290342912,0.002382166450843215,-0.007805923465639353,-0.0310739241540432
1777498801300281856,0.002375800395384431,-0.007813188247382641,-0.03107674233615398
1777498801310201344,0.002381361089646816,-0.007810188457369804,-0.03107503615319729
1777498801320101376,0.002380261896178126,-0.007805608678609133,-0.03107176721096039
1777498801329982464,0.002384052146226168,-0.007798253558576107,-0.03107159398496151
1777498801339845120,0.002394143957644701,-0.007800970692187548,-0.03107075206935406
1777498801349688832,0.00239191809669137,-0.007800935301929712,-0.03107159957289696
1777498801359513344,0.002386072650551796,-0.007799470797181129,-0.03107027523219585
1777498801369318912,0.002389615401625633,-0.00779777392745018,-0.0310669057071209
1777498801379105536,0.002388785826042295,-0.007799258455634117,-0.0310673713684082
1777498801389106688,0.002387007931247354,-0.007805866654962301,-0.03106791712343693
1777498801399322368,0.00237806816585362,-0.007809420116245747,-0.03106960654258728
1777498801409518336,0.002371428068727255,-0.007803627755492926,-0.03107142634689808
1777498801419694848,0.002364839660003781,-0.007797311060130596,-0.03107284195721149
1777498801429851392,0.002359382342547178,-0.007797428872436285,-0.03106949105858803
1777498801439988992,0.002360467333346605,-0.007799091748893261,-0.03107547014951706
1777498801450107904,0.002360717626288533,-0.007795447949320078,-0.03107126802206039
1777498801460207360,0.002363650361075997,-0.007796968333423138,-0.03106977045536041
1777498801470287616,0.002365593565627933,-0.007797310594469309,-0.0310690701007843
1777498801480348672,0.002357008401304483,-0.007800942286849022,-0.03106744214892387
1777498801490390272,0.002356307348236442,-0.007802624721080065,-0.0310671292245388
1777498801500412416,0.002353549236431718,-0.007797310128808022,-0.03106581047177315
1777498801510415104,0.002347102388739586,-0.007797210942953825,-0.03106659092009068
1777498801520398592,0.00234243250451982,-0.007795755285769701,-0.03106597810983658
1777498801530362880,0.002347689121961594,-0.007795678451657295,-0.03106518276035786
1777498801540307712,0.002349824411794543,-0.007793906144797802,-0.03106162697076797
1777498801550233344,0.002352354116737843,-0.007793936412781477,-0.03105513751506805
1777498801560139776,0.002350246533751488,-0.007800951600074768,-0.0310448557138443
1777498801570027008,0.002353014191612601,-0.007804590277373791,-0.03104195557534695
1777498801579894784,0.002356933429837227,-0.007806194014847279,-0.0310391541570425
1777498801589743360,0.002350465394556522,-0.007812229916453362,-0.03103899955749512
1777498801599576832,0.002353031886741519,-0.007819314487278461,-0.0310398992151022
1777498801609394944,0.002353157615289092,-0.007821355946362019,-0.03103641234338284
1777498801619194368,0.002359483856707811,-0.007815745659172535,-0.03103834204375744
1777498801629202176,0.002358491066843271,-0.007815568707883358,-0.0310360137373209
1777498801639418880,0.002368159824982285,-0.007816472090780735,-0.03103900328278542
1777498801649616128,0.002360480604693294,-0.007808626163750887,-0.03103684447705746
1777498801659794432,0.002357837976887822,-0.007809681817889214,-0.03103767521679401
1777498801669952768,0.002364511834457517,-0.007808159571141005,-0.03103707544505596
1777498801680091392,0.00236267177388072,-0.007809226401150227,-0.03103935532271862
1777498801690210560,0.002363784937188029,-0.007812303490936756,-0.03104107081890106
1777498801700310016,0.002366548171266913,-0.007808857131749392,-0.03104028850793839
1777498801710390272,0.002366207772865891,-0.00781259685754776,-0.0310365054756403
1777498801720450816,0.002368863439187407,-0.007818010635674,-0.03103490173816681
1777498801730491648,0.002365106251090765,-0.007811943534761667,-0.03103652969002724
1777498801740516864,0.002367011737078428,-0.007815411314368248,-0.03104106709361076
1777498801750522880,0.002361351856961846,-0.007808079477399588,-0.03104113787412643
1777498801760509184,0.002361841266974807,-0.007810461800545454,-0.03103841654956341
1777498801770475776,0.002360793529078364,-0.007813366129994392,-0.03103302791714668
1777498801780423424,0.002367499051615596,-0.007810000795871019,-0.03103267215192318
1777498801790351616,0.002369716065004468,-0.007809019181877375,-0.03103094547986984
1777498801800260352,0.002368153538554907,-0.007815703749656677,-0.03102836571633816
1777498801810149376,0.002369844820350409,-0.007816813886165619,-0.03102445043623447
1777498801820019712,0.002364584244787693,-0.007817281410098076,-0.0310233049094677
1777498801829870848,0.00236188992857933,-0.007810745388269424,-0.031020388007164
1777498801839702784,0.002352143637835979,-0.007817203179001808,-0.03102300688624382
1777498801849515264,0.00235137902200222,-0.007817845791578293,-0.03102285787463188
1777498801859308800,0.002346569905057549,-0.007817966863512993,-0.03102130256593227
1777498801869314560,0.002345528686419129,-0.007816477678716183,-0.03102644346654415
1777498801879532032,0.002348804147914052,-0.007814459502696991,-0.03103084675967693
1777498801889730048,0.002347934991121292,-0.007815669290721416,-0.03102756477892399
1777498801899908864,0.002350305672734976,-0.007815921679139137,-0.03102837689220905
1777498801910067712,0.00235760654322803,-0.007812886498868465,-0.03102962113916874
1777498801920206848,0.002361191203817725,-0.007810923270881176,-0.03103518299758434
1777498801930326272,0.002360506216064095,-0.007810022216290236,-0.03103726916015148
1777498801940425984,0.00235812715254724,-0.007804847322404385,-0.03103248029947281
1777498801950505984,0.002352384151890874,-0.007795234676450491,-0.03103143721818924
1777498801960566272,0.002349764807149768,-0.007791896350681782,-0.03103150613605976
1777498801970606592,0.002353959949687123,-0.007784488145262003,-0.03103140369057655
1777498801980628480,0.002351944101974368,-0.00777904037386179,-0.03102837689220905
1777498801990630912,0.002343644620850682,-0.007774653844535351,-0.03102758713066578
1777498802000613888,0.002336634788662195,-0.007774753030389547,-0.0310224387794733
1777498802010579712,0.002341953571885824,-0.00777340866625309,-0.03102091886103153
1777498802020528384,0.002341458573937416,-0.007778281345963478,-0.03101618587970734
1777498802030457856,0.0023318559397012,-0.007774551399052143,-0.03101401589810848
1777498802040368384,0.002332827309146523,-0.00777188828215003,-0.03101164661347866
1777498802050259200,0.002339059486985207,-0.007767421193420887,-0.03101074881851673
1777498802060131072,0.002336705336347222,-0.007770062889903784,-0.03101295977830887
1777498802069983744,0.002336380770429969,-0.007773224730044603,-0.03100907057523727
1777498802079817216,0.002332926960662007,-0.007779753766953945,-0.03100826218724251
1777498802089631744,0.002336570294573903,-0.007780735846608877,-0.03100721165537834
1777498802099427584,0.00233387085609138,-0.007786287926137447,-0.03100850991904736
1777498802109204224,0.002337908837944269,-0.007779993116855621,-0.03100934810936451
1777498802119423488,0.002342496998608112,-0.007775627076625824,-0.03100716136395931
1777498802129623040,0.002339932834729552,-0.007777856197208166,-0.0310065932571888
1777498802139802880,0.002337259706109762,-0.007782886270433664,-0.03100582398474216
1777498802149963776,0.002338306279852986,-0.007780251558870077,-0.0310062300413847
1777498802160105216,0.002339445753023028,-0.007776537910103798,-0.03100165352225304
1777498802170227200,0.002333574928343296,-0.007774110417813063,-0.03100824542343616
1777498802180329216,0.002328000031411648,-0.00777730206027627,-0.03101148642599583
1777498802190412288,0.002331943949684501,-0.007779480889439583,-0.03101453371345997
1777498802200475392,0.002334062708541751,-0.007775064092129469,-0.03101472742855549
1777498802210518784,0.002335058292374015,-0.007777567021548748,-0.03101268224418163
1777498802220543744,0.002337237820029259,-0.007780738174915314,-0.03101204335689545
1777498802230549504,0.002341025974601507,-0.007778974715620279,-0.03101042844355106
1777498802240535808,0.002339462749660015,-0.007784293964505196,-0.03100997768342495
1777498802250502656,0.002338337013497949,-0.007781693246215582,-0.03101009130477905
1777498802260453376,0.00233987788669765,-0.007780581247061491,-0.03100825846195221
1777498802270384896,0.002342204097658396,-0.007778894621878862,-0.03100983612239361
1777498802280297216,0.002345746383070946,-0.007778102997690439,-0.03101105988025665
1777498802290190336,0.002346252091228962,-0.007779737468808889,-0.03100574389100075
1777498802300064000,0.002343600383028388,-0.007778455037623644,-0.03100229240953922
1777498802309918720,0.002340582897886634,-0.00777532858774066,-0.03100362792611122
1777498802319753984,0.002338841557502747,-0.007771474774926901,-0.03100050613284111
1777498802329570304,0.002337714424356818,-0.007773617282509804,-0.03100199438631535
1777498802339368192,0.002334046643227339,-0.007776330225169659,-0.03100400418043137
1777498802349147136,0.002338516991585493,-0.007778286468237638,-0.03100770711898804
1777498802359371776,0.002340660896152258,-0.007784069981426001,-0.03101214580237865
1777498802369576448,0.002340602455660701,-0.007788341026753187,-0.03101211600005627
1777498802379761408,0.002343032974749804,-0.007785978727042675,-0.03100726753473282
1777498802389926912,0.002341092331334949,-0.007788368500769138,-0.03100971505045891
1777498802400073728,0.002337755635380745,-0.007787500508129597,-0.03100605681538582
1777498802410200576,0.002335633616894484,-0.007790223229676485,-0.03100687824189663
1777498802420308480,0.002337178448215127,-0.007791441399604082,-0.03100427053868771
1777498802430396416,0.002335347235202789,-0.007795647252351046,-0.03100719302892685
1777498802440464896,0.002330505754798651,-0.007792397867888212,-0.03101144172251225
1777498802450514176,0.002333271084353328,-0.007792877964675426,-0.03100961074233055
1777498802460544000,0.00233283475972712,-0.007784095127135515,-0.03100490383803844
1777498802470554112,0.00233935215510428,-0.007775268517434597,-0.03100708872079849
1777498802480545280,0.00234813941642642,-0.007772957906126976,-0.03100688010454178
1777498802490516736,0.002341588726267219,-0.007776690647006035,-0.03100641258060932
1777498802500468480,0.002341198502108455,-0.007774352561682463,-0.03100498579442501
1777498802510401024,0.002343855332583189,-0.007776770275086164,-0.03100450709462166
1777498802520314112,0.002341423183679581,-0.007788226939737797,-0.03100304119288921
1777498802530207744,0.002340979874134064,-0.007784978486597538,-0.03100537694990635
1777498802540082432,0.002338097896426916,-0.007783331442624331,-0.0310042891651392
1777498802549940480,0.002342241816222668,-0.00778977433219552,-0.03099804744124413
1777498802559782400,0.002340964507311583,-0.007782147731631994,-0.03099527023732662
1777498802569604864,0.002346455818042159,-0.007773804478347301,-0.03099296241998672
1777498802579408384,0.002347460016608238,-0.007776237092912197,-0.03099130839109421
1777498802589192960,0.002343056723475456,-0.007779944222420454,-0.03099045157432556
1777498802599417856,0.00233792862854898,-0.007771691773086786,-0.03098563477396965
1777498802609623296,0.002333739539608359,-0.007771039381623268,-0.03098912537097931
1777498802619809536,0.002336316043511033,-0.007767929695546627,-0.03098871745169163
1777498802629975808,0.002336772857233882,-0.007773626130074263,-0.03098755329847336
1777498802640122112,0.002332026837393641,-0.007777413353323936,-0.030989034101367
1777498802650248704,0.002339807339012623,-0.007777380757033825,-0.03098845854401588
1777498802660357376,0.002339861821383238,-0.007777746766805649,-0.03098716214299202
1777498802670446592,0.002339254599064589,-0.00777472136542201,-0.03098470717668533
1777498802680516096,0.002335477620363235,-0.007773543708026409,-0.03098412044346333
1777498802690566144,0.002332620089873672,-0.007781215477734804,-0.03098526783287525
1777498802700596736,0.002336701145395637,-0.007789121009409428,-0.03098203055560589
1777498802710607616,0.002341195940971375,-0.007790097035467625,-0.03098201937973499
1777498802720599552,0.002336274366825819,-0.007790941745042801,-0.03098032809793949
1777498802730571776,0.002332083880901337,-0.007795880548655987,-0.03098071366548538
1777498802740524800,0.002328918548300862,-0.007797767408192158,-0.03097973205149174
1777498802750458368,0.002325485926121473,-0.007792592514306307,-0.03097935579717159
1777498802760372480,0.002320648403838277,-0.007791763637214899,-0.03097590245306492
1777498802770267392,0.002312628552317619,-0.007787183858454227,-0.0309756938368082
1777498802780142592,0.00231192959472537,-0.007792706601321697,-0.03097675926983356
1777498802789998592,0.002315377816557884,-0.007790611125528812,-0.03097526542842388
1777498802799835392,0.002318014390766621,-0.007790895644575357,-0.03097614087164402
1777498802809652736,0.00232011079788208,-0.007781814783811569,-0.03097496181726456
1777498802819451904,0.002311385469511151,-0.007775762584060431,-0.03097443468868732
1777498802829231872,0.002313195494934916,-0.00777451740577817,-0.03097467124462128
1777498802839229952,0.002317906823009253,-0.007778013125061989,-0.03097635880112648
1777498802849445632,0.002321689389646053,-0.007779751904308796,-0.03097779117524624
1777498802859641600,0.00232761399820447,-0.007780951913446188,-0.030977388843894
1777498802869817856,0.002327899448573589,-0.007776158396154642,-0.03097382374107838
1777498802879974400,0.002323444467037916,-0.007771873380988836,-0.03098053298890591
1777498802890112512,0.002318937797099352,-0.007773158606141806,-0.03098222054541111
1777498802900231424,0.002314948476850986,-0.007778063882142305,-0.03097507171332836
1777498802910331136,0.002316194120794535,-0.007777728140354156,-0.03097377717494965
1777498802920410880,0.002314818557351828,-0.007780331652611494,-0.03097245097160339
1777498802930471424,0.002318369224667549,-0.007782759610563517,-0.03096918389201164
1777498802940512512,0.002320125000551343,-0.007781034801155329,-0.03096565790474415
1777498802950534144,0.002323380205780268,-0.007777972146868706,-0.03096820041537285
1777498802960536064,0.002320147585123777,-0.007775553502142429,-0.0309688076376915
1777498802970519296,0.00231947866268456,-0.007770510390400887,-0.03096688538789749
1777498802980483584,0.002316205529496074,-0.007766786497086287,-0.03096422553062439
1777498802990428928,0.002313432050868869,-0.007771367207169533,-0.0309616681188345
1777498803000354816,0.002314012032002211,-0.007776298560202122,-0.03095881082117558
1777498803010260992,0.002312844153493643,-0.00776815926656127,-0.03095904551446438
1777498803020147968,0.002311972435563803,-0.007765907794237137,-0.03095878101885319
1777498803030016000,0.002313481876626611,-0.007769877556711435,-0.03096134029328823
1777498803039864576,0.002311986172571778,-0.00776695366948843,-0.03096115589141846
1777498803049697792,0.002315021120011806,-0.007761688437312841,-0.03096228837966919
1777498803059515392,0.00231491681188345,-0.007762654218822718,-0.03096103295683861
1777498803069314048,0.002302544191479683,-0.007759605068713427,-0.03095986321568489
1777498803079321856,0.002299601444974542,-0.007758636958897114,-0.03096319548785686
1777498803089538304,0.002300170715898275,-0.007749873679131269,-0.03096159175038338
1777498803099735552,0.002293986501172185,-0.007743115536868572,-0.03096223063766956
1777498803109913344,0.002286364324390888,-0.007746962364763021,-0.0309603288769722
1777498803120071424,0.002287155482918024,-0.007743813563138247,-0.0309616532176733
1777498803130210048,0.002285836031660438,-0.007739342749118805,-0.03095915168523788
1777498803140328704,0.00228698761202395,-0.007738353684544563,-0.03096305206418037
1777498803150427904,0.002287672832608223,-0.007733685430139303,-0.0309635866433382
1777498803160507136,0.002285519847646356,-0.007738744840025902,-0.03096309676766396
1777498803170566912,0.002288228832185268,-0.007735897321254015,-0.03096106089651585
1777498803180608768,0.00229334132745862,-0.007742027286440134,-0.03096150048077106
1777498803190633216,0.002289319410920143,-0.007744676433503628,-0.03096565790474415
1777498803200638208,0.002288310555741191,-0.007741964887827635,-0.03096441179513931
1777498803210623232,0.002285338239744306,-0.007742096204310656,-0.03096529841423035
1777498803220589056,0.002286960370838642,-0.007739637512713671,-0.03096391633152962
1777498803230535680,0.002289139200001955,-0.007742614019662142,-0.03096378035843372
1777498803240462592,0.002288182033225894,-0.007740573957562447,-0.03097025491297245
1777498803250370048,0.002283954992890358,-0.007741015404462814,-0.03097310848534107
1777498803260258560,0.002286933362483978,-0.007739215157926083,-0.03097439743578434
1777498803270127872,0.002289399737492204,-0.007739743683487177,-0.03097646869719028
1777498803279977984,0.002281998516991735,-0.007739552762359381,-0.03097416833043098
1777498803289809152,0.002279500477015972,-0.007737231906503439,-0.03097756206989288
1777498803299621120,0.002278407802805305,-0.007738965563476086,-0.03098191693425179
1777498803309413888,0.002277499763295054,-0.007736195344477892,-0.03098448552191257
1777498803319419136,0.002271010307595134,-0.007740141823887825,-0.03098702616989613
1777498803329636352,0.002266332972794771,-0.007739196997135878,-0.03098445385694504
1777498803339833856,0.002270011464133859,-0.007738356012851,-0.03098651021718979
1777498803350011904,0.002271219156682491,-0.007742620073258877,-0.03099136613309383
1777498803360171008,0.002276654820889235,-0.007744903676211834,-0.03098859079182148
1777498803370310400,0.002272965852171183,-0.007746693212538958,-0.03098828159272671
1777498803380429824,0.002268326701596379,-0.007742183748632669,-0.03099365346133709
1777498803390530304,0.002268528798595071,-0.007739454042166471,-0.03099898621439934
1777498803400611072,0.002266747411340475,-0.007734829094260931,-0.03100146353244781
1777498803410671872,0.002266417955979705,-0.00772569328546524,-0.03100020065903664
1777498803420713216,0.002265486167743802,-0.007721169386059046,-0.0310002788901329
1777498803430735104,0.002264018636196852,-0.007721730042248964,-0.03100057505071163
1777498803440737792,0.00226105866022408,-0.007720662746578455,-0.03099954314529896
1777498803450721280,0.002259425120428205,-0.007717192638665438,-0.03100484050810337
1777498803460688896,0.002258092630654573,-0.007718270644545555,-0.03100604750216007
1777498803470637568,0.002259629778563976,-0.007718635722994804,-0.03100788407027721
1777498803480567040,0.002259671920910478,-0.007717953063547611,-0.03100773878395557
1777498803490477056,0.002264313865453005,-0.007715853396803141,-0.0310062151402235
1777498803500368128,0.002265655435621738,-0.00771460821852088,-0.03099942766129971
1777498803510240000,0.002268461044877768,-0.00771944597363472,-0.03099831379950047
1777498803520092672,0.002269037300720811,-0.007718640379607677,-0.03099942579865456
1777498803529926144,0.002271977253258228,-0.007720026653259993,-0.03099966235458851
1777498803539741440,0.002281715627759695,-0.007721093483269215,-0.0310002788901329
1777498803549537280,0.002283399691805243,-0.007721457630395889,-0.03099662810564041
1777498803559314176,0.002282860921695828,-0.007714283186942339,-0.03100178763270378
1777498803569532672,0.002286253264173865,-0.00771099328994751,-0.03100023604929447
1777498803579731200,0.002283526817336679,-0.007710590027272701,-0.03100326843559742
1777498803589909760,0.002281087683513761,-0.007714324165135622,-0.03100964240729809
1777498803600069120,0.002282102825120091,-0.007716724649071693,-0.03101287595927715
1777498803610209536,0.002284514484927058,-0.007713088765740395,-0.03101756796240807
1777498803620329984,0.002287093317136168,-0.007715172134339809,-0.03101627342402935
1777498803630430976,0.002291931072250009,-0.007711404003202915,-0.03101751394569874
1777498803640512000,0.002294246107339859,-0.007715191692113876,-0.03101839683949947
1777498803650573824,0.002295138081535697,-0.007712703663855791,-0.03101943619549274
1777498803660615936,0.002295903395861387,-0.007706526666879654,-0.03102180361747742
1777498803670638592,0.002290088450536132,-0.007699517533183098,-0.03102040104568005
1777498803680641536,0.002295648446306586,-0.007701736409217119,-0.03102217614650726
1777498803690625536,0.002293936442583799,-0.007696711923927069,-0.0310234297066927
1777498803700590080,0.002294544130563736,-0.00769706116989255,-0.03102069534361362
1777498803710535424,0.002299418207257986,-0.007703953422605991,-0.03102152608335018
1777498803720461312,0.002300830092281103,-0.007701090071350336,-0.03101898171007633
1777498803730367744,0.0022997478954494,-0.007708511780947447,-0.0310203842818737
1777498803740254976,0.002299750922247767,-0.007713110186159611,-0.03102304041385651
1777498803750129152,0.002301654545590281,-0.007716063875705004,-0.03102084621787071
1777498803759984128,0.002300516469404101,-0.007716307882219553,-0.03101945109665394
1777498803769819904,0.002300337888300419,-0.007709763012826443,-0.03102127090096474
1777498803779636736,0.002299969084560871,-0.007710311561822891,-0.03102070093154907
1777498803789434624,0.002305530710145831,-0.007709896191954613,-0.03101892396807671
1777498803799213568,0.002301960717886686,-0.007713642437011003,-0.0310191847383976
1777498803809433856,0.002298450795933604,-0.00772064458578825,-0.03102383762598038
1777498803819634176,0.00229875766672194,-0.007715446874499321,-0.03102594614028931
1777498803829814528,0.002305060857906938,-0.007714190054684877,-0.03102421201765537
1777498803839975936,0.002302956068888307,-0.007718478795140982,-0.0310237742960453
1777498803850118144,0.002301939064636827,-0.007715851999819279,-0.03102158568799496
1777498803860240640,0.002303489483892918,-0.00771180959418416,-0.03102045878767967
1777498803870343168,0.002308567985892296,-0.007719549816101789,-0.03102043457329273
1777498803880426496,0.002312062075361609,-0.007718882989138365,-0.03102217614650726
1777498803890490368,0.002313707023859024,-0.007720500230789185,-0.03102478943765163
1777498803900534528,0.002313423901796341,-0.007728926837444305,-0.03102261573076248
1777498803910558720,0.002311857184395194,-0.007730673067271709,-0.03102014400064945
1777498803920564224,0.002310329349711537,-0.007738381624221802,-0.03102285973727703
1777498803930550272,0.00230789091438055,-0.00773661071434617,-0.03102215193212032
1777498803940519424,0.002302920445799828,-0.007739605847746134,-0.03102436102926731
1777498803950469120,0.00230435049161315,-0.007734166458249092,-0.03102140687406063
1777498803960399616,0.002302643144503236,-0.007736044935882092,-0.03102030232548714
1777498803970310656,0.002303071320056915,-0.007731455378234386,-0.03102049231529236
1777498803980202240,0.002300955820828676,-0.00773540697991848,-0.03101989254355431
1777498803990074880,0.002305793343111873,-0.007738519925624132,-0.03102057613432407
1777498803999928064,0.002306878799572587,-0.007737718522548676,-0.03102261200547218
1777498804009762304,0.002303240820765495,-0.007742787711322308,-0.03102021850645542
1777498804019577344,0.002302531385794282,-0.00774131715297699,-0.03101450763642788
1777498804029373184,0.002307465765625238,-0.007743366062641144,-0.03101672790944576
1777498804039150336,0.002310875337570906,-0.00774013577029109,-0.03101465478539467
1777498804049376000,0.002309400821104646,-0.007737419568002224,-0.03101610951125622
1777498804059581952,0.002304909285157919,-0.007742487825453281,-0.03101645223796368
1777498804069768448,0.002308237366378307,-0.007743943482637405,-0.03101521357893944
1777498804079935232,0.002303543966263533,-0.007745571900159121,-0.0310179702937603
1777498804090083584,0.002303784480318427,-0.007744476199150085,-0.03101788647472858
1777498804100213760,0.002307719551026821,-0.007741829380393028,-0.03101897612214088
1777498804110323968,0.002305721864104271,-0.007745968643575907,-0.03102103620767593
1777498804120414976,0.002312551951035857,-0.007747058290988207,-0.0310213565826416
1777498804130486272,0.002320474246516824,-0.007747921627014875,-0.03102408163249493
1777498804140538368,0.002318294951692224,-0.007755233906209469,-0.03102242201566696
1777498804150571008,0.002316246973350644,-0.007759931497275829,-0.03102638199925423
1777498804160584192,0.002315423684194684,-0.007760720793157816,-0.03102395124733448
1777498804170577920,0.002312564989551902,-0.007762113586068153,-0.031021349132061
1777498804180552960,0.002314737997949123,-0.007765014655888081,-0.03101969137787819
1777498804190508544,0.002322130370885134,-0.007769980933517218,-0.03102165646851063
1777498804200446208,0.002317728940397501,-0.007763453293591738,-0.03102129325270653
1777498804210366208,0.002319608349353075,-0.007764201145619154,-0.03102285601198673
1777498804220267008,0.002324984641745687,-0.007766722701489925,-0.0310203805565834
1777498804230148864,0.002320632571354508,-0.007768531795591116,-0.03101899102330208
1777498804240011520,0.002320321276783943,-0.007773249875754118,-0.03101895190775394
1777498804249855488,0.00232144258916378,-0.00777382543310523,-0.03101851418614388
1777498804259680000,0.002317232778295875,-0.007771546486765146,-0.03101952932775021
1777498804269485568,0.002316313562914729,-0.007767523173242807,-0.03101608157157898
1777498804279272704,0.00231627793982625,-0.007763598579913378,-0.03101679310202599
1777498804289274368,0.002321278210729361,-0.007765375543385744,-0.03101449273526669
1777498804299490048,0.002317098202183843,-0.007758899126201868,-0.03101368620991707
1777498804309686784,0.002316721249371767,-0.007755986880511045,-0.03101261332631111
1777498804319863552,0.002318293089047074,-0.007750178687274456,-0.03101056627929211
1777498804330020608,0.002322568325325847,-0.00775040639564395,-0.03101391345262527
1777498804340157952,0.002325437730178237,-0.007749936077743769,-0.03101535141468048
1777498804350275584,0.002325100125744939,-0.007750619668513536,-0.03101486712694168
1777498804360373504,0.002324898028746247,-0.00775403156876564,-0.03101783059537411
1777498804370451968,0.002326004207134247,-0.007755270693451166,-0.03102335147559643
1777498804380513024,0.002327797235921025,-0.007751982193440199,-0.03102544508874416
1777498804390556416,0.002323984866961837,-0.007748573552817106,-0.03102382086217403
1777498804400580352,0.002318470273166895,-0.007752590347081423,-0.03101898729801178
1777498804410584832,0.002317533362656832,-0.007755268830806017,-0.03102403692901134
1777498804420570624,0.002320937346667051,-0.007757493294775486,-0.03102526813745499
1777498804430536960,0.002326267771422863,-0.007757195737212896,-0.03101770766079426
1777498804440484096,0.002327884780243039,-0.007760307751595974,-0.0310200359672308
1777498804450411776,0.002330414019525051,-0.007766799069941044,-0.0310202743858099
1777498804460320256,0.00233059749007225,-0.00777029525488615,-0.03102280013263226
1777498804470209280,0.002335490193217993,-0.007765354588627815,-0.03102262504398823
1777498804480079104,0.002329720417037606,-0.007765315938740969,-0.03102412447333336
1777498804489929728,0.002334063407033682,-0.007758666761219501,-0.03102380037307739
1777498804499761152,0.002332068746909499,-0.007757088169455528,-0.03102175146341324
1777498804509573376,0.00233511021360755,-0.007759983651340008,-0.03101794794201851
1777498804519366400,0.002334675984457135,-0.007760285865515471,-0.03101938590407372
1777498804529371392,0.002330833114683628,-0.007761391345411539,-0.03101428598165512
1777498804539587328,0.002332187723368406,-0.007753955200314522,-0.03101331554353237
1777498804549783296,0.002336862031370401,-0.007746980059891939,-0.03100903704762459
1777498804559960320,0.002334639662876725,-0.007755548693239689,-0.031004523858428
1777498804570117376,0.00233280286192894,-0.007753643672913313,-0.03100377321243286
1777498804580254720,0.00232836464419961,-0.007754537276923656,-0.0310024730861187
1777498804590372352,0.002325625391677022,-0.007755076978355646,-0.03100024722516537
1777498804600470784,0.002323572523891926,-0.007754053920507431,-0.03100243583321571
1777498804610549248,0.002324611181393266,-0.007753485348075628,-0.03099933639168739
1777498804620608000,0.002325898967683315,-0.007758821360766888,-0.03099580854177475
1777498804630647040,0.002329874085262418,-0.007761077489703894,-0.03099817782640457
1777498804640666880,0.002330479444935918,-0.007759316358715296,-0.03100326284766197
1777498804650670848,0.002334527438506484,-0.007758185267448425,-0.03100202046334743
1777498804660655360,0.002338638296350837,-0.00776425376534462,-0.0309995673596859
1777498804670620928,0.002340334234759212,-0.007758095394819975,-0.03100214712321758
1777498804680567040,0.002345540327951312,-0.007759242318570614,-0.03099928610026836
1777498804690494464,0.00234590657055378,-0.007752151694148779,-0.03100000880658627
1777498804700402432,0.00234778062440455,-0.007756417151540518,-0.03100251220166683
1777498804710291200,0.002350283088162541,-0.007759020198136568,-0.03100395947694778
1777498804720160768,0.002356596291065216,-0.00775786442682147,-0.03100596740841866
1777498804730011648,0.002351714763790369,-0.007757560350000858,-0.0310059804469347
1777498804739843584,0.002349713817238808,-0.007754912134259939,-0.03100548125803471
1777498804749655808,0.002353541785851121,-0.007758303079754114,-0.03100283071398735
1777498804759449088,0.002352586016058922,-0.00776020810008049,-0.03100167587399483
1777498804769454592,0.002345891436561942,-0.007763172034174204,-0.03100074082612991
1777498804779671552,0.002342161955311894,-0.007766883820295334,-0.03100056387484074
1777498804789868544,0.00234632077626884,-0.007764728739857674,-0.03100343234837055
1777498804800046080,0.002346551278606057,-0.007769824005663395,-0.0310059804469347
1777498804810204416,0.002343776635825634,-0.007772580720484257,-0.0310086403042078
1777498804820343296,0.002349574118852615,-0.007771545089781284,-0.03100530989468098
1777498804830462464,0.002353561343625188,-0.007774019613862038,-0.03100273944437504
1777498804840562176,0.002357794437557459,-0.007777400314807892,-0.03100029937922955
1777498804850642432,0.002360025187954307,-0.007783953566104174,-0.03100038319826126
1777498804860703488,0.002356757875531912,-0.007776251994073391,-0.03099897317588329
1777498804870745088,0.002356173936277628,-0.007773884572088718,-0.03100061230361462
1777498804880767744,0.002356799086555839,-0.007777907885611057,-0.03100172989070415
1777498804890770944,0.002357755322009325,-0.007776756770908833,-0.03100262768566608
1777498804900755200,0.002362010302022099,-0.007777595892548561,-0.03100227564573288
1777498804910723072,0.002368069486692548,-0.007773180026561022,-0.03100435063242912
1777498804920672000,0.002375374315306544,-0.007775816600769758,-0.03100994229316711
1777498804930601472,0.002371148206293583,-0.007782300002872944,-0.03101878985762596
1777498804940511744,0.002374996896833181,-0.007782058790326118,-0.03101956658065319
1777498804950403072,0.002376445336267352,-0.007782161701470613,-0.03102093376219273
1777498804960275200,0.002380278427153826,-0.007780132349580526,-0.03102011419832706
1777498804970127872,0.002387844724580646,-0.007779113948345184,-0.0310196615755558
1777498804979961856,0.002388202818110585,-0.007773144636303186,-0.03101477213203907
1777498804989776896,0.002391297370195389,-0.007776801474392414,-0.03101808950304985
1777498804999573248,0.002389909001067281,-0.007784407120198011,-0.03102011606097221
1777498805009350656,0.002387640764936805,-0.007787235081195831,-0.03101948276162148
1777498805019569152,0.002385094529017806,-0.007783859502524137,-0.03102067485451698
1777498805029767680,0.002384593011811376,-0.007793710101395845,-0.0310194194316864
1777498805039946240,0.002391666639596224,-0.007796527352184057,-0.03101439587771893
1777498805050105600,0.002394095994532108,-0.007795365992933512,-0.03101116977632046
1777498805060245248,0.002391002140939236,-0.007793138269335032,-0.03100992739200592
1777498805070365440,0.002394478535279632,-0.007792769931256771,-0.03100460767745972
1777498805080465920,0.002402965910732746,-0.007790577597916126,-0.03100637160241604
1777498805090547200,0.00240223971195519,-0.007796185091137886,-0.03100931085646152
1777498805100609280,0.002402803394943476,-0.007794579491019249,-0.03100665844976902
1777498805110651904,0.002400183118879795,-0.007798235397785902,-0.03100492805242538
1777498805120674816,0.002402675338089466,-0.007801923900842667,-0.0310074221342802
1777498805130679296,0.002398948185145855,-0.007798724342137575,-0.03100853785872459
1777498805140665856,0.002402234822511673,-0.007798552978783846,-0.03101083263754845
1777498805150634496,0.002401855308562517,-0.007795447017997503,-0.03100763820111752
1777498805160583680,0.0024020925629884,-0.00780115881934762,-0.03100457414984703
1777498805170513664,0.002402383368462324,-0.007799507118761539,-0.03100042045116425
1777498805180423936,0.002406393876299262,-0.007800377905368805,-0.03100542724132538
1777498805190314752,0.002402006881311536,-0.007802335079759359,-0.03100242838263512
1777498805200186880,0.00240658107213676,-0.007804889231920242,-0.03100392781198025
1777498805210039552,0.002407763386145234,-0.007801556959748268,-0.03100184537470341
1777498805219873792,0.00240007508546114,-0.007802946493029594,-0.03100399672985077
1777498805229689088,0.002397668547928333,-0.007807893678545952,-0.03100458718836308
1777498805239485440,0.002393258502706885,-0.007810242474079132,-0.03100389055907726
1777498805249262592,0.002393975155428052,-0.007816625759005547,-0.03100385703146458
1777498805259487488,0.002401610603556037,-0.007819829508662224,-0.03100200369954109
1777498805269692672,0.002396979602053761,-0.007813145406544209,-0.03099874779582024
1777498805279878400,0.00239072716794908,-0.007813136093318462,-0.03099392168223858
1777498805290044672,0.002387578366324306,-0.007815263234078884,-0.03099996410310268
1777498805300191232,0.002386162057518959,-0.007818597368896008,-0.03099951520562172
1777498805310318592,0.002388478023931384,-0.007821543142199516,-0.03100506402552128
1777498805320426240,0.002393192611634731,-0.007821537554264069,-0.03100962936878204
1777498805330514688,0.002388353226706386,-0.007814941927790642,-0.03100698255002499
1777498805340582912,0.002388993976637721,-0.007816491648554802,-0.03100603818893433
1777498805350631680,0.002397698350250721,-0.007819016464054585,-0.03100438602268696
1777498805360661504,0.002403209917247295,-0.007816584780812263,-0.03100411221385002
1777498805370674944,0.002413105918094516,-0.007817466743290424,-0.03100322745740414
1777498805380669184,0.002417294308543205,-0.007811699062585831,-0.03100260347127914
1777498805390643968,0.002419162774458528,-0.007811692543327808,-0.03100355714559555
1777498805400599552,0.002424208447337151,-0.007816189900040627,-0.03100564703345299
1777498805410536192,0.002423746511340141,-0.007815218530595303,-0.03100651502609253
1777498805420453376,0.002425013342872262,-0.007808342110365629,-0.03100966662168503
1777498805430352128,0.002423608442768455,-0.00780850974842906,-0.03100583888590336
1777498805440231680,0.002422764664515853,-0.007806764915585518,-0.03099946118891239
1777498805450093056,0.002429370302706957,-0.007807038724422455,-0.03099552169442177
1777498805459935232,0.002428578678518534,-0.007804268505424261,-0.03100031241774559
1777498805469758208,0.002431741449981928,-0.007795709650963545,-0.03100483119487762
1777498805479561984,0.002434918656945229,-0.007797375787049532,-0.03100450336933136
1777498805489346816,0.002436926821246743,-0.007802905980497599,-0.0310010090470314
1777498805499571968,0.002440599026158452,-0.007806147914379835,-0.03100191429257393
1777498805509777152,0.002435700735077262,-0.007806196343153715,-0.031000891700387
1777498805519962880,0.002439098432660103,-0.007799934130162001,-0.03099857643246651
1777498805530128640,0.002437706338241696,-0.007803063374012709,-0.03100141882896423
1777498805540274944,0.002439444186165929,-0.007799582555890083,-0.03100544959306717
1777498805550401792,0.00243379850871861,-0.007800127845257521,-0.0310086514800787
1777498805560510208,0.002434070687741041,-0.007805715780705214,-0.03100966662168503
1777498805570599424,0.002436991548165679,-0.007807719521224499,-0.03100736439228058
1777498805580669184,0.002426149789243937,-0.007811028975993395,-0.03100639767944813
1777498805590719232,0.00242789089679718,-0.007821665145456791,-0.03100972250103951
1777498805600750080,0.002430775668472052,-0.007818546146154404,-0.03100742399692535
1777498805610761728,0.002424775389954448,-0.007820944301784039,-0.03100837580859661
1777498805620753664,0.002424435690045357,-0.007821058854460716,-0.03101209178566933
1777498805630726144,0.002427988452836871,-0.007821475155651569,-0.03101581707596779
1777498805640679936,0.002431824337691069,-0.007829009555280209,-0.03101096302270889
1777498805650614272,0.002429651794955134,-0.007826513610780239,-0.03101183660328388
1777498805660529408,0.00243119359947741,-0.007828024215996265,-0.03101398050785065
1777498805670425344,0.002435201779007912,-0.007825583219528198,-0.03101520054042339
1777498805680301824,0.002433027373626828,-0.007828471250832081,-0.03101166896522045
1777498805690159360,0.002435199450701475,-0.007825084030628204,-0.03101036325097084
1777498805699997440,0.002430811058729887,-0.007827115245163441,-0.03101290017366409
1777498805709816832,0.002424799604341388,-0.007830442860722542,-0.03101184405386448
1777498805719618304,0.002420658012852073,-0.007827314548194408,-0.03101214021444321
1777498805729404160,0.002422553952783346,-0.00782262347638607,-0.03101234324276447
1777498805739406336,0.002419986762106419,-0.007821327075362206,-0.03101369924843311
1777498805749620992,0.002419777680188417,-0.007820261642336845,-0.03101504780352116
1777498805759815936,0.002414946909993887,-0.007819867692887783,-0.03101845271885395
1777498805769990912,0.002415215596556664,-0.007822725921869278,-0.03102337568998337
1777498805780146176,0.002422271063551307,-0.007822730578482151,-0.0310222078114748
1777498805790281728,0.00241829757578671,-0.00782743189483881,-0.03102375753223896
1777498805800397312,0.002411825582385063,-0.007829392328858376,-0.03102515451610088
1777498805810494720,0.002407923107966781,-0.007828930392861366,-0.03102414496243
1777498805820572672,0.002403361489996314,-0.007828604429960251,-0.03102468326687813
1777498805830631168,0.002403360791504383,-0.007833704352378845,-0.03101756423711777
1777498805840670464,0.002408963162451982,-0.007840067148208618,-0.03101599216461182
1777498805850690048,0.002410366665571928,-0.007838571444153786,-0.03101843595504761
1777498805860690944,0.002412101253867149,-0.007839888334274292,-0.03101547807455063
1777498805870672384,0.002413557143881917,-0.007844462059438229,-0.03101867064833641
1777498805880634368,0.002407367341220379,-0.007843919098377228,-0.03102080523967743
1777498805890577664,0.002407495630905032,-0.007845519110560417,-0.03102384880185127
1777498805900501504,0.002409445121884346,-0.007846328429877758,-0.03102715499699116
1777498805910406144,0.002413926646113396,-0.007848733104765415,-0.03102378733456135
1777498805920291584,0.002410415560007095,-0.007846863940358162,-0.03102003037929535
1777498805930157568,0.002409360371530056,-0.007842076011002064,-0.03101707063615322
1777498805940004608,0.002411979949101806,-0.007844432257115841,-0.03101612068712711
1777498805949832192,0.00241159088909626,-0.007841239683330059,-0.03101697750389576
1777498805959641088,0.002409895183518529,-0.007841959595680237,-0.03101506642997265
1777498805969434624,0.002410917077213526,-0.007846579886972904,-0.03102006204426289
1777498805979440896,0.00241392944008112,-0.007841098122298717,-0.03102234192192554
1777498805989657344,0.002413385780528188,-0.007839585654437542,-0.03102268278598785
1777498805999854080,0.002412515226751566,-0.007836857810616493,-0.03102638199925423
1777498806010032128,0.002410960383713245,-0.007834842428565025,-0.03102234937250614
1777498806020190208,0.00240727886557579,-0.007837014272809029,-0.03102332539856434
1777498806030328320,0.002408319618552923,-0.007837908342480659,-0.0310196578502655
1777498806040446976,0.002418815391138196,-0.007845664396882057,-0.03101964108645916
1777498806050546176,0.002420885022729635,-0.007846398279070854,-0.03102165833115578
1777498806060625920,0.002423018915578723,-0.007840468548238277,-0.0310184508562088
1777498806070688512,0.002418101532384753,-0.00783889926970005,-0.03102136589586735
1777498806080731648,0.002421311801299453,-0.007837708108127117,-0.03102340362966061
1777498806090755584,0.002423679921776056,-0.007836649194359779,-0.03102553449571133
1777498806100759808,0.002420591190457344,-0.007837136276066303,-0.03102354891598225
1777498806110745088,0.002422347199171782,-0.007835131138563156,-0.03102133236825466
1777498806120710912,0.002415538532659411,-0.007835933938622475,-0.0310176033526659
1777498806130657280,0.002417842391878366,-0.007837451994419098,-0.0310175996273756
1777498806140584448,0.002413900103420019,-0.007841989398002625,-0.03101757168769836
1777498806150493184,0.002414788352325559,-0.007840905338525772,-0.03101714141666889
1777498806160382720,0.002410364337265491,-0.007841414771974087,-0.03101901896297932
1777498806170252800,0.002405098639428616,-0.007840204052627087,-0.03101506642997265
1777498806180103936,0.002403170336037874,-0.007838866673409939,-0.03101678565144539
1777498806189935616,0.002401585690677166,-0.007835403084754944,-0.03101095929741859
1777498806199748352,0.002402248093858361,-0.007838777266442776,-0.03100880607962608
1777498806209542144,0.002405733102932572,-0.007842476479709148,-0.03100860491394997
1777498806219547648,0.002406058367341757,-0.007842623628675938,-0.03100825473666191
1777498806229764608,0.002406272804364562,-0.007843951694667339,-0.0310050006955862
1777498806239961856,0.002411988331004977,-0.007843509316444397,-0.03100251220166683
1777498806250139392,0.002414782997220755,-0.007846096530556679,-0.03100575134158134
1777498806260296960,0.002419479889795184,-0.007846178486943245,-0.03100720979273319
1777498806270434560,0.002417562296614051,-0.007846812717616558,-0.03100750409066677
1777498806280552448,0.002421736251562834,-0.007845107465982437,-0.03100413642823696
1777498806290651136,0.002410739194601774,-0.007841775193810463,-0.03100577369332314
1777498806300731392,0.002418218180537224,-0.007837215438485146,-0.03100356459617615
1777498806310792192,0.002412186237052083,-0.007834943942725658,-0.03100206702947617
1777498806320833536,0.002413491252809763,-0.007838924415409565,-0.03099836595356464
1777498806330855680,0.002410665852949023,-0.007841717451810837,-0.03099878132343292
1777498806340858624,0.002417107811197639,-0.007839706726372242,-0.03099639900028706
1777498806350841856,0.002417317358776927,-0.007839000783860683,-0.03099932335317135
1777498806360806400,0.002411995781585574,-0.00783159676939249,-0.03099929355084896
1777498806370752256,0.002412311732769012,-0.00782640278339386,-0.03099458664655685
1777498806380679168,0.002404047874733806,-0.007828650064766407,-0.03099306859076023
1777498806390586880,0.002401161473244429,-0.007827654480934143,-0.03099493868649006
1777498806400475136,0.002404985949397087,-0.007822592742741108,-0.03099263831973076
1777498806410344192,0.002406668150797486,-0.007823597639799118,-0.0309922844171524
1777498806420194304,0.002404961967840791,-0.007829395122826099,-0.03099273517727852
1777498806430025216,0.002395166317000985,-0.00783105194568634,-0.03099378198385239
1777498806439836928,0.002394423820078373,-0.007834566757082939,-0.03099359571933746
1777498806449630464,0.002391108311712742,-0.007829451933503151,-0.03099393658339977
1777498806459405568,0.002391380490735173,-0.007827063091099262,-0.03099590726196766
1777498806469623808,0.002398008946329355,-0.007831724360585213,-0.03099293634295464
1777498806479822592,0.002402574988082051,-0.007833912968635559,-0.03099264204502106
1777498806490002176,0.002398476470261812,-0.007835795171558857,-0.03099843859672546
1777498806500162304,0.002405038103461266,-0.007835889235138893,-0.03099948912858963
1777498806510302720,0.002406258136034012,-0.007831340655684471,-0.03100486472249031
1777498806520423680,0.002402669284492731,-0.00782895740121603,-0.03100354969501495
1777498806530524928,0.002399589633569121,-0.007826270535588264,-0.03099985793232918
1777498806540606720,0.002398325828835368,-0.007828030735254288,-0.03099761344492435
1777498806550669312,0.002396651776507497,-0.007831372320652008,-0.03100031428039074
1777498806560712448,0.00239398842677474,-0.007833197712898254,-0.03100503608584404
1777498806570736640,0.002393530448898673,-0.007830683141946793,-0.03100383095443249
1777498806580745216,0.002406999468803406,-0.007834978401660919,-0.03100177086889744
1777498806590734080,0.002409986453130841,-0.007837641052901745,-0.03099769167602062
1777498806600703744,0.002414063084870577,-0.007844412699341774,-0.03099862858653069
1777498806610654208,0.002416361821815372,-0.007843685336410999,-0.03100224211812019
1777498806620585472,0.002423804020509124,-0.007843915373086929,-0.03100279904901981
1777498806630497280,0.002427219413220882,-0.007846537046134472,-0.03100242465734482
1777498806640390144,0.002429804531857371,-0.007845129817724228,-0.03100353479385376
1777498806650263552,0.002431518631055951,-0.007840374484658241,-0.03100315481424332
1777498806660118784,0.0024323845282197,-0.007840625010430813,-0.03100446797907352
1777498806669954560,0.002438391093164682,-0.007841330952942371,-0.03100327588617802
1777498806679771392,0.002437159651890397,-0.007843443192541599,-0.03100330196321011
1777498806689569024,0.002435659756883979,-0.007845832034945488,-0.03100268729031086
1777498806699347456,0.002435332396999002,-0.007854442112147808,-0.03100343607366085
1777498806709566464,0.002430341206490993,-0.007854195311665535,-0.03100452199578285
1777498806719765504,0.002433395246043801,-0.007854788564145565,-0.03100253082811832
1777498806729944576,0.002433724934235215,-0.007851733826100826,-0.03100180998444557
1777498806740104448,0.002431558445096016,-0.007847794331610203,-0.03100462257862091
1777498806750245632,0.002438850933685899,-0.007849459536373615,-0.03100444003939629
1777498806760367104,0.002440711949020624,-0.007847735658288002,-0.03100723214447498
1777498806770468864,0.002440989948809147,-0.007852323353290558,-0.03100336715579033
1777498806780550912,0.002438154304400086,-0.007853886112570763,-0.03100364841520786
1777498806790613248,0.002437699818983674,-0.007854689843952656,-0.03100414574146271
1777498806800656128,0.002434851368889213,-0.007851588539779186,-0.03100763820111752
1777498806810679296,0.002434974769130349,-0.007856428623199463,-0.03101750835776329
1777498806820683008,0.002430039225146174,-0.007854687049984932,-0.0310165137052536
1777498806830668288,0.0024285688996315,-0.007861252874135971,-0.03101716935634613
1777498806840634112,0.002430936321616173,-0.007856342941522598,-0.03101955913007259
1777498806850580224,0.002427016850560904,-0.007855059579014778,-0.03101884759962559
1777498806860506880,0.002425634302198887,-0.00785002950578928,-0.03101663663983345
1777498806870414592,0.002429493702948093,-0.007850389927625656,-0.03101441077888012
1777498806880303104,0.002428940963000059,-0.007849178276956081,-0.0310173612087965
1777498806890171904,0.002428135368973017,-0.007849941030144691,-0.03102148696780205
1777498806900025088,0.002433745190501213,-0.007852501235902309,-0.03101884201169014
1777498806909861632,0.00243955897167325,-0.007856778800487518,-0.03102185763418674
1777498806919679232,0.002441513584926724,-0.007857609540224075,-0.03102021850645542
1777498806929477632,0.002440385287627578,-0.007858328521251678,-0.03101568855345249
1777498806939257088,0.002444777404889464,-0.007860642857849598,-0.03101356513798237
1777498806949482496,0.002438364317640662,-0.007861027494072914,-0.03101854212582111
1777498806959688192,0.00243385205976665,-0.007855613715946674,-0.03101790323853493
1777498806969874176,0.002431550761684775,-0.007856030017137527,-0.03102005831897259
1777498806980040448,0.002431134227663279,-0.007854007184505463,-0.03102152794599533
1777498806990188032,0.002434681402519345,-0.007846281863749027,-0.03101928345859051
1777498807000315904,0.002430336084216833,-0.007847940549254417,-0.03101884014904499
1777498807010424320,0.002429947955533862,-0.007849636487662792,-0.03102090395987034
1777498807020512768,0.002437604358419776,-0.007848327979445457,-0.03101642243564129
1777498807030582272,0.002435142872855067,-0.007849846966564655,-0.0310194231569767
1777498807040632064,0.002434806665405631,-0.007849532179534435,-0.03102262876927853
1777498807050662144,0.002430815249681473,-0.007845325395464897,-0.03102432005107403
1777498807060673024,0.002438199939206243,-0.007843451574444771,-0.03102565929293633
1777498807070665216,0.00243531703017652,-0.007853515446186066,-0.03102572076022625
1777498807080637952,0.002431146800518036,-0.007856628857553005,-0.03102263063192368
1777498807090591744,0.002433811547234654,-0.007853631861507893,-0.0310163851827383
1777498807100526080,0.002433977788314223,-0.007854225113987923,-0.03101864084601402
1777498807110441216,0.002442863304167986,-0.007848420180380344,-0.03101606480777264
1777498807120336896,0.002443804172798991,-0.007843202911317348,-0.03101697191596031
1777498807130213376,0.002446912694722414,-0.007846697233617306,-0.03102068416774273
1777498807140074240,0.002441788325086236,-0.007848925888538361,-0.03101556934416294
1777498807149919744,0.0024410889018327,-0.007852064445614815,-0.03101248666644096
1777498807159746304,0.002436515875160694,-0.007851822301745415,-0.03101262636482716
1777498807169553920,0.002441110322251916,-0.007845068350434303,-0.03101026825606823
1777498807179342336,0.002439342672005296,-0.007842984050512314,-0.031007906422019
1777498807189344512,0.002439001575112343,-0.007845454849302769,-0.0310062263160944
1777498807199559680,0.00243626325391233,-0.007841253653168678,-0.03100709058344364
1777498807209755392,0.002436067210510373,-0.007842124439775944,-0.0310102216899395
1777498807219931392,0.002435419941321015,-0.007843231782317162,-0.03101496212184429
1777498807230087936,0.002433372428640723,-0.007840843871235847,-0.03101800382137299
1777498807240224512,0.002432360546663404,-0.007843024097383022,-0.03102107904851437
1777498807250342656,0.002434827852994204,-0.007842750288546085,-0.03101926855742931
1777498807260441856,0.002437191316857934,-0.00783791858702898,-0.03101994656026363
1777498807270521344,0.002433667657896876,-0.007837720215320587,-0.03101813234388828
1777498807280581376,0.00242707203142345,-0.007838329300284386,-0.03101303055882454
1777498807290622464,0.002422588178887963,-0.007831319235265255,-0.03101518377661705
1777498807300643584,0.00242295628413558,-0.007833789102733135,-0.03101491369307041
1777498807310645248,0.002419305499643087,-0.007839790545403957,-0.03101657144725323
1777498807320627456,0.002425061771646142,-0.007838649675250053,-0.031017841771245
1777498807330590464,0.002424574689939618,-0.007839614525437355,-0.03102052956819534
1777498807340533760,0.002422370249405503,-0.00784704927355051,-0.03101798705756664
1777498807350457856,0.002424629870802164,-0.007851229049265385,-0.03101865760982037
1777498807360362496,0.002422102028504014,-0.00785388145595789,-0.03101578168570995
1777498807370247936,0.002421807497739792,-0.007857370190322399,-0.03101668506860733
1777498807380113920,0.002426648745313287,-0.007858343422412872,-0.03101946599781513
1777498807389961216,0.002430930733680725,-0.00786551833152771,-0.03102294728159904
1777498807399789056,0.002431414555758238,-0.007867266424000263,-0.03102500550448895
1777498807409598720,0.002432328416034579,-0.007866159081459045,-0.03103045746684074
1777498807419390208,0.002441086573526263,-0.007867958396673203,-0.03102887608110905
1777498807429394432,0.00244871829636395,-0.007863945327699184,-0.0310309287160635
1777498807439610880,0.002451390260830522,-0.007864950224757195,-0.03102956339716911
1777498807449807616,0.002447307575494051,-0.00786064937710762,-0.03102869354188442
1777498807459984640,0.00244159298017621,-0.007862390950322151,-0.03102809749543667
1777498807470142464,0.002443106146529317,-0.007859939709305763,-0.03102689795196056
1777498807480280576,0.002441039076074958,-0.007859297096729279,-0.0310282725840807
1777498807490399488,0.002447540173307061,-0.007865061983466148,-0.03103036060929298
1777498807500498432,0.002451149048283696,-0.007866188883781433,-0.03102801740169525
1777498807510578432,0.002443426288664341,-0.007869211956858635,-0.03102405183017254
1777498807520638720,0.002444812096655369,-0.007868875749409199,-0.03102205134928226
1777498807530679040,0.002446368802338839,-0.007863418199121952,-0.03102199919521809
1777498807540700160,0.002440344309434295,-0.007859230041503906,-0.03102341666817665
1777498807550702592,0.00243835779838264,-0.007859867997467518,-0.03101883642375469
1777498807560685568,0.00243678386323154,-0.007859927602112293,-0.0310210008174181
1777498807570649600,0.002431033179163933,-0.007860074751079082,-0.03102074190974236
1777498807580594176,0.002432836452499032,-0.00786129292100668,-0.03101714327931404
1777498807590519552,0.002432238776236773,-0.007863221690058708,-0.0310156587511301
1777498807600425728,0.002430460182949901,-0.007861388847231865,-0.03101487271487713
1777498807610317824,0.002427959116175771,-0.007861332036554813,-0.03101540356874466
1777498807620190720,0.002431105356663465,-0.00786008033901453,-0.03101606480777264
1777498807630044928,0.002433934714645147,-0.007862204685807228,-0.0310151819139719
1777498807639879936,0.002433258108794689,-0.007863234728574753,-0.03101358190178871
1777498807649696000,0.002439138479530811,-0.007861318998038769,-0.0310114249587059
1777498807659493376,0.002437769901007414,-0.007861615158617496,-0.03100911155343056
1777498807669271296,0.002439550589770079,-0.007862593978643417,-0.03100444190204144
1777498807679488000,0.002444753190502524,-0.007856995798647404,-0.03100363723933697
1777498807689684992,0.002441579243168235,-0.007860712707042694,-0.03100059553980827
1777498807699862528,0.002441006945446134,-0.007864066399633884,-0.03100680373609066
1777498807710020096,0.002449004445225,-0.007864406332373619,-0.03100797906517982
1777498807720158976,0.002448257058858871,-0.007859887555241585,-0.03101013600826263
1777498807730278656,0.002444855635985732,-0.007860548794269562,-0.03101526759564877
1777498807740378880,0.002440210664644837,-0.007857269607484341,-0.0310137365013361
1777498807750459904,0.002438281662762165,-0.007858971133828163,-0.03101188503205776
1777498807760521728,0.002437172690406442,-0.007867150940001011,-0.03100777976214886
1777498807770563840,0.002435015747323632,-0.007867740467190742,-0.03101137652993202
1777498807780586240,0.002431928180158138,-0.007872432470321655,-0.0310075618326664
1777498807790589440,0.002437723334878683,-0.007871217094361782,-0.03100509755313396
1777498807800573696,0.002431704197078943,-0.007870635949075222,-0.03100822865962982
1777498807810538496,0.002431137952953577,-0.007868433371186256,-0.03100517578423023
1777498807820484096,0.002429535845294595,-0.007872043177485466,-0.03101077675819397
1777498807830410240,0.002434660214930773,-0.007869684137403965,-0.03100981190800667
1777498807840317184,0.00243171420879662,-0.007864744402468204,-0.03101200610399246
1777498807850204672,0.002439380157738924,-0.007864284329116344,-0.03100699558854103
1777498807860075776,0.002437826711684465,-0.007856453768908978,-0.03100773133337498
1777498807869930496,0.00244328286498785,-0.007853902876377106,-0.03100674226880074
1777498807879766272,0.00244318600744009,-0.007852506823837757,-0.03101015463471413
1777498807889582848,0.002439577365294099,-0.007854776456952095,-0.03101186826825142
1777498807899380736,0.002442408818751574,-0.007856971584260464,-0.03101139888167381
1777498807909159424,0.002445487072691321,-0.007855230011045933,-0.03100899234414101
1777498807919377408,0.002447217702865601,-0.007857642136514187,-0.03100801259279251
1777498807929575680,0.002440904267132282,-0.007858798839151859,-0.03100710548460484
1777498807939754496,0.00244420999661088,-0.007856939919292927,-0.0310054998844862
1777498807949913344,0.002441623248159885,-0.007858403027057648,-0.03100509010255337
1777498807960053248,0.002444142010062933,-0.007857562974095345,-0.03100422956049442
1777498807970174976,0.002446790691465139,-0.007851216942071915,-0.03100835159420967
1777498807980276736,0.002445839112624526,-0.007851095870137215,-0.03100886382162571
1777498807990359808,0.002449180465191603,-0.00785310473293066,-0.03101066686213017
1777498808000422912,0.00244395318441093,-0.007851975038647652,-0.03100668266415596
1777498808010466816,0.002445946214720607,-0.007849773392081261,-0.03100191615521908
1777498808020491264,0.002440835582092404,-0.007849094457924366,-0.03100180625915527
1777498808030496000,0.002443374367430806,-0.007843416184186935,-0.03100496716797352
1777498808040481792,0.002443403238430619,-0.007835761643946171,-0.03100513480603695
1777498808050448640,0.002448083367198706,-0.007829681970179081,-0.0310063511133194
1777498808060396032,0.002448411891236901,-0.007832984440028667,-0.03100825473666191
1777498808070324224,0.002449327846989036,-0.007833065465092659,-0.03101256489753723
1777498808080232960,0.002447814680635929,-0.007833714596927166,-0.03100961074233055
1777498808090122496,0.002439958043396473,-0.007833477109670639,-0.03100393153727055
1777498808099992576,0.00243815453723073,-0.00783265009522438,-0.03100471943616867
1777498808109843968,0.002436784328892827,-0.007830207236111164,-0.03100132197141647
1777498808119679744,0.002433482324704528,-0.007833179086446762,-0.03100028075277805
1777498808129500416,0.002435468137264252,-0.007828802801668644,-0.03099798783659935
1777498808139301888,0.00243472564034164,-0.007831630297005177,-0.03099959716200829
1777498808149084160,0.002429759362712502,-0.007833379320800304,-0.03099751658737659
1777498808159308800,0.002427505329251289,-0.007833200506865978,-0.03099509701132774
1777498808169513472,0.002429415704682469,-0.007831105031073093,-0.03099905513226986
1777498808179698432,0.00242876005358994,-0.007834821939468384,-0.030996048822999
1777498808189864960,0.002421052427962422,-0.007837539538741112,-0.03099397197365761
1777498808200011520,0.00242415745742619,-0.007838767021894455,-0.03099056705832481
1777498808210138112,0.002420926466584206,-0.007840491831302643,-0.03099225275218487
1777498808220244992,0.002418376272544265,-0.007838002406060696,-0.03099123015999794
1777498808230332160,0.002415986265987158,-0.007835383526980877,-0.03098922409117222
1777498808240399616,0.002418630290776491,-0.007828996516764164,-0.03098730184137821
1777498808250447616,0.002416426315903664,-0.007829815149307251,-0.03099031187593937
1777498808260476160,0.002412681002169847,-0.007825525477528572,-0.03098804503679276
1777498808270485760,0.002411104738712311,-0.007821557112038136,-0.03098505362868309
1777498808280475904,0.002405843464657664,-0.007827887311577797,-0.03098291531205177
1777498808290446592,0.002401084173470736,-0.007828643545508385,-0.03098541311919689
1777498808300400128,0.002398838056251407,-0.007831398397684097,-0.03098759613931179
1777498808310336512,0.002392133930698037,-0.007833604700863361,-0.03098497539758682
1777498808320253440,0.002398524899035692,-0.007836524397134781,-0.03098241984844208
1777498808330151168,0.002399120479822159,-0.007834389805793762,-0.03098631091415882
1777498808340030208,0.002397155622020364,-0.00783044844865799,-0.03099090047180653
1777498808349889536,0.002396448282524943,-0.007835512049496174,-0.03098963387310505
1777498808359729920,0.002392559312283993,-0.007835773751139641,-0.03098279982805252
1777498808369550848,0.002391757443547249,-0.007841091603040695,-0.03098523244261742
1777498808379353344,0.00239335116930306,-0.007842971011996269,-0.03098844550549984
1777498808389136896,0.002394680865108967,-0.00783936120569706,-0.03098339028656483
1777498808399362304,0.002386403968557715,-0.007836733013391495,-0.03098011761903763
1777498808409568256,0.002388027962297201,-0.007838212884962559,-0.03097986988723278
1777498808419755008,0.00238951644860208,-0.00783266220241785,-0.03097493015229702
1777498808429922048,0.002381113357841969,-0.007831037044525146,-0.03097780607640743
1777498808440069376,0.002384015824645758,-0.007827683351933956,-0.03098039515316486
1777498808450196736,0.002377669094130397,-0.007826589047908783,-0.03098104149103165
1777498808460305920,0.002379463287070394,-0.00783111434429884,-0.03098396956920624
1777498808470396160,0.002380805555731058,-0.007838829420506954,-0.03098601289093494
1777498808480466688,0.002381602302193642,-0.007842333056032658,-0.03099138662219048
1777498808490517760,0.002381113823503256,-0.007848870940506458,-0.03098923899233341
1777498808500549376,0.002373690251260996,-0.007843346334993839,-0.03098511695861816
1777498808510561792,0.002377269323915243,-0.007841617800295353,-0.03098580613732338
1777498808520554752,0.00237753801047802,-0.007841642014682293,-0.03098243288695812
1777498808530528512,0.002377499360591173,-0.007844928652048111,-0.03097903355956078
1777498808540483072,0.002376534277573228,-0.007844040170311928,-0.03097799047827721
1777498808550418944,0.002375154290348291,-0.007840368896722794,-0.03097646869719028
1777498808560335616,0.002373672090470791,-0.007840251550078392,-0.03097933530807495
1777498808570233088,0.002369799185544252,-0.007849738001823425,-0.03097837045788765
1777498808580111360,0.00236976589076221,-0.007849541492760181,-0.03097374178469181
1777498808589970176,0.002360947662964463,-0.0078408382833004,-0.03097224235534668
1777498808599810048,0.00236114114522934,-0.007836690172553062,-0.0309752095490694
1777498808609630464,0.002367247128859162,-0.007837734185159206,-0.03097063302993774
1777498808619432704,0.002370393369346857,-0.007836494594812393,-0.03097008913755417
1777498808629216768,0.002368934219703078,-0.00783768855035305,-0.03097346052527428
1777498808639216896,0.002369462978094816,-0.007840239442884922,-0.03097515366971493
1777498808649432064,0.002378201112151146,-0.007845761254429817,-0.03097299672663212
1777498808659627520,0.002381160389631987,-0.007841301150619984,-0.03097254224121571
1777498808669803008,0.002387227490544319,-0.007841168902814388,-0.03097252920269966
1777498808679958528,0.002389311324805021,-0.007838002406060696,-0.03097066655755043
1777498808690094336,0.002390399342402816,-0.007831401191651821,-0.03096953593194485
1777498808700211968,0.002393971430137753,-0.007830601185560226,-0.0309697762131691
1777498808710310400,0.002398926764726639,-0.007829482667148113,-0.03097129054367542
1777498808720389376,0.002399984980002046,-0.007824959233403206,-0.03097107075154781
1777498808730448640,0.002398023381829262,-0.007826203480362892,-0.03097372502088547
1777498808740488960,0.002395860385149717,-0.007819564081728458,-0.03097264282405376
1777498808750509312,0.002395637799054384,-0.007814962416887283,-0.03096634708344936
1777498808760510208,0.002400012919679284,-0.007819153368473053,-0.03096696361899376
1777498808770491904,0.002396224066615105,-0.007818296551704407,-0.03096548095345497
1777498808780455168,0.002392536494880915,-0.007818937301635742,-0.03096335381269455
1777498808790399232,0.00239443895407021,-0.007823523133993149,-0.03096421249210835
1777498808800324096,0.002396107418462634,-0.007825328968465328,-0.03095978870987892
1777498808810229504,0.002399591496214271,-0.007816140539944172,-0.03096532076597214
1777498808820115712,0.002396811963990331,-0.007819256745278835,-0.03096634149551392
1777498808829982720,0.002394398208707571,-0.007815096527338028,-0.03096009977161884
1777498808839830272,0.002395301591604948,-0.007820850238204002,-0.03096221759915352
1777498808849658880,0.002398436423391104,-0.00781706627458334,-0.03096733428537846
1777498808859474944,0.002403524704277515,-0.007813341915607452,-0.03096781484782696
1777498808869272064,0.002399964490905404,-0.007811232935637236,-0.03096718713641167
1777498808879279360,0.002400664612650871,-0.007812510244548321,-0.030971584841609
1777498808889495808,0.002406566869467497,-0.007807196583598852,-0.03096979297697544
1777498808899692800,0.002407991327345371,-0.007808059919625521,-0.03096707910299301
1777498808909870336,0.002416897099465132,-0.007808591704815626,-0.03097082115709782
1777498808920028160,0.002419024705886841,-0.007805075496435165,-0.03096522018313408
1777498808930166784,0.002414766466245055,-0.007802015636116266,-0.03096563927829266
1777498808940285440,0.002421869430691004,-0.007796920835971832,-0.03096536360681057
1777498808950384640,0.002418600721284747,-0.007795028854161501,-0.03095769323408604
1777498808960465152,0.002420375822111964,-0.007795340847223997,-0.03095406293869019
1777498808970527232,0.002421483164653182,-0.007799802348017693,-0.03095476143062115
1777498808980569856,0.002425305312499404,-0.007802940905094147,-0.03095146454870701
1777498808990593024,0.002421508776023984,-0.007804478518664837,-0.03094710782170296
1777498809000596736,0.002423735102638602,-0.007805374450981617,-0.03094851784408092
1777498809010581248,0.002419826108962297,-0.007809305563569069,-0.03094756789505482
1777498809020546304,0.002425599610432982,-0.007808228489011526,-0.03095064871013165
1777498809030492416,0.0024256173055619,-0.007807823829352856,-0.03095035441219807
1777498809040419328,0.002425482263788581,-0.007802112028002739,-0.03094968013465405
1777498809050327296,0.002428054343909025,-0.007802324835211039,-0.03094941005110741
1777498809060216064,0.002431567991152406,-0.007804569322615862,-0.03095037490129471
1777498809070086144,0.002430815016850829,-0.007802859414368868,-0.0309480931609869
1777498809079937024,0.002439156174659729,-0.007798929233103991,-0.03094968572258949
1777498809089768960,0.002437338465824723,-0.007797368336468935,-0.03095344640314579
1777498809099581696,0.002436714246869087,-0.007795725483447313,-0.03095397911965847
1777498809109375232,0.002440042328089476,-0.007802081294357777,-0.03095078095793724
1777498809119380736,0.002436850452795625,-0.007810266222804785,-0.03095277585089207
1777498809129597696,0.002436441136524081,-0.00780931580811739,-0.03095541894435883
1777498809139794688,0.002427629660815001,-0.007813853211700916,-0.03095586039125919
1777498809149971712,0.002425758168101311,-0.007818589918315411,-0.03095511719584465
1777498809160130048,0.002423069672659039,-0.007821979932487011,-0.03095885924994946
1777498809170268672,0.002427421510219574,-0.007834315299987793,-0.03095736913383007
1777498809180387328,0.00242835539393127,-0.00783441960811615,-0.03095735795795918
1777498809190486528,0.002420096891000867,-0.00783650204539299,-0.03095945343375206
1777498809200565760,0.00242372159846127,-0.007833016104996204,-0.03096021339297295
1777498809210625536,0.002429596381261945,-0.007831408642232418,-0.03096298687160015
1777498809220665600,0.002431500470265746,-0.007831052877008915,-0.03096247278153896
1777498809230685952,0.002430700929835439,-0.007830044254660606,-0.03096763044595718
1777498809240687360,0.00243620784021914,-0.007831684313714504,-0.03096840716898441
1777498809250669568,0.002435960806906223,-0.007837423123419285,-0.03096829354763031
1777498809260631808,0.002436537062749267,-0.007843926548957825,-0.03097162395715714
1777498809270574592,0.002431837376207113,-0.007843418046832085,-0.03097473084926605
1777498809280499968,0.002427803352475166,-0.007843578234314919,-0.03096971660852432
1777498809290408192,0.002426099264994264,-0.007844232954084873,-0.03097095526754856
1777498809300296960,0.002425012178719044,-0.007844159379601479,-0.03096915408968925
1777498809310166528,0.002424614271149039,-0.007842334918677807,-0.03096893988549709
1777498809320016640,0.002418105723336339,-0.007844283245503902,-0.03097542934119701
1777498809329847552,0.002419449621811509,-0.007840684615075588,-0.03097676299512386
1777498809339659264,0.002414889400824904,-0.007839128375053406,-0.03097120113670826
1777498809349451776,0.002418166724964976,-0.007840276695787907,-0.03096870146691799
1777498809359225344,0.00242287153378129,-0.007841385900974274,-0.03096622601151466
1777498809369444096,0.002415372990071774,-0.007838788442313671,-0.03096465207636356
1777498809379643136,0.002408441388979554,-0.00783733744174242,-0.03095962479710579
1777498809389822464,0.002410683082416654,-0.007834451273083687,-0.03096418455243111
1777498809399982848,0.002407553838565946,-0.007833385840058327,-0.03095960430800915
1777498809410123776,0.002409003907814622,-0.007835350930690765,-0.03095555864274502
1777498809420244992,0.002413390902802348,-0.007832570001482964,-0.0309552326798439
1777498809430346752,0.00241112126968801,-0.0078400494530797,-0.03095367178320885
1777498809440428544,0.002409609733149409,-0.007841835729777813,-0.0309545062482357
1777498809450490624,0.002409091684967279,-0.007843183353543282,-0.0309593603014946
1777498809460533248,0.002417078707367182,-0.007840004749596119,-0.03095789067447186
1777498809470556160,0.00241388357244432,-0.007836446166038513,-0.03095575794577599
1777498809480560128,0.002412561327219009,-0.007841222919523716,-0.03095451183617115
1777498809490548224,0.002416594419628382,-0.007841807790100574,-0.0309538971632719
1777498809500517120,0.002415985334664583,-0.007841533049941063,-0.03095727227628231
1777498809510466816,0.002417991869151592,-0.007833930663764477,-0.0309536550194025
1777498809520397056,0.002419932745397091,-0.007827622815966606,-0.03095113486051559
1777498809530308096,0.002421956043690443,-0.007832403294742107,-0.03095106780529022
1777498809540199936,0.002425362356007099,-0.007837559096515179,-0.03094984963536263
1777498809550072832,0.002426686929538846,-0.007834669202566147,-0.0309460312128067
1777498809559926272,0.002429345389828086,-0.007832661271095276,-0.03094105422496796
1777498809569761280,0.002426918596029282,-0.007826073095202446,-0.03093963488936424
1777498809579577344,0.002432831795886159,-0.00782985333353281,-0.03094489313662052
1777498809589374208,0.002433925168588758,-0.007829961366951466,-0.03094098903238773
1777498809599151872,0.002437795978039503,-0.007836882025003433,-0.03094310127198696
1777498809609371648,0.002437468850985169,-0.007841231301426888,-0.03094565123319626
1777498809619571712,0.002436652779579163,-0.007838505320250988,-0.03094596602022648
1777498809629752064,0.002437479794025421,-0.007839037105441093,-0.03094572573900223
1777498809639913472,0.002443220000714064,-0.0078284852206707,-0.03094435296952724
1777498809650055680,0.002450381172820926,-0.007825948297977448,-0.03094309940934181
1777498809660177920,0.002451259410008788,-0.007826291024684906,-0.03094165958464146
1777498809670280704,0.00245041842572391,-0.007828366942703724,-0.03094064258038998
1777498809680364032,0.002450746484100819,-0.007835013791918755,-0.03094673156738281
1777498809690427904,0.002446119673550129,-0.007829287089407444,-0.03095135278999805
1777498809700472064,0.002446418162435293,-0.007830427028238773,-0.03094993717968464
1777498809710496512,0.002441670745611191,-0.007826720364391804,-0.03094848990440369
1777498809720502272,0.002436442533507943,-0.007824864238500595,-0.03095111809670925
1777498809730488832,0.002437333343550563,-0.007825536653399467,-0.03095376305282116
1777498809740455936,0.002440882613882422,-0.00782150961458683,-0.03095507808029652
1777498809750405376,0.002443457720801234,-0.007816452533006668,-0.03094736486673355
1777498809760337664,0.002449006773531437,-0.007816375233232975,-0.03094367310404778
1777498809770250752,0.002448380691930652,-0.007816825062036514,-0.03094249032437801
1777498809780144384,0.002447342500090599,-0.007817980833351612,-0.03094158135354519
1777498809790019072,0.002449478255584836,-0.007821275852620602,-0.03093875758349895
1777498809799874816,0.002451138570904732,-0.007820098660886288,-0.03093699365854263
1777498809809711360,0.002456427318975329,-0.007818182930350304,-0.03093571774661541
1777498809819528960,0.002456472488120198,-0.007819612510502338,-0.03093530423939228
1777498809829327616,0.002456254558637738,-0.007821206003427505,-0.03093368746340275
1777498809839108096,0.002460303017869592,-0.007830982096493244,-0.03093538619577885
1777498809849333248,0.002459733281284571,-0.00783503707498312,-0.03093312494456768
1777498809859539200,0.002455884590744972,-0.007834883406758308,-0.0309341736137867
1777498809869725952,0.002457842230796814,-0.007828664965927601,-0.03093158826231956
1777498809879892992,0.002455884823575616,-0.007838388904929161,-0.03093277476727962
1777498809890040064,0.002463224809616804,-0.007839974015951157,-0.03093167766928673
1777498809900167680,0.002462901175022125,-0.007844674400985241,-0.03093081340193748
1777498809910275328,0.002459293231368065,-0.007855084724724293,-0.03093524649739265
1777498809920363520,0.002463709563016891,-0.0078546442091465,-0.03093853779137135
1777498809930431744,0.002459882292896509,-0.007849728688597679,-0.03093682788312435
1777498809940480768,0.002462228061631322,-0.007850965484976768,-0.03093094564974308
1777498809950510080,0.002460112096741796,-0.007850797846913338,-0.03093390166759491
1777498809960520704,0.002457235008478165,-0.007849638350307941,-0.03093833103775978
1777498809970513152,0.002455482492223382,-0.007856846787035465,-0.03093675151467323
1777498809980487680,0.002453600754961371,-0.007856158539652824,-0.03093495592474937
1777498809990442752,0.002456132089719176,-0.007857771590352058,-0.03093286789953709
1777498810000378368,0.002452975837513804,-0.007865222170948982,-0.03093108721077442
1777498810010294784,0.002454923465847969,-0.00785937812179327,-0.03093191981315613
1777498810020192000,0.002457709284499288,-0.007860928773880005,-0.03092995844781399
1777498810030069760,0.002454199595376849,-0.007859618403017521,-0.03093103691935539
1777498810039928320,0.002451087348163128,-0.007866970263421535,-0.03094153292477131
1777498810049767936,0.002452682936564088,-0.007865528576076031,-0.03093878924846649
1777498810059588608,0.00245186104439199,-0.007864136248826981,-0.0309413205832243
1777498810069390080,0.002450058935210109,-0.007855329662561417,-0.03094034641981125
1777498810079172608,0.002455930458381772,-0.007856347598135471,-0.0309384036809206
1777498810089172224,0.002458322327584028,-0.007857063785195351,-0.0309385359287262
1777498810099388160,0.002458137227222323,-0.007858341559767723,-0.03093878179788589
1777498810109584128,0.002455755602568388,-0.007855198346078396,-0.03093910217285156
1777498810119760384,0.00245139910839498,-0.007856707088649273,-0.03093350864946842
1777498810129916928,0.002449966035783291,-0.007855970412492752,-0.03093195520341396
1777498810140054528,0.002452893182635307,-0.007851132191717625,-0.0309315025806427
1777498810150173184,0.002446188125759363,-0.007856287062168121,-0.0309321116656065
1777498810160272384,0.002444010693579912,-0.007857664488255978,-0.0309369619935751
1777498810170352128,0.002447256585583091,-0.007861421443521976,-0.03093726560473442
1777498810180412672,0.002442364580929279,-0.007861246354877949,-0.03093496523797512
1777498810190453504,0.002446889877319336,-0.007859970442950726,-0.03093469701707363
1777498810200474624,0.002448979998007417,-0.00786574836820364,-0.03093850985169411
1777498810210476288,0.002448591403663158,-0.007864971645176411,-0.03094141744077206
1777498810220458752,0.002451842883601785,-0.007869521155953407,-0.0309398639947176
1777498810230422272,0.002450507134199142,-0.007872465997934341,-0.03094352036714554
1777498810240366080,0.002448360901325941,-0.007875774055719376,-0.03094401769340038
1777498810250290688,0.002450741128996015,-0.00787857361137867,-0.03094371967017651
1777498810260196096,0.002448027255013585,-0.007880092598497868,-0.03094309009611607
1777498810270082304,0.002453003544360399,-0.007880053482949734,-0.03094245679676533
1777498810279949312,0.002455930225551128,-0.007877176627516747,-0.03094101510941982
1777498810289796864,0.002458076691254973,-0.007879825308918953,-0.03094198182225227
1777498810299626240,0.002458669943735003,-0.007882489822804928,-0.03094060346484184
1777498810309436672,0.002454640343785286,-0.00788570661097765,-0.03094182536005974
1777498810319228160,0.002458383329212666,-0.007887015119194984,-0.03094203770160675
1777498810329232640,0.002461725845932961,-0.007884930819272995,-0.03093752451241016
1777498810339449600,0.002465559402480721,-0.007888647727668285,-0.03093628957867622
1777498810349647104,0.002465944504365325,-0.007890288718044758,-0.03093481995165348
1777498810359824896,0.002470198087394238,-0.007892231456935406,-0.03092947229743004
1777498810369982976,0.002470871666446328,-0.007894966751337051,-0.03092983178794384
1777498810380121600,0.002467541489750147,-0.007897715084254742,-0.03093032352626324
1777498810390240512,0.002471319399774075,-0.007894761860370636,-0.03093109466135502
1777498810400339712,0.002467632759362459,-0.007900077849626541,-0.03093090653419495
1777498810410419200,0.00246277847327292,-0.007898950017988682,-0.03093121759593487
1777498810420478976,0.002458248753100634,-0.007905511185526848,-0.03093285113573074
1777498810430522624,0.002457481808960438,-0.007911625318229198,-0.030931755900383
1777498810440547072,0.002453833818435669,-0.007916010916233063,-0.03093180060386658
1777498810450552320,0.002453010529279709,-0.007915955036878586,-0.03092681057751179
1777498810460537856,0.002448710612952709,-0.007917487993836403,-0.03092708066105843
1777498810470504704,0.002450999105349183,-0.007920261472463608,-0.03092079609632492
1777498810480452096,0.002454090863466263,-0.007920000702142715,-0.0309201292693615
1777498810490380032,0.002454972360283136,-0.0079217329621315,-0.03092277608811855
1777498810500288512,0.002450334839522839,-0.007915254682302475,-0.03092029877007008
1777498810510178560,0.002452179091051221,-0.00792042538523674,-0.03092261776328087
1777498810520049408,0.002442397177219391,-0.007920782081782818,-0.03092524036765099
1777498810529901056,0.002440620912238955,-0.007924641482532024,-0.03092517703771591
1777498810539733760,0.002441411837935448,-0.007926901802420616,-0.03092822059988976
1777498810549547264,0.00244512758217752,-0.007924327626824379,-0.0309307835996151
1777498810559341568,0.002456316724419594,-0.007923330180346966,-0.03092877194285393
1777498810569347328,0.002457426628097892,-0.007926822640001774,-0.03092781826853752
1777498810579564288,0.002459017094224691,-0.007928123697638512,-0.03092411532998085
1777498810589761536,0.00246128486469388,-0.007929334416985512,-0.03092207573354244
1777498810599939328,0.002454766305163503,-0.007927492260932922,-0.03092046827077866
1777498810610097408,0.002451589331030846,-0.007928170263767242,-0.03091355413198471
1777498810620235520,0.002450788393616676,-0.007933485321700573,-0.03090942837297916
1777498810630353920,0.002453937660902739,-0.00793109554797411,-0.03090490773320198
1777498810640452608,0.002451391657814384,-0.007930665276944637,-0.0309023167937994
1777498810650531328,0.002457890659570694,-0.007929101586341858,-0.03089830838143826
1777498810660593408,0.002460569608956575,-0.00792122446000576,-0.03089902736246586
1777498810670636288,0.002463218988850713,-0.007926593534648418,-0.03089993074536324
1777498810680659968,0.002462135627865791,-0.007926063612103462,-0.03090179897844791
1777498810690664192,0.002465899102389812,-0.007927374914288521,-0.0309041440486908
1777498810700649216,0.002466780599206686,-0.007923426106572151,-0.03090270981192589
1777498810710615040,0.002471786225214601,-0.00791989266872406,-0.03090070001780987
1777498810720561408,0.002476510591804981,-0.007923378609120846,-0.03089952282607555
1777498810730488320,0.0024785699788481,-0.007919942028820515,-0.03089607134461403
1777498810740396544,0.002480646595358849,-0.007918584160506725,-0.03089727833867073
1777498810750285568,0.002486199140548706,-0.00791966263204813,-0.03089773841202259
1777498810760155648,0.002485475270077586,-0.007918409071862698,-0.03089214116334915
1777498810770006528,0.00248112203553319,-0.007918033748865128,-0.0308955442160368
1777498810779838208,0.002485152566805482,-0.007918572053313255,-0.0308951735496521
1777498810789650688,0.00248081237077713,-0.007912673056125641,-0.03089288622140884
1777498810799443968,0.002480898983776569,-0.007906774058938026,-0.03089762665331364
1777498810809218304,0.002482644747942686,-0.007901912555098534,-0.0308995433151722
1777498810819436800,0.002480466151610017,-0.007903994992375374,-0.03089772537350655
1777498810829635328,0.002479975111782551,-0.007903136312961578,-0.03089679777622223
1777498810839813888,0.002483296673744917,-0.007904550991952419,-0.03089600428938866
1777498810849973248,0.002480976050719619,-0.007910304702818394,-0.03088816069066525
1777498810860113152,0.002478474751114845,-0.007902923040091991,-0.03088519535958767
1777498810870233088,0.002479815157130361,-0.007900889962911606,-0.0308859683573246
1777498810880333824,0.002478991635143757,-0.007898042909801006,-0.03088833764195442
1777498810890414848,0.002485425444319844,-0.007895775139331818,-0.03088191710412502
1777498810900476416,0.002483508549630642,-0.007892699912190437,-0.03087827935814857
1777498810910518528,0.002481868024915457,-0.007896123453974724,-0.03087782114744186
1777498810920541184,0.002483966760337353,-0.007887694053351879,-0.03087460435926914
1777498810930544896,0.002491789404302835,-0.007879137992858887,-0.03087486512959003
1777498810940529408,0.002497295383363962,-0.007884109392762184,-0.03087004087865353
1777498810950494464,0.002497567795217037,-0.007889775559306145,-0.03087137080729008
1777498810960440320,0.002498812507838011,-0.007892971858382225,-0.03086848184466362
1777498810970369280,0.002497040200978518,-0.007894279435276985,-0.0308682955801487
1777498810980280832,0.002494033193215728,-0.007894464768469334,-0.03086648695170879
1777498810990173440,0.002491221064701676,-0.007894266396760941,-0.030867088586092
1777498811000046592,0.002488062949851155,-0.007893864996731281,-0.03086690232157707
1777498811009900800,0.002488306723535061,-0.007893973030149937,-0.03087114915251732
1777498811019735808,0.002488002181053162,-0.007891062647104263,-0.03086426667869091
1777498811029551360,0.002484774217009544,-0.007891404442489147,-0.03086327947676182
1777498811039347712,0.002477969508618116,-0.007888632826507092,-0.03086412139236927
1777498811049125376,0.002477522008121014,-0.007887826301157475,-0.03085950762033463
1777498811059345152,0.002476142253726721,-0.007893563248217106,-0.03085763566195965
1777498811069545216,0.002475776476785541,-0.007890733890235424,-0.03085587918758392
1777498811079725312,0.002477904316037893,-0.007895808666944504,-0.03085596859455109
1777498811089885440,0.002479671500623226,-0.007893264293670654,-0.03086040355265141
1777498811100027648,0.002486744895577431,-0.007893367670476437,-0.03085744194686413
1777498811110149888,0.002481898991391063,-0.007893951609730721,-0.03086084127426147
1777498811120252416,0.002483699237927794,-0.007891477085649967,-0.03085779957473278
1777498811130335232,0.002476463094353676,-0.007891642861068249,-0.03085231594741344
1777498811140399104,0.002473931759595871,-0.007894529961049557,-0.03085159882903099
1777498811150443008,0.002478566253557801,-0.007895383052527905,-0.03085289150476456
1777498811160467712,0.00248214416205883,-0.007891707122325897,-0.03084390237927437
1777498811170472960,0.002484091324731708,-0.007889099419116974,-0.03084772638976574
1777498811180459520,0.002480895258486271,-0.007890866138041019,-0.03084423020482063
1777498811190426624,0.002482254290953279,-0.007887040264904499,-0.03084672801196575
1777498811200374272,0.002482095966115594,-0.007875897921621799,-0.03084821626543999
1777498811210302464,0.00247624795883894,-0.007872233167290688,-0.03084896132349968
1777498811220211456,0.002478011883795261,-0.007868443615734577,-0.03084826469421387
1777498811230104320,0.002476904774084687,-0.007870307192206383,-0.03084862791001797
1777498811239980544,0.002472093794494867,-0.007871384732425213,-0.03085048496723175
1777498811249837568,0.002468353835865855,-0.007880011573433876,-0.03084992431104183
1777498811259675904,0.002468856517225504,-0.007880072109401226,-0.03084913082420826
1777498811269494528,0.002469322178512812,-0.007875861600041389,-0.03084596060216427
1777498811279294464,0.002467443700879812,-0.007879028096795082,-0.03084884397685528
1777498811289075456,0.002470460487529635,-0.007877351716160774,-0.03084931150078773
1777498811299301120,0.002469031838700175,-0.007880940102040768,-0.03084984794259071
1777498811309507072,0.0024637789465487,-0.007884244434535503,-0.03085058741271496
1777498811319693824,0.002466131234541535,-0.007884280756115913,-0.03085383772850037
1777498811329860864,0.002462011994794011,-0.007887633517384529,-0.03086029551923275
1777498811340008192,0.00246326019987464,-0.007885691709816456,-0.03086483292281628
1777498811350136064,0.002466639038175344,-0.00789304543286562,-0.03086070157587528
1777498811360245504,0.002469291677698493,-0.007886219769716263,-0.03085380792617798
1777498811370335488,0.00246892124414444,-0.007893410511314869,-0.0308477096259594
1777498811380406016,0.00246288999915123,-0.00788832176476717,-0.03084276802837849
1777498811390457088,0.002471861895173788,-0.007883996702730656,-0.03084139712154865
1777498811400488448,0.002473155967891216,-0.00788404606282711,-0.0308435820043087
1777498811410500352,0.00246944953687489,-0.007884309627115726,-0.03085042722523212
1777498811420492800,0.002464376157149673,-0.0078840721398592,-0.03085009194910526
1777498811430465792,0.002466143574565649,-0.00788192730396986,-0.03085250593721867
1777498811440419584,0.002468586899340153,-0.007880648598074913,-0.03085186704993248
1777498811450354176,0.002467953134328127,-0.007885754108428955,-0.03085085935890675
1777498811460269056,0.002461156109347939,-0.007893173024058342,-0.0308501124382019
1777498811470164480,0.002460229909047484,-0.007897096686065197,-0.03085286356508732
1777498811480040704,0.002464544726535678,-0.007895896211266518,-0.03085284121334553
1777498811489897728,0.002468664664775133,-0.007899470627307892,-0.03084947727620602
1777498811499735552,0.002462930511683226,-0.007901768200099468,-0.03085202910006046
1777498811509554176,0.002462818054482341,-0.007905305363237858,-0.03085627034306526
1777498811519357952,0.002462568460032344,-0.007896015420556068,-0.03085482679307461
1777498811529145856,0.002462522592395544,-0.007889575324952602,-0.03085587546229362
1777498811539147520,0.002467317506670952,-0.007891986519098282,-0.03085481747984886
1777498811549362176,0.002463328186422586,-0.007887586951255798,-0.03085930272936821
1777498811559557120,0.002464337972924113,-0.007887846790254116,-0.03085286170244217
1777498811569732096,0.00246713007800281,-0.007895288057625294,-0.03085518442094326
1777498811579887104,0.002465658355504274,-0.007905661128461361,-0.03085428848862648
1777498811590024192,0.002464420162141323,-0.007909861393272877,-0.03085940703749657
1777498811600141312,0.002468412974849343,-0.007907161489129066,-0.03085432574152946
1777498811610238720,0.002468557795509696,-0.007904739119112492,-0.03085790202021599
1777498811620316672,0.002471568761393428,-0.007905826903879642,-0.03085893765091896
1777498811630375424,0.002478429349139333,-0.007902397774159908,-0.03085866756737232
1777498811640414464,0.002484569326043129,-0.007903164252638817,-0.03085446357727051
1777498811650434304,0.00248503009788692,-0.007908830419182777,-0.03085589036345482
1777498811660434944,0.002495730761438608,-0.00790871400386095,-0.03085541352629662
1777498811670416896,0.002496496541425586,-0.007903058081865311,-0.03085112944245338
1777498811680379392,0.002506342018023133,-0.007901464588940144,-0.03085212223231792
1777498811690322688,0.002505973679944873,-0.007901496253907681,-0.03085325285792351
1777498811700246528,0.002507053315639496,-0.007904390804469585,-0.03085211291909218
1777498811710150912,0.002504369243979454,-0.007906302809715271,-0.03085263259708881
1777498811720036096,0.002509746002033353,-0.007908039726316929,-0.03085198067128658
1777498811729902080,0.002504450269043446,-0.007907276041805744,-0.03084610775113106
1777498811739751936,0.002500933827832341,-0.007907578721642494,-0.03084476105868816
1777498811749585152,0.002499271417036653,-0.007901538163423538,-0.03084609843790531
1777498811759399168,0.002499930327758193,-0.007898120209574699,-0.03084962628781796
1777498811769193984,0.0024967051576823,-0.007891090586781502,-0.03085057809948921
1777498811779199488,0.002495707012712955,-0.007893091067671776,-0.03084948472678661
1777498811789414912,0.002497018780559301,-0.007893660105764866,-0.0308512058109045
1777498811799610368,0.002495461376383901,-0.007891253568232059,-0.03085174784064293
1777498811809786880,0.002493643434718251,-0.007896566763520241,-0.03085513412952423
1777498811819943936,0.002496160799637437,-0.007895470596849918,-0.03085188195109367
1777498811830081536,0.002493574749678373,-0.007902571000158787,-0.03084996715188026
1777498811840199168,0.00249611190520227,-0.007911755703389645,-0.03084843419492245
1777498811850297344,0.002493713749572635,-0.007911115884780884,-0.03085018880665302
1777498811860375808,0.002493714448064566,-0.007914956659078598,-0.03084753453731537
1777498811870434560,0.00249309791252017,-0.007912978529930115,-0.03084961138665676
1777498811880473856,0.002496117958799005,-0.007909658364951611,-0.03085347265005112
1777498811890493696,0.002500855596736073,-0.007910589687526226,-0.03084768354892731
1777498811900494336,0.002501583658158779,-0.007910430431365967,-0.03084567934274673
1777498811910475520,0.002497498644515872,-0.007907990366220474,-0.03084629401564598
1777498811920436736,0.002503617201000452,-0.007909834384918213,-0.0308494009077549
1777498811930378496,0.002510262653231621,-0.007909807376563549,-0.03084692917764187
1777498811940303104,0.002508771372959018,-0.007916120812296867,-0.03084944933652878
1777498811950210560,0.002502675633877516,-0.007915894500911236,-0.03084278479218483
1777498811960098816,0.002503547584638,-0.007919405587017536,-0.03084341995418072
1777498811969967616,0.00250920164398849,-0.007918517105281353,-0.03084218874573708
1777498811979817472,0.00251685013063252,-0.007914896123111248,-0.03084084391593933
1777498811989647872,0.002522340975701809,-0.007915733382105827,-0.03084227256476879
1777498811999459072,0.002526166616007686,-0.007912973873317242,-0.03084209002554417
1777498812009251328,0.002518892055377364,-0.007913641631603241,-0.03084284625947475
1777498812019256064,0.002519197994843125,-0.0079182218760252,-0.03084023110568523
1777498812029473024,0.002521613379940391,-0.00791518297046423,-0.03083664737641811
1777498812039670016,0.002520592883229256,-0.007922234944999218,-0.03083542920649052
1777498812049848064,0.002521763322874904,-0.007923269644379616,-0.03083745203912258
1777498812060006400,0.002523131435737014,-0.007935688830912113,-0.03083580359816551
1777498812070144768,0.002528944751247764,-0.007934924215078354,-0.03083234094083309
1777498812080263680,0.002540190936997533,-0.00793216098099947,-0.03083169274032116
1777498812090362880,0.002542230300605297,-0.007928040809929371,-0.03082724660634995
1777498812100442368,0.002543209586292505,-0.007929328829050064,-0.03082824498414993
1777498812110502144,0.002548267599195242,-0.007933365181088448,-0.03082982264459133
1777498812120541952,0.002548461081460118,-0.007934416644275188,-0.03083313815295696
1777498812130562560,0.002552242251113057,-0.00794089213013649,-0.03083309344947338
1777498812140563712,0.002553339581936598,-0.007944025099277496,-0.0308298971503973
1777498812150545408,0.00255342130549252,-0.007947099395096302,-0.03082691505551338
1777498812160507648,0.002555025042966008,-0.007947921752929688,-0.03082744963467121
1777498812170450432,0.002551531186327338,-0.007957004010677338,-0.03082304261624813
1777498812180373504,0.002550470177084208,-0.007955459877848625,-0.0308217890560627
1777498812190280448,0.002547122538089752,-0.007953708991408348,-0.03082366846501827
1777498812200171008,0.00254554464481771,-0.007949270308017731,-0.03082818910479546
1777498812210042368,0.002546654082834721,-0.007954158820211887,-0.03082971833646297
1777498812219894528,0.002549532568082213,-0.00795377790927887,-0.03083142265677452
1777498812229726976,0.002550289034843445,-0.007956734858453274,-0.03083031810820103
1777498812239540736,0.002554080449044704,-0.007959947921335697,-0.03083115443587303
1777498812249335296,0.002557289088144898,-0.007959905080497265,-0.03083291091024876
1777498812259110144,0.002558530773967505,-0.007953690364956856,-0.03082957491278648
1777498812269328384,0.002558723092079163,-0.007947340607643127,-0.03082702495157719
1777498812279526912,0.002562066540122032,-0.007949030958116055,-0.03083058446645737
1777498812289705984,0.002561014844104648,-0.007949692197144032,-0.03083600848913193
1777498812299866112,0.002559540560469031,-0.007942326366901398,-0.03083336912095547
1777498812310006272,0.00255359266884625,-0.00793770607560873,-0.03083126433193684
1777498812320127488,0.002551014302298427,-0.007943620905280113,-0.03082965314388275
1777498812330228736,0.002555456943809986,-0.007947470061480999,-0.03083132021129131
1777498812340310528,0.00255910842679441,-0.007955798879265785,-0.03083273209631443
1777498812350372352,0.002554026199504733,-0.00795905664563179,-0.03083239123225212
1777498812360414720,0.002555862069129944,-0.007955366745591164,-0.03083508275449276
1777498812370437376,0.002552096266299486,-0.007954021915793419,-0.03083348833024502
1777498812380441088,0.002545820316299796,-0.007961161434650421,-0.03083105385303497
1777498812390425344,0.002554693957790732,-0.007963745854794979,-0.03082598932087421
1777498812400390144,0.002558779204264283,-0.007958202622830868,-0.03082154504954815
1777498812410337024,0.002558454172685742,-0.007956432178616524,-0.03082020208239555
1777498812420266240,0.002560540800914168,-0.007961541414260864,-0.03081609308719635
1777498812430176256,0.002563717775046825,-0.007951125502586365,-0.03081339038908482
1777498812440067072,0.002571509452536702,-0.00794690940529108,-0.03081084229052067
1777498812449938432,0.002573314355686307,-0.007942471653223038,-0.03081400133669376
1777498812459790848,0.002578715095296502,-0.007946372032165527,-0.03081029839813709
1777498812469624064,0.002577878767624497,-0.007946254685521126,-0.03080953098833561
1777498812479438336,0.002589643932878971,-0.007948101498186588,-0.03080911934375763
1777498812489233664,0.002587632508948445,-0.007953505031764507,-0.03081315755844116
1777498812499009792,0.002592276316136122,-0.007951718755066395,-0.03080983646214008
1777498812509229312,0.00258711283095181,-0.007952840998768806,-0.03081078454852104
1777498812519428864,0.002591656986624002,-0.007957897149026394,-0.03080893121659756
1777498812529608960,0.002590644173324108,-0.007960163988173008,-0.03080668114125729
1777498812539769344,0.002587321447208524,-0.00796059612184763,-0.03081061504781246
1777498812549911296,0.002587597351521254,-0.007955099456012249,-0.03081395477056503
1777498812560033536,0.002585347974672914,-0.007956734858453274,-0.03081372752785683
1777498812570136064,0.002581759355962276,-0.007952999323606491,-0.03081022389233112
1777498812580218880,0.002578253392130136,-0.007960245944559574,-0.03081149980425835
1777498812590282240,0.002581381471827626,-0.007970179431140423,-0.03080902621150017
1777498812600325888,0.002579874824732542,-0.007964094169437885,-0.03081192821264267
1777498812610349568,0.002581194508820772,-0.007967540062963963,-0.03081465139985085
1777498812620353792,0.002585498383268714,-0.007963253185153008,-0.03081529214978218
1777498812630339072,0.002590015297755599,-0.007966995239257812,-0.03081400878727436
1777498812640304640,0.002594475401565433,-0.007964379154145718,-0.03081093542277813
1777498812650251008,0.00259099155664444,-0.007961757481098175,-0.03080455400049686
1777498812660177664,0.002589424606412649,-0.00796059425920248,-0.03080569580197334
1777498812670085376,0.002590419258922338,-0.00796017237007618,-0.03080586344003677
1777498812679973632,0.00258619268424809,-0.007970908656716347,-0.03080448880791664
1777498812689842688,0.002581785898655653,-0.007971063256263733,-0.03080226108431816
1777498812699692544,0.002583390800282359,-0.00797395221889019,-0.03080171532928944
1777498812709530112,0.002587144495919347,-0.007975321263074875,-0.0308003444224596
1777498812719348992,0.00259235710836947,-0.007974828593432903,-0.03079722262918949
1777498812729149184,0.002593103563413024,-0.007977678440511227,-0.0307956263422966
1777498812738930176,0.002587883267551661,-0.007983384653925896,-0.03079220838844776
1777498812749155840,0.002591314725577831,-0.007991278544068336,-0.03079455904662609
1777498812759361536,0.002594927325844765,-0.007988442666828632,-0.0307948999106884
1777498812769547264,0.002591587835922837,-0.007989170029759407,-0.03079474158585072
1777498812779713536,0.002590837888419628,-0.007991056889295578,-0.03078947402536869
1777498812789861376,0.00258640362881124,-0.007983016781508923,-0.03079012222588062
1777498812799989248,0.002582131419330835,-0.007986464537680149,-0.03079400397837162
1777498812810097920,0.002574015641584992,-0.007985883392393589,-0.03079669550061226
1777498812820186624,0.002578557236120105,-0.007990788668394089,-0.03079740330576897
1777498812830256128,0.002577003324404359,-0.007987989112734795,-0.0307947676628828
1777498812840305920,0.002579747466370463,-0.00798793975263834,-0.03079418838024139
1777498812850336256,0.002582498593255877,-0.007992599159479141,-0.03079892881214619
1777498812860347648,0.002588273491710424,-0.007997729815542698,-0.03080412372946739
1777498812870340352,0.002586834365502,-0.00800173357129097,-0.03080683946609497
1777498812880313600,0.002586767310276628,-0.007996790111064911,-0.03080409206449986
1777498812890267392,0.002587606199085712,-0.008000610396265984,-0.03080564737319946
1777498812900201728,0.002588133094832301,-0.008005281910300255,-0.03080551326274872
1777498812910118656,0.002583067398518324,-0.008009269833564758,-0.03079952113330364
1777498812920017920,0.002574216574430466,-0.00801125168800354,-0.03079842962324619
1777498812929897984,0.00257078418508172,-0.008003618568181992,-0.03079361841082573
1777498812939758848,0.002573542995378375,-0.008004616945981979,-0.03079210035502911
1777498812949600768,0.002571001648902893,-0.008004422299563885,-0.03079269640147686
1777498812959423488,0.00257392437197268,-0.008001280948519707,-0.03079384192824364
1777498812969227008,0.002578056417405605,-0.00800453033298254,-0.03079774603247643
1777498812979011072,0.002574781188741326,-0.008005217649042606,-0.0307920053601265
1777498812989011200,0.002572590950876474,-0.007998979650437832,-0.03080025874078274
1777498812999226880,0.002571029821410775,-0.00799538753926754,-0.03080078586935997
1777498813009423104,0.002571325749158859,-0.007995995692908764,-0.03080357052385807
1777498813019599872,0.002567272866144776,-0.007992464117705822,-0.03080987930297852
1777498813029756928,0.002560477005317807,-0.00799228809773922,-0.03080859407782555
1777498813039893760,0.002554331440478563,-0.007991206832230091,-0.03080406785011292
1777498813050012160,0.002551990328356624,-0.007991745136678219,-0.03080720081925392
1777498813060110848,0.002552745630964637,-0.007995177060365677,-0.03080379590392113
1777498813070189824,0.002554547740146518,-0.007988043129444122,-0.03080213069915771
1777498813080249088,0.00256032170727849,-0.007983904331922531,-0.03080203384160995
1777498813090288896,0.002555913524702191,-0.007979690097272396,-0.03080552816390991
1777498813100309504,0.00255181360989809,-0.007990461774170399,-0.03080716356635094
1777498813110310144,0.002551600802689791,-0.007990538142621517,-0.03080344945192337
1777498813120291328,0.002550886943936348,-0.007985690608620644,-0.03080243244767189
1777498813130253568,0.002550352597609162,-0.007987748831510544,-0.0308041125535965
1777498813140196352,0.002541459631174803,-0.007988391444087029,-0.03080463781952858
1777498813150120192,0.002539770677685738,-0.007984669879078865,-0.03080687113106251
1777498813160024576,0.00254209223203361,-0.00798429548740387,-0.03081033937633038
1777498813169909760,0.002541945548728108,-0.007981562055647373,-0.03080803342163563
1777498813179775744,0.002543450333178043,-0.00798312108963728,-0.03080641478300095
1777498813189622272,0.002547224285081029,-0.007982397451996803,-0.03080268763005733
1777498813199449600,0.002546423114836216,-0.007979170419275761,-0.03079439513385296
1777498813209258752,0.002543010981753469,-0.0079759256914258,-0.03079145960509777
1777498813219048704,0.002546998905017972,-0.007971726357936859,-0.03079303354024887
1777498813229052160,0.002547996584326029,-0.007971734739840031,-0.03079024702310562
1777498813239268608,0.002545038005337119,-0.007968977093696594,-0.03078855387866497
1777498813249465344,0.002546887379139662,-0.007972453720867634,-0.03078857623040676
1777498813259642624,0.002549509285017848,-0.007977218367159367,-0.03078752756118774
1777498813269800448,0.002549972850829363,-0.007989323697984219,-0.03077971190214157
1777498813279938560,0.002543435199186206,-0.007987226359546185,-0.03077771328389645
1777498813290057216,0.002543390030041337,-0.007991988211870193,-0.03078219853341579
1777498813300156160,0.002539479173719883,-0.007992356084287167,-0.03078584000468254
1777498813310235904,0.002540154848247766,-0.007991022430360317,-0.03078736923635006
1777498813320295680,0.00254778191447258,-0.007993553765118122,-0.03079024888575077
1777498813330336000,0.002550222212448716,-0.00799088180065155,-0.03078780137002468
1777498813340357120,0.002548469696193933,-0.007991965860128403,-0.03078810311853886
1777498813350359296,0.002554336097091436,-0.007996744476258755,-0.03078554011881351
1777498813360343552,0.002550744684413075,-0.008002541959285736,-0.03078389354050159
1777498813370309888,0.002548189135268331,-0.008001974783837795,-0.03078483417630196
1777498813380256512,0.002549298806115985,-0.00800484512001276,-0.03078721463680267
1777498813390183680,0.002550372155383229,-0.008008996024727821,-0.0307885967195034
1777498813400091904,0.002552279504016042,-0.007996182888746262,-0.03078454732894897
1777498813409980928,0.002549323020502925,-0.007994255051016808,-0.03078121691942215
1777498813419850752,0.002549139549955726,-0.007990195415914059,-0.03078001365065575
1777498813429701376,0.002549535362049937,-0.007986198179423809,-0.0307783056050539
1777498813439533056,0.002533958991989493,-0.007986397482454777,-0.03077688440680504
1777498813449345536,0.002532521728426218,-0.007985676638782024,-0.03077901154756546
1777498813459138816,0.002534085884690285,-0.007982980459928513,-0.03077938035130501
1777498813469144832,0.002542321570217609,-0.007984011434018612,-0.03077901154756546
1777498813479362560,0.00254805781878531,-0.00798895675688982,-0.03078430518507957
1777498813489560576,0.002552455523982644,-0.007986892014741898,-0.03079036809504032
1777498813499739136,0.002552492544054985,-0.007981298491358757,-0.03079146891832352
1777498813509897984,0.002546494826674461,-0.007978946901857853,-0.03078870289027691
1777498813520037376,0.002548493444919586,-0.007974679581820965,-0.0307861901819706
1777498813530157056,0.002548748860135674,-0.007974621839821339,-0.03078175149857998
1777498813540257536,0.002546639181673527,-0.007974247448146343,-0.03078139945864677
1777498813550338048,0.002546212403103709,-0.007973727770149708,-0.03078222833573818
1777498813560400640,0.002542392117902637,-0.007972252555191517,-0.03078498318791389
1777498813570444800,0.002539106644690037,-0.007967768236994743,-0.03078136593103409
1777498813580468992,0.002540090121328831,-0.007973872125148773,-0.03078490868210793
1777498813590473728,0.002536909421905875,-0.007970944978296757,-0.03078649193048477
1777498813600459008,0.002537648193538189,-0.007969098165631294,-0.03078482113778591
1777498813610424832,0.002526769181713462,-0.007968184538185596,-0.03078020364046097
1777498813620371200,0.002522791735827923,-0.00796921830624342,-0.03078307397663593
1777498813630298112,0.002519703703001142,-0.007977137342095375,-0.03078103810548782
1777498813640206336,0.0025233612395823,-0.007976751774549484,-0.0307815782725811
1777498813650095360,0.0025248765014112,-0.007980386726558208,-0.0307808555662632
1777498813659965184,0.002529336139559746,-0.007976693101227283,-0.03077800571918488
1777498813669815808,0.002525894436985254,-0.007981607690453529,-0.03077852539718151
1777498813679647488,0.002531444653868675,-0.007988397963345051,-0.03077919967472553
1777498813689459712,0.002529317745938897,-0.007990028709173203,-0.03077705390751362
1777498813699253248,0.00253111170604825,-0.007991369813680649,-0.03077487275004387
1777498813709027840,0.002528207609429955,-0.007990769110620022,-0.0307757779955864
1777498813719246848,0.002529128920286894,-0.007984901778399944,-0.03077328018844128
1777498813729445888,0.002539261244237423,-0.00798215065151453,-0.03077485039830208
1777498813739625472,0.002532531274482608,-0.007976125925779343,-0.0307776965200901
1777498813749785600,0.002525839488953352,-0.007977833971381187,-0.03077917546033859
1777498813759926016,0.002524809446185827,-0.007978079840540886,-0.03078160062432289
1777498813770046976,0.002522984985262156,-0.007976830936968327,-0.03078444488346577
1777498813780147968,0.002518130233511329,-0.007973284460604191,-0.03078246116638184
1777498813790229760,0.002513241022825241,-0.007974708452820778,-0.03078289143741131
1777498813800292096,0.0025112375151366,-0.007977287285029888,-0.0307820551097393
1777498813810334464,0.002502486342564225,-0.007975462824106216,-0.03077991679310799
1777498813820359424,0.002501424169167876,-0.007981879636645317,-0.03078386932611465
1777498813830367232,0.002502624876797199,-0.007981757633388042,-0.03078488446772099
1777498813840356096,0.002502052346244454,-0.007980559021234512,-0.03078751638531685
1777498813850325504,0.002504833042621613,-0.007983352057635784,-0.03078819252550602
1777498813860275456,0.002504898700863123,-0.007989426143467426,-0.03078758530318737
1777498813870206208,0.002507003024220467,-0.00798394251614809,-0.03078310191631317
1777498813880117760,0.002499174559488893,-0.007980331778526306,-0.0307802576571703
1777498813890010624,0.002499207155779004,-0.007984627038240433,-0.03077974729239941
1777498813899884544,0.002503930125385523,-0.007982536219060421,-0.03078017197549343
1777498813909739776,0.002505443058907986,-0.007980872876942158,-0.03077924251556396
1777498813919575808,0.002507054014131427,-0.007980321533977985,-0.0307756494730711
1777498813929392640,0.002505660755559802,-0.007985493168234825,-0.03077941201627254
1777498813939190528,0.002501752693206072,-0.007986549288034439,-0.03078030608594418
1777498813948969216,0.002494805725291371,-0.007983274757862091,-0.03078135661780834
1777498813959189248,0.002500067697837949,-0.007977278903126717,-0.0307794064283371
1777498813969389312,0.002506573451682925,-0.007977908477187157,-0.03078197315335274
1777498813979569920,0.002506995806470513,-0.007978626526892185,-0.03077371418476105
1777498813989731584,0.00249914824962616,-0.007981672883033752,-0.03078119643032551
1777498813999873280,0.002506164833903313,-0.007985711097717285,-0.03077813982963562
1777498814009995520,0.002504290547221899,-0.00798930786550045,-0.03077623620629311
1777498814020098048,0.002503796480596066,-0.007989567704498768,-0.03077740967273712
1777498814030181120,0.002505830489099026,-0.0079948790371418,-0.03077863715589046
1777498814040244480,0.002503501018509269,-0.007989364676177502,-0.03077771700918674
1777498814050288384,0.002505716634914279,-0.007985301315784454,-0.03077523782849312
1777498814060312832,0.002511131577193737,-0.007989349775016308,-0.03077338449656963
1777498814070318080,0.002509639598429203,-0.007986078038811684,-0.03077583201229572
1777498814080303872,0.00250677764415741,-0.007987158372998238,-0.03076803497970104
1777498814090270208,0.00251034926623106,-0.007982876151800156,-0.03077101707458496
1777498814100218880,0.002505862154066563,-0.007982410490512848,-0.03076937980949879
1777498814110149888,0.002505202777683735,-0.00798505824059248,-0.03077081404626369
1777498814120061952,0.002496958011761308,-0.007995093241333961,-0.03076360188424587
1777498814129955072,0.002492729341611266,-0.007989821955561638,-0.03076282143592834
1777498814139828480,0.002495403634384274,-0.007989649660885334,-0.03076623007655144
1777498814149683456,0.002491625724360347,-0.007997824810445309,-0.03075861372053623
1777498814159519488,0.002496998524293303,-0.007998712360858917,-0.03076427616178989
1777498814169336576,0.002494355663657188,-0.00799600500613451,-0.03076606057584286
1777498814179134720,0.002491826424375176,-0.007998003624379635,-0.03076919354498386
1777498814188914176,0.002494759857654572,-0.007997495122253895,-0.03077145479619503
1777498814199140096,0.002499424386769533,-0.007999039255082607,-0.03077310137450695
1777498814209346304,0.002501667942851782,-0.007996684871613979,-0.03077129647135735
1777498814219533056,0.002496370580047369,-0.007998988032341003,-0.03077320195734501
1777498814229700608,0.00249631586484611,-0.008002914488315582,-0.03077554330229759
1777498814239848448,0.002505844226107001,-0.00800346489995718,-0.03077404759824276
1777498814249976320,0.002504013711586595,-0.008007321506738663,-0.03077575005590916
1777498814260084224,0.002492090221494436,-0.008003647439181805,-0.03077839687466621
1777498814270172672,0.002487628720700741,-0.007995954714715481,-0.03077690489590168
1777498814280241664,0.002495088381692767,-0.007993143983185291,-0.0307772159576416
1777498814290290944,0.002499393420293927,-0.00798988901078701,-0.03077717684209347
1777498814300320768,0.002503143157809973,-0.007988423109054565,-0.03077537938952446
1777498814310331648,0.002510211663320661,-0.007985007017850876,-0.03077483735978603
1777498814320325888,0.002509217709302902,-0.007987630553543568,-0.03077124990522861
1777498814330300672,0.002517292043194175,-0.007984607480466366,-0.030767772346735
1777498814340256000,0.002515073865652084,-0.007986641488969326,-0.03076433390378952
1777498814350192128,0.002511415630578995,-0.00798282865434885,-0.03076214157044888
1777498814360109312,0.002510539256036282,-0.00797900278121233,-0.03075861558318138
1777498814370007040,0.002513298531994224,-0.007980872876942158,-0.03075550869107246
1777498814379885824,0.00251054996624589,-0.007973598316311836,-0.03075268119573593
1777498814389745152,0.002511692931875587,-0.007967879064381123,-0.03074541687965393
1777498814399586304,0.002510650316253304,-0.007966337725520134,-0.03074213303625584
1777498814409408256,0.00251857191324234,-0.007961759343743324,-0.03074404411017895
1777498814419211264,0.002523965900763869,-0.007956149987876415,-0.03074518404901028
1777498814428994816,0.002526920521631837,-0.007957170717418194,-0.03074799105525017
1777498814438994944,0.00252693216316402,-0.007956505753099918,-0.03075021505355835
1777498814449211136,0.002528144279494882,-0.007961014285683632,-0.03074630908668041
1777498814459407360,0.002529724733904004,-0.007966314442455769,-0.03074347600340843
1777498814469583872,0.002532904036343098,-0.007971931248903275,-0.0307442918419838
1777498814479740928,0.002538729459047318,-0.007973827421665192,-0.03074447438120842
1777498814489878272,0.002536206273362041,-0.007970886304974556,-0.03073960728943348
1777498814499997184,0.002535263542085886,-0.007965202443301678,-0.03073679655790329
1777498814510096384,0.002542558591812849,-0.007962506264448166,-0.03073655255138874
1777498814520175872,0.002543175593018532,-0.007965507917106152,-0.03073742799460888
1777498814530235648,0.00254524894990027,-0.007960847578942776,-0.03074180893599987
1777498814540276224,0.002548809396103024,-0.007965665310621262,-0.0307387188076973
1777498814550297088,0.002547906711697578,-0.007969134487211704,-0.03074132837355137
1777498814560298240,0.002551734913140535,-0.007968337275087833,-0.03074157983064651
1777498814570279936,0.002547854324802756,-0.007967264391481876,-0.03073922544717789
1777498814580243200,0.002550578443333507,-0.007971824146807194,-0.03074005991220474
1777498814590187008,0.002554304664954543,-0.007973645813763142,-0.03074064292013645
1777498814600111616,0.002552179386839271,-0.00797808263450861,-0.03074240498244762
1777498814610016768,0.002549813129007816,-0.007980655878782272,-0.03074570558965206
1777498814619902720,0.002544225659221411,-0.007978843525052071,-0.03075069934129715
1777498814629769216,0.002540778834372759,-0.007985866628587246,-0.03075110167264938
1777498814639616768,0.002532546874135733,-0.007980002090334892,-0.03074809536337852
1777498814649444864,0.002526871161535382,-0.00798303447663784,-0.03074734844267368
1777498814659257856,0.002528188982978463,-0.007981072179973125,-0.03074988350272179
1777498814669054720,0.002524140756577253,-0.007977521046996117,-0.03075190633535385
1777498814679061248,0.002520935144275427,-0.007975541055202484,-0.03074857965111732
1777498814689277440,0.002525750547647476,-0.007971840910613537,-0.03074252791702747
1777498814699474432,0.002524244599044323,-0.00796547532081604,-0.03074142336845398
1777498814709651968,0.002519869245588779,-0.00796897616237402,-0.03074027970433235
1777498814719809536,0.002524735173210502,-0.007970374077558517,-0.03074204176664352
1777498814729947136,0.002525008283555508,-0.007969995029270649,-0.03074259869754314
1777498814740065280,0.002524229697883129,-0.007969244383275509,-0.03074256330728531
1777498814750163456,0.002524943789467216,-0.007968426682054996,-0.03074083849787712
1777498814760241920,0.002519869245588779,-0.007969184778630733,-0.03073986992239952
1777498814770300672,0.002522507915273309,-0.007977922447025776,-0.03073562495410442
1777498814780341504,0.00252084038220346,-0.007980628870427608,-0.03073872812092304
1777498814790364928,0.002519297180697322,-0.007975631393492222,-0.03074129484593868
1777498814800368896,0.002521463669836521,-0.007972739636898041,-0.03074084036052227
1777498814810353664,0.002524133771657944,-0.007971578277647495,-0.03073886595666409
1777498814820318976,0.002514952095225453,-0.00796999130398035,-0.03074000030755997
1777498814830265088,0.002510983031243086,-0.007971829734742641,-0.03074072860181332
1777498814840191744,0.00250525213778019,-0.007965563796460629,-0.03074350208044052
1777498814850099200,0.002499436028301716,-0.007971958257257938,-0.03074350021779537
1777498814859987456,0.002506409306079149,-0.007971678860485554,-0.03074401244521141
1777498814869857024,0.002506885211914778,-0.007967747747898102,-0.0307488702237606
1777498814879707392,0.002516768639907241,-0.007965438067913055,-0.03074705600738525
1777498814889538560,0.002522296505048871,-0.007964421063661575,-0.03074841387569904
1777498814899350528,0.002527375007048249,-0.007962946780025959,-0.03075031377375126
1777498814909143808,0.002530847443267703,-0.00796028133481741,-0.03074646554887295
1777498814919149824,0.00253007491119206,-0.007958709262311459,-0.03074628487229347
1777498814929368064,0.002534140599891543,-0.007958440110087395,-0.03074932843446732
1777498814939566592,0.002535449573770165,-0.007952936924993992,-0.03074650652706623
1777498814949745920,0.002535880077630281,-0.007953057065606117,-0.03074745833873749
1777498814959905280,0.002538580913096666,-0.007954497821629047,-0.03074330650269985
1777498814970045184,0.002545363968238235,-0.007960458286106586,-0.03074539825320244
1777498814980165376,0.002542784670367837,-0.007953211665153503,-0.03075019642710686
1777498814990266112,0.002548020100221038,-0.007951364852488041,-0.03075109422206879
1777498815000347392,0.00254118419252336,-0.00794657040387392,-0.03075194358825684
1777498815010408960,0.002543554874137044,-0.007944236509501934,-0.03074963763356209
1777498815020450816,0.002545156516134739,-0.007939142175018787,-0.03074941411614418
1777498815030475776,0.002540729939937592,-0.007938709110021591,-0.03074668906629086
1777498815040483072,0.002546935342252254,-0.007935944013297558,-0.0307441633194685
1777498815050471680,0.002552191028371453,-0.007934175431728363,-0.03074250929057598
1777498815060440832,0.002548685530200601,-0.007935729809105396,-0.03074147365987301
1777498815070390528,0.002554067876189947,-0.007933135144412518,-0.03074290230870247
1777498815080320768,0.002553702797740698,-0.007932400330901146,-0.03074485808610916
1777498815090231552,0.002557241590693593,-0.007929432205855846,-0.03074450790882111
1777498815100122624,0.002555541461333632,-0.007925578393042088,-0.03074550628662109
1777498815109994752,0.002555169630795717,-0.007928225211799145,-0.03074990585446358
1777498815119847936,0.002559775486588478,-0.007924829609692097,-0.03075031377375126
1777498815129681408,0.00255853240378201,-0.007931931875646114,-0.03075203113257885
1777498815139495680,0.00255503854714334,-0.007934127002954483,-0.03075554966926575
1777498815149291008,0.002550289733335376,-0.007936959154903889,-0.03075132332742214
1777498815159067136,0.002552719553932548,-0.00793860200792551,-0.03074893355369568
1777498815169285632,0.002553597558289766,-0.007936167530715466,-0.03074729256331921
1777498815179484416,0.002558298176154494,-0.007933656685054302,-0.0307486392557621
1777498815189664000,0.002557229017838836,-0.007932191714644432,-0.03075237199664116
1777498815199824384,0.00255615497007966,-0.007933806627988815,-0.03074710816144943
1777498815209964800,0.002562432317063212,-0.007931073196232319,-0.0307458508759737
1777498815220086016,0.002560402499511838,-0.007929878309369087,-0.03074500150978565
1777498815230187520,0.002564928028732538,-0.007929451763629913,-0.03074548207223415
1777498815240269824,0.002568957861512899,-0.007924472913146019,-0.0307465698570013
1777498815250332160,0.00256633572280407,-0.007918607443571091,-0.03074851259589195
1777498815260375552,0.002566544804722071,-0.007921379059553146,-0.0307433195412159
1777498815270400000,0.002565820468589664,-0.007921370677649975,-0.03074205666780472
1777498815280407296,0.002565469592809677,-0.007919066585600376,-0.03074005246162415
1777498815290395136,0.002560916123911738,-0.007922246120870113,-0.03074061870574951
1777498815300363520,0.002563414163887501,-0.007924690842628479,-0.03073842264711857
1777498815310312448,0.002563768066465855,-0.007924198172986507,-0.03073987923562527
1777498815320242176,0.002565046073868871,-0.007927978411316872,-0.03073996119201183
1777498815330152448,0.002560180146247149,-0.007929500192403793,-0.03074203431606293
1777498815340043520,0.002561434404924512,-0.007921993732452393,-0.03073473088443279
1777498815349915392,0.002567983232438564,-0.007921673357486725,-0.03073685243725777
1777498815359768832,0.002565575763583183,-0.007922380231320858,-0.03073759377002716
1777498815369602816,0.002562345936894417,-0.007929889485239983,-0.03073393367230892
1777498815379417600,0.002557923784479499,-0.007934369146823883,-0.03073438070714474
1777498815389213184,0.00256070401519537,-0.007936036214232445,-0.03073334135115147
1777498815398989568,0.002564923139289021,-0.007935188710689545,-0.03073637560009956
1777498815409214464,0.00255834124982357,-0.007935945875942707,-0.03073692694306374
1777498815419419648,0.002564521040767431,-0.007934876717627048,-0.03073370270431042
1777498815429605120,0.002565729198977351,-0.007937667891383171,-0.03073829971253872
1777498815439771904,0.002562798792496324,-0.00793609581887722,-0.03074041940271854
1777498815449918976,0.002572127617895603,-0.007939712144434452,-0.03074012510478497
1777498815460046080,0.002574901096522808,-0.007944460958242416,-0.03074249997735023
1777498815470153472,0.002581366105005145,-0.007943116128444672,-0.03074249811470509
1777498815480241152,0.00257734814658761,-0.007942200638353825,-0.0307413637638092
1777498815490309376,0.002582065062597394,-0.007940999232232571,-0.03073857352137566
1777498815500357632,0.00258435239084065,-0.007947785779833794,-0.03073619864881039
1777498815510386432,0.00258402549661696,-0.007950698956847191,-0.03074134513735771
1777498815520396032,0.002585140988230705,-0.007951494306325912,-0.03074285387992859
1777498815530386176,0.002582539105787873,-0.007949231192469597,-0.03073985315859318
1777498815540358912,0.002589176408946514,-0.007950233295559883,-0.03073638677597046
1777498815550313728,0.002592963166534901,-0.007944520562887192,-0.03073495253920555
1777498815560249600,0.002593406243249774,-0.007939453236758709,-0.03073386661708355
1777498815570166016,0.002589659299701452,-0.007932687178254128,-0.03073114901781082
1777498815580063232,0.002586024347692728,-0.007927985861897469,-0.0307276900857687
1777498815589941504,0.002594121498987079,-0.007926344871520996,-0.03072624281048775
1777498815599800064,0.002591520547866821,-0.00793039333075285,-0.03072119504213333
1777498815609639680,0.002592614851891994,-0.007936586625874043,-0.03072309494018555
1777498815619459840,0.002598280785605311,-0.007941481657326221,-0.03072171099483967
1777498815629261312,0.002595234662294388,-0.007944559678435326,-0.03072056919336319
1777498815639043840,0.002597205806523561,-0.007939851842820644,-0.03072331473231316
1777498815649268736,0.002598140155896544,-0.007938163354992867,-0.03072399273514748
1777498815659474432,0.002603833796456456,-0.007942041382193565,-0.03072602301836014
1777498815669660672,0.002599811181426048,-0.007936373353004456,-0.03072703629732132
1777498815679827456,0.002594151766970754,-0.007936033420264721,-0.03072998113930225
1777498815689974784,0.002594019053503871,-0.007929820567369461,-0.03072959184646606
1777498815700102656,0.0025965366512537,-0.007928173989057541,-0.03072992898523808
1777498815710210816,0.002595789730548859,-0.007929433137178421,-0.03072230890393257
1777498815720301568,0.002589483978226781,-0.007928727194666862,-0.03072334267199039
1777498815730372608,0.002580720232799649,-0.007933278568089008,-0.03072226233780384
1777498815740424448,0.002587059279903769,-0.007933433167636395,-0.03072354570031166
1777498815750456576,0.00259299692697823,-0.007937765680253506,-0.0307275652885437
1777498815760469504,0.002597956918179989,-0.00793873518705368,-0.03072903491556644
1777498815770462976,0.002600069157779217,-0.007938971742987633,-0.03073023445904255
1777498815780436992,0.002602563705295324,-0.00793869886547327,-0.03073365613818169
1777498815790391552,0.002609865739941597,-0.007935624569654465,-0.03072977997362614
1777498815800327424,0.002610871335491538,-0.007938431575894356,-0.03072625584900379
1777498815810244352,0.002612093929201365,-0.007950061932206154,-0.03072702884674072
1777498815820142080,0.002605659887194633,-0.00794680044054985,-0.03072968125343323
1777498815830020608,0.002604404930025339,-0.007942075841128826,-0.03073129057884216
1777498815839879936,0.002604117384180427,-0.007940822280943394,-0.03073008172214031
1777498815849720320,0.002599994651973248,-0.007938239723443985,-0.03072724863886833
1777498815859541248,0.002598096150904894,-0.007939660921692848,-0.0307280458509922
1777498815869343232,0.002591977594420314,-0.007941401563584805,-0.03072827868163586
1777498815879127808,0.002596176695078611,-0.007940346375107765,-0.03072522766888142
1777498815889362432,0.002598709193989635,-0.00794299878180027,-0.03072116523981094
1777498815899577344,0.002602252876386046,-0.007943065837025642,-0.03071690164506435
1777498815909772800,0.002603355795145035,-0.00794413685798645,-0.03071791864931583
1777498815919948288,0.002604262670502067,-0.00794676598161459,-0.03071673959493637
1777498815930103808,0.002604799112305045,-0.007941180840134621,-0.03071829490363598
1777498815940239616,0.002606539754197001,-0.00793822854757309,-0.03071396239101887
1777498815950355712,0.002611653413623571,-0.007940921932458878,-0.03071463294327259
1777498815960452096,0.002614053199067712,-0.007938061840832233,-0.0307147242128849
1777498815970528768,0.002615560777485371,-0.007944107055664062,-0.03071701154112816
1777498815980589312,0.002617753576487303,-0.00794675387442112,-0.03071669489145279
1777498815990630400,0.002617749618366361,-0.007945926859974861,-0.03071833960711956
1777498816000652032,0.00261451187543571,-0.007941866293549538,-0.03072096034884453
1777498816010654464,0.002610804047435522,-0.007950838655233383,-0.03072076104581356
1777498816020637696,0.002606327179819345,-0.007943783886730671,-0.03071606904268265
1777498816030601472,0.002605705056339502,-0.007945074699819088,-0.03071535751223564
1777498816040546048,0.002603565342724323,-0.007951514795422554,-0.03071714006364346
1777498816050471424,0.002600757172331214,-0.00795280747115612,-0.0307179931551218
1777498816060377856,0.002600166946649551,-0.007952569983899593,-0.03072101436555386
1777498816070265344,0.00259537878446281,-0.007952148094773293,-0.03072355687618256
1777498816080133888,0.002587227616459131,-0.007947515696287155,-0.03072572872042656
1777498816089983232,0.002588401082903147,-0.007947932928800583,-0.03072615712881088
1777498816099813632,0.002593108918517828,-0.007953508757054806,-0.03072523139417171
1777498816109624832,0.002592688659206033,-0.007956099696457386,-0.03072712756693363
1777498816119416832,0.002589151728898287,-0.007951293140649796,-0.03072795830667019
1777498816129421056,0.002592213219031692,-0.007956105284392834,-0.0307290144264698
1777498816139636736,0.002592111704871058,-0.007955978624522686,-0.03072866797447205
1777498816149832448,0.002595234196633101,-0.007957636378705502,-0.03072854690253735
1777498816160008960,0.002591811586171389,-0.007958571426570415,-0.03073135204613209
1777498816170165760,0.002587708877399564,-0.007960707880556583,-0.03073636256158352
1777498816180302848,0.002588177099823952,-0.007961995899677277,-0.03074071370065212
1777498816190419968,0.002591118682175875,-0.0079712038859725,-0.03074603527784348
1777498816200517888,0.002591152209788561,-0.007968396879732609,-0.03074453212320805
1777498816210595840,0.002586736343801022,-0.007971060462296009,-0.03074867837131023
1777498816220654336,0.002582564251497388,-0.007970422506332397,-0.03074896708130836
1777498816230693376,0.002595401834696531,-0.007972043938934803,-0.03075186535716057
1777498816240713472,0.002592856995761395,-0.007968024350702763,-0.03075215220451355
1777498816250715904,0.002596036531031132,-0.007963734678924084,-0.03075354918837547
1777498816260700672,0.00259427260607481,-0.007969181053340435,-0.03075334802269936
1777498816270665984,0.002588311908766627,-0.007970022037625313,-0.03075454384088516
1777498816280611840,0.002588020404800773,-0.007973711006343365,-0.03075931780040264
1777498816290538240,0.002583555644378066,-0.00796978548169136,-0.03075764328241348
1777498816300445440,0.002582277869805694,-0.007974259555339813,-0.03075380809605122
1777498816310333440,0.002575004240497947,-0.007969408296048641,-0.03075149282813072
1777498816320201728,0.002574247308075428,-0.007967482320964336,-0.03074951656162739
1777498816330050816,0.002568291034549475,-0.007964200340211391,-0.03075011819601059
1777498816339880960,0.002564248396083713,-0.007964879274368286,-0.03074650838971138
1777498816349692160,0.002563452580943704,-0.007971689105033875,-0.03074540197849274
1777498816359483904,0.002555242273956537,-0.007972204126417637,-0.0307434406131506
1777498816369488384,0.002560526132583618,-0.007972993887960911,-0.03073841705918312
1777498816379705088,0.002560091437771916,-0.007973824627697468,-0.03073864616453648
1777498816389901824,0.002563384361565113,-0.0079770777374506,-0.03073925524950027
1777498816400079104,0.002562103560194373,-0.007978620007634163,-0.0307349618524313
1777498816410236416,0.002559397136792541,-0.007975784130394459,-0.03073758631944656
1777498816420374016,0.00255791749805212,-0.007977080531418324,-0.03073990717530251
1777498816430491648,0.002553468802943826,-0.00797148235142231,-0.03074281848967075
1777498816440589312,0.002556738210842013,-0.007971078157424927,-0.03074359335005283
1777498816450669824,0.002558068837970495,-0.007964840158820152,-0.03074253536760807
1777498816460730624,0.002559327520430088,-0.00796355027705431,-0.03073804639279842
1777498816470772480,0.002558807842433453,-0.007965497672557831,-0.03073321469128132
1777498816480794880,0.002563376445323229,-0.007964227348566055,-0.03073584847152233
1777498816490797568,0.002562141744419932,-0.007960885763168335,-0.0307340994477272
1777498816500780800,0.002560059539973736,-0.007958251982927322,-0.03073541447520256
1777498816510744576,0.00255932635627687,-0.007959464564919472,-0.03073303587734699
1777498816520688896,0.002558855107054114,-0.007960851304233074,-0.03073080629110336
1777498816530614528,0.002562838140875101,-0.007961060851812363,-0.03072738833725452
1777498816540520704,0.00256201927550137,-0.007962574250996113,-0.03072570450603962
1777498816550407424,0.002562609501183033,-0.007960468530654907,-0.03072585351765156
1777498816560274944,0.002563308225944638,-0.007958920672535896,-0.03072702325880527
1777498816570123520,0.002563256770372391,-0.007959190756082535,-0.03072634898126125
1777498816579952640,0.002562639070674777,-0.007960028015077114,-0.03072898462414742
1777498816589762816,0.002556488616392016,-0.007959938608109951,-0.03072594851255417
1777498816599554048,0.002553425496444106,-0.00795685313642025,-0.03072630614042282
1777498816609326848,0.002552824094891548,-0.007960970513522625,-0.03072104603052139
1777498816619544064,0.00255600200034678,-0.007959809154272079,-0.03072017431259155
1777498816629741824,0.002554530510678887,-0.007956692948937416,-0.03072118386626244
1777498816639920384,0.002551887650042772,-0.007957477122545242,-0.03072170540690422
1777498816650080000,0.002546431962400675,-0.007955403067171574,-0.03072330914437771
1777498816660219648,0.002551231998950243,-0.007952697575092316,-0.03072504326701164
1777498816670339840,0.00255055702291429,-0.007955462671816349,-0.03072341158986092
1777498816680440576,0.002552530029788613,-0.00795908086001873,-0.03072500415146351
1777498816690522368,0.002553596859797835,-0.007957755587995052,-0.03072358481585979
1777498816700584704,0.002555319340899587,-0.007958032190799713,-0.03072610683739185
1777498816710627328,0.00255290325731039,-0.007961082272231579,-0.0307235699146986
1777498816720650752,0.002552992198616266,-0.007966083474457264,-0.03072349168360233
1777498816730654976,0.002555247396230698,-0.007969077676534653,-0.03072261065244675
1777498816740639232,0.002556560561060905,-0.007966272532939911,-0.03072383068501949
1777498816750604032,0.002557792467996478,-0.00796985998749733,-0.03072653152048588
1777498816760550144,0.002560714026913047,-0.007968892343342304,-0.03072366490960121
1777498816770480896,0.002561822533607483,-0.007972306571900845,-0.03072055242955685
1777498816780392192,0.002566208830103278,-0.007967861369252205,-0.03071856684982777
1777498816790284288,0.002569104311987758,-0.007968542166054249,-0.03071722388267517
1777498816800156928,0.002571458229795098,-0.007976525463163853,-0.03071891516447067
1777498816810010880,0.002569761360064149,-0.00796756986528635,-0.030716672539711
1777498816819845120,0.002569504315033555,-0.007975609973073006,-0.03072052635252476
1777498816829660416,0.002568072872236371,-0.007980315946042538,-0.03072342462837696
1777498816839456512,0.002572237979620695,-0.007982045412063599,-0.0307189766317606
1777498816849233920,0.002568515948951244,-0.007988778874278069,-0.03071876801550388
1777498816859452672,0.002562676789239049,-0.007989532314240932,-0.03071782924234867
1777498816869651712,0.00255980622023344,-0.007989069446921349,-0.03072004765272141
1777498816879830784,0.00256583746522665,-0.007985696196556091,-0.03072507120668888
1777498816889990400,0.002570324810221791,-0.007990294136106968,-0.03072449751198292
1777498816900131328,0.002572412835434079,-0.007988038472831249,-0.03072327189147472
1777498816910252800,0.002567166229709983,-0.007990661077201366,-0.03072204999625683
1777498816920354560,0.002566595794633031,-0.007992304861545563,-0.030723812058568
1777498816930436608,0.002561735454946756,-0.007985359057784081,-0.03072225488722324
1777498816940499456,0.002562050707638264,-0.007986919954419136,-0.03072000481188297
1777498816950542848,0.002565491711720824,-0.007990501821041107,-0.03071943111717701
1777498816960566528,0.002565700793638825,-0.007991118356585503,-0.03071761317551136
1777498816970570752,0.002565389731898904,-0.00798938050866127,-0.03072014637291431
1777498816980556288,0.002564856084063649,-0.007990969344973564,-0.03071968629956245
1777498816990522112,0.002566983457654715,-0.007996490225195885,-0.03071595914661884
1777498817000468480,0.002565287752076983,-0.007998256012797356,-0.03071366809308529
1777498817010395392,0.002562170149758458,-0.00799890048801899,-0.0307155903428793
1777498817020302592,0.002553504193201661,-0.007991633377969265,-0.03071392700076103
1777498817030190592,0.002558616455644369,-0.0079954843968153,-0.03071398474276066
1777498817040058624,0.002562995534390211,-0.007994202896952629,-0.03071628510951996
1777498817049914112,0.002562511712312698,-0.007998145185410976,-0.0307150911539793
1777498817059750656,0.002560851629823446,-0.007994030602276325,-0.03071384318172932
1777498817069568512,0.002557437168434262,-0.007997544482350349,-0.03071767836809158
1777498817079366912,0.002558080013841391,-0.007987578399479389,-0.03071937896311283
1777498817089146880,0.002567739924415946,-0.007992889732122421,-0.03071847930550575
1777498817099372288,0.002567668212577701,-0.007996115833520889,-0.03071610443294048
1777498817109577728,0.002571625169366598,-0.008001990616321564,-0.03071882948279381
1777498817119763200,0.002570894779637456,-0.008005457930266857,-0.03072484768927097
1777498817129928960,0.002570643788203597,-0.008005747571587563,-0.03072150237858295
1777498817140076288,0.002568490104749799,-0.008014068007469177,-0.03072240203619003
1777498817150203648,0.002562998095527291,-0.008017490617930889,-0.03072081506252289
1777498817160311296,0.002564627211540937,-0.008019768632948399,-0.03072406724095345
1777498817170399232,0.002566650277003646,-0.008022349327802658,-0.03072936832904816
1777498817180467712,0.002565786940976977,-0.008025471121072769,-0.03072916902601719
1777498817190516736,0.002574009587988257,-0.008020932786166668,-0.03073314763605595
1777498817200545792,0.002574197249487042,-0.008013633079826832,-0.03073065169155598
1777498817210555392,0.002572594443336129,-0.00802047923207283,-0.03072726540267467
1777498817220546048,0.002572041703388095,-0.008019545115530491,-0.03072532080113888
1777498817230517248,0.002570493146777153,-0.008017798885703087,-0.03072738461196423
1777498817240468992,0.002576914615929127,-0.008017296902835369,-0.03072992712259293
1777498817250401024,0.002584261819720268,-0.008015263825654984,-0.03073231689631939
1777498817260314112,0.002589743817225099,-0.008014129474759102,-0.03072997368872166
1777498817270207744,0.002587918657809496,-0.00801018625497818,-0.0307304747402668
1777498817280082176,0.002583249937742949,-0.008008986711502075,-0.03072305396199226
1777498817289937152,0.002583770314231515,-0.008003843016922474,-0.03072412684559822
1777498817299774208,0.002585180569440126,-0.007999689318239689,-0.0307268314063549
1777498817309598720,0.002587872557342052,-0.008001714944839478,-0.03072872012853622
1777498817319404288,0.002587372669950128,-0.008002144284546375,-0.03073000535368919
1777498817329190656,0.002590383170172572,-0.007998509332537651,-0.03072827123105526
1777498817339191552,0.002593304729089141,-0.007999984547495842,-0.03073307499289513
1777498817349406208,0.002596435369923711,-0.00799946952611208,-0.0307354424148798
1777498817359601152,0.002597084268927574,-0.007990408688783646,-0.03073420189321041
1777498817369776640,0.002593694254755974,-0.007991206832230091,-0.03073331713676453
1777498817379932416,0.0025893475394696,-0.00799209251999855,-0.030737129971385
1777498817390067968,0.002589529845863581,-0.007992026396095753,-0.03073248080909252
1777498817400185344,0.002590108197182417,-0.007988149300217628,-0.03073430061340332
1777498817410283520,0.00259034032933414,-0.007985646836459637,-0.03073139488697052
1777498817420362496,0.002597076119855046,-0.007985703647136688,-0.0307278074324131
1777498817430421504,0.002596057951450348,-0.007987054996192455,-0.03072649426758289
1777498817440461056,0.002593483775854111,-0.007993870414793491,-0.03072738461196423
1777498817450480896,0.002594016026705503,-0.007993522100150585,-0.03072853572666645
1777498817460481280,0.002588148694485426,-0.008001473732292652,-0.03072978742420673
1777498817470462208,0.002589209005236626,-0.008001310750842094,-0.03072948381304741
1777498817480423680,0.00258433073759079,-0.007998074404895306,-0.03073254227638245
1777498817490366208,0.002590202959254384,-0.00799251627177,-0.03073388151824474
1777498817500289280,0.002590779215097427,-0.007997075095772743,-0.03073237277567387
1777498817510192896,0.002594515914097428,-0.007993890903890133,-0.0307319201529026
1777498817520076800,0.002593023469671607,-0.007994163781404495,-0.03073938004672527
1777498817529941504,0.002592710312455893,-0.007998923771083355,-0.03074241802096367
1777498817539787008,0.002590625081211329,-0.007995638065040112,-0.03074204362928867
1777498817549612800,0.002586572198197246,-0.007992629893124104,-0.03074200078845024
1777498817559419904,0.002579090883955359,-0.007994066923856735,-0.03073554113507271
1777498817569208576,0.002582841319963336,-0.008000779896974564,-0.03073588758707047
1777498817579211008,0.002581440843641758,-0.008005803450942039,-0.0307347197085619
1777498817589426432,0.002582497196272016,-0.008003729395568371,-0.03073517978191376
1777498817599621888,0.002586480462923646,-0.008003081195056438,-0.03073490411043167
1777498817609797888,0.002593419281765819,-0.008004034869372845,-0.03073477745056152
1777498817619954432,0.002594993682578206,-0.007999679073691368,-0.03073603287339211
1777498817630091776,0.002604210516437888,-0.008000828325748444,-0.03074122220277786
1777498817640209408,0.002607818692922592,-0.008006036281585693,-0.03074008040130138
1777498817650307072,0.00261328462511301,-0.008010124787688255,-0.03073778189718723
1777498817660385280,0.002613724442198873,-0.008010951802134514,-0.03073675930500031
1777498817670444032,0.002605923684313893,-0.008019376546144485,-0.03073352947831154
1777498817680482816,0.00260050455108285,-0.008023002184927464,-0.03073535487055779
1777498817690502144,0.002598177874460816,-0.008023876696825027,-0.0307365208864212
1777498817700502528,0.00259685842320323,-0.008022802881896496,-0.03073735907673836
1777498817710483456,0.002593854675069451,-0.008032194338738918,-0.03073244169354439
1777498817720444928,0.002588337752968073,-0.008029135875403881,-0.03073379956185818
1777498817730388992,0.002583386143669486,-0.00802872609347105,-0.0307328924536705
1777498817740315392,0.002583166118711233,-0.008032140322029591,-0.03073427453637123
1777498817750222592,0.002585923532024026,-0.008039711974561214,-0.03073577396571636
1777498817760110336,0.002591889118775725,-0.008041976019740105,-0.03074054978787899
1777498817769979136,0.002583867870271206,-0.008047540672123432,-0.03074401244521141
1777498817779828736,0.00258016400039196,-0.008044487796723843,-0.03074729070067406
1777498817789658880,0.002582116285338998,-0.008045800030231476,-0.03074718080461025
1777498817799469824,0.002590285148471594,-0.008053451776504517,-0.03074536100029945
1777498817809261824,0.002583666238933802,-0.008054113015532494,-0.03074192441999912
1777498817819266816,0.002582954475656152,-0.008053573779761791,-0.03074095398187637
1777498817829483520,0.002589676529169083,-0.008051997050642967,-0.03073578514158726
1777498817839680256,0.002584057627245784,-0.008053773082792759,-0.03073540329933167
1777498817849858048,0.002586004557088017,-0.00805550254881382,-0.03073631413280964
1777498817860016128,0.002583471592515707,-0.00805730652064085,-0.03074010275304317
1777498817870154752,0.002580069238319993,-0.008061325177550316,-0.03073767572641373
1777498817880273408,0.002577289473265409,-0.008063299581408501,-0.03073476068675518
1777498817890372608,0.002578812884166837,-0.008062021806836128,-0.03073324635624886
1777498817900451840,0.002576478291302919,-0.008061300963163376,-0.03073068894445896
1777498817910511616,0.002578984247520566,-0.008060017600655556,-0.03073174506425858
1777498817920551936,0.002588725415989757,-0.008065510541200638,-0.03072957135736942
1777498817930573056,0.002582726301625371,-0.008062351495027542,-0.03072918206453323
1777498817940576512,0.002584238536655903,-0.008059744723141193,-0.03072871454060078
1777498817950562304,0.00257901125587523,-0.008057300932705402,-0.03073000349104404
1777498817960528384,0.002575587714090943,-0.008055774495005608,-0.03073070012032986
1777498817970475264,0.002575891325250268,-0.008054301142692566,-0.03073465451598167
1777498817980402688,0.002577785635367036,-0.008061549626290798,-0.0307388287037611
1777498817990310912,0.002583198482170701,-0.008063001558184624,-0.0307396724820137
1777498818000199680,0.002591172698885202,-0.008068081922829151,-0.03073854744434357
1777498818010069248,0.002584701869636774,-0.008064319379627705,-0.03073733672499657
1777498818019919872,0.002580393804237247,-0.008062118664383888,-0.03073466382920742
1777498818029751552,0.002579749096184969,-0.008059671148657799,-0.03073483146727085
1777498818039564288,0.002581336535513401,-0.00806021224707365,-0.03073463961482048
1777498818049357568,0.002578005660325289,-0.008059948682785034,-0.03073489293456078
1777498818059131904,0.002580729778856039,-0.008057116530835629,-0.03073247522115707
1777498818069350144,0.002584242261946201,-0.008056801743805408,-0.030734458938241
1777498818079548416,0.00258646416477859,-0.008054384030401707,-0.03073735907673836
1777498818089726720,0.002587217604741454,-0.008059483952820301,-0.03073757141828537
1777498818099886592,0.002595924772322178,-0.008061773143708706,-0.03073751553893089
1777498818110026752,0.002594362944364548,-0.008065379224717617,-0.030738839879632
1777498818120146944,0.002597104525193572,-0.008061333559453487,-0.03073989599943161
1777498818130247680,0.002595056779682636,-0.008061840198934078,-0.03074401617050171
1777498818140328704,0.002592800185084343,-0.008060715161263943,-0.03074847161769867
1777498818150390272,0.002588488627225161,-0.008055428043007851,-0.030754704028368
1777498818160432384,0.002580841071903706,-0.008057631552219391,-0.03075654245913029
1777498818170454528,0.002585262525826693,-0.008059104904532433,-0.03075948171317577
1777498818180457728,0.002586894435808063,-0.008068486116826534,-0.03075749985873699
1777498818190441472,0.002584548899903893,-0.008071677759289742,-0.03075872734189034
1777498818200405760,0.002579009858891368,-0.008070205338299274,-0.03076068498194218
1777498818210350336,0.002575224731117487,-0.008069921284914017,-0.03076223842799664
1777498818220275200,0.002574370475485921,-0.008074138313531876,-0.03076178580522537
1777498818230180864,0.002581943292170763,-0.008073173463344574,-0.03076057881116867
1777498818240067840,0.002584990812465549,-0.008071248419582844,-0.03075675666332245
1777498818249941504,0.00258599896915257,-0.008071995340287685,-0.0307578518986702
1777498818259795968,0.002586138434708118,-0.008075260557234287,-0.03075609356164932
1777498818269631488,0.002579156076535583,-0.008078570477664471,-0.03075702302157879
1777498818279447808,0.002586476504802704,-0.008085006847977638,-0.0307606365531683
1777498818289244672,0.002587262773886323,-0.008084118366241455,-0.0307602696120739
1777498818299022848,0.002586621325463057,-0.0080880057066679,-0.03076450526714325
1777498818309242624,0.002588351257145405,-0.008084381930530071,-0.03076432831585407
1777498818319442688,0.002586872084066272,-0.008083746768534184,-0.03076766431331635
1777498818329622528,0.002578419400379062,-0.008091974072158337,-0.03076519258320332
1777498818339782656,0.002579272491857409,-0.008089783601462841,-0.0307648591697216
1777498818349923840,0.002575443126261234,-0.008094168268144131,-0.03076124750077724
1777498818360046336,0.002570929704234004,-0.008098185993731022,-0.03075718320906162
1777498818370149376,0.002573163015767932,-0.008101851679384708,-0.03075937926769257
1777498818380232448,0.002578948624432087,-0.008098824881017208,-0.03075427003204823
1777498818390296320,0.002575482707470655,-0.008101822808384895,-0.03074927255511284
1777498818400340992,0.00257768202573061,-0.008104213513433933,-0.03074908442795277
1777498818410366208,0.002575547201558948,-0.008098124526441097,-0.03074632957577705
1777498818420371712,0.002577257109805942,-0.008097588084638119,-0.0307441521435976
1777498818430358016,0.002578560030087829,-0.008098568767309189,-0.03074441105127335
1777498818440325120,0.002574198180809617,-0.008097769692540169,-0.03074401244521141
1777498818450273024,0.002572579309344292,-0.008093860000371933,-0.03074726834893227
1777498818460201472,0.002567553427070379,-0.008094486780464649,-0.03074599057435989
1777498818470110464,0.002569009084254503,-0.00809682160615921,-0.03074508160352707
1777498818480000256,0.002565594157204032,-0.008101174607872963,-0.0307448785752058
1777498818489870848,0.002571481512859464,-0.008100586943328381,-0.03074854053556919
1777498818499721984,0.002570069627836347,-0.008096004836261272,-0.03074878640472889
1777498818509554944,0.002566613722592592,-0.008093305863440037,-0.0307504553347826
1777498818519369216,0.002564874244853854,-0.00809528399258852,-0.03074926510453224
1777498818529169920,0.00256986659951508,-0.008090593852102757,-0.03074774146080017
1777498818538951680,0.002571983030065894,-0.008092804811894894,-0.0307497326284647
1777498818549176832,0.002566162031143904,-0.008088564500212669,-0.03074765391647816
1777498818559382272,0.002570661948993802,-0.008090359158813953,-0.03074518591165543
1777498818569568000,0.002569931326434016,-0.008093017153441906,-0.03074591048061848
1777498818579734272,0.002562826266512275,-0.008090217597782612,-0.03074501641094685
1777498818589880832,0.002566070295870304,-0.008100012317299843,-0.03074335493147373
1777498818600007936,0.00256125838495791,-0.008104210719466209,-0.03074969910085201
1777498818610115072,0.002563257236033678,-0.008103089407086372,-0.03075279295444489
1777498818620203008,0.00255986675620079,-0.008105650544166565,-0.0307502131909132
1777498818630270720,0.00255511119030416,-0.008100642822682858,-0.03075381740927696
1777498818640318720,0.002555000595748425,-0.008094207383692265,-0.03075678274035454
1777498818650347264,0.002555323299020529,-0.008096827194094658,-0.03075828030705452
1777498818660356864,0.002556909574195743,-0.008104999549686909,-0.03076124936342239
1777498818670346752,0.002561238827183843,-0.008104904554784298,-0.03076214343309402
1777498818680317184,0.002567385556176305,-0.008112401701509953,-0.03075941279530525
1777498818690272000,0.002570711309090257,-0.008112374693155289,-0.03075353056192398
1777498818700207616,0.002574820769950747,-0.008115820586681366,-0.03075277246534824
1777498818710124032,0.002581994514912367,-0.008112403564155102,-0.0307550560683012
1777498818720021504,0.002575012622401118,-0.008114309050142765,-0.03075538948178291
1777498818729899264,0.002572452183812857,-0.00811435654759407,-0.03075525350868702
1777498818739758080,0.00256975251249969,-0.008111034519970417,-0.03075887262821198
1777498818749597440,0.002563885878771544,-0.008108926005661488,-0.03076038137078285
1777498818759418368,0.002553750528022647,-0.008107439614832401,-0.03076419420540333
1777498818769220352,0.002551223849877715,-0.008106342516839504,-0.03076496906578541
1777498818779003904,0.002544242888689041,-0.008109675720334053,-0.03076906874775887
1777498818789238016,0.002545233117416501,-0.008109394460916519,-0.03076677769422531
1777498818799452672,0.00254218652844429,-0.008110830560326576,-0.03076422959566116
1777498818809647360,0.002534599974751472,-0.008112277835607529,-0.03076651133596897
1777498818819822336,0.002536204643547535,-0.00810525007545948,-0.03077061846852303
1777498818829978368,0.002535238629207015,-0.00810347031801939,-0.03076742216944695
1777498818840114944,0.002536589978262782,-0.008097519166767597,-0.03076602146029472
1777498818850231808,0.002540408400818706,-0.008097125217318535,-0.03076363168656826
1777498818860329216,0.002532538492232561,-0.008101052604615688,-0.03076852858066559
1777498818870407936,0.002527499105781317,-0.008104315027594566,-0.03076420910656452
1777498818880466944,0.002522693248465657,-0.008101964369416237,-0.03076867014169693
1777498818890506240,0.002525949850678444,-0.008101223967969418,-0.03076857328414917
1777498818900526080,0.002530338708311319,-0.008107919245958328,-0.03076871670782566
1777498818910526720,0.002527362667024136,-0.008106064982712269,-0.03077058494091034
1777498818920510976,0.002524877665564418,-0.008105052635073662,-0.03076716884970665
1777498818930475776,0.00252022105269134,-0.008109096437692642,-0.0307683888822794
1777498818940421376,0.002523054368793964,-0.008111353032290936,-0.03076806664466858
1777498818950347520,0.002524008974432945,-0.008107534609735012,-0.03076874278485775
1777498818960254720,0.002528984099626541,-0.008107885718345642,-0.0307709127664566
1777498818970142720,0.002533199964091182,-0.00810368824750185,-0.03077336028218269
1777498818980011520,0.002537025371566415,-0.008105034008622169,-0.03077351488173008
1777498818989861376,0.002539915731176734,-0.008110742084681988,-0.03077325224876404
1777498818999692288,0.002543909009546041,-0.008108952082693577,-0.03077672980725765
1777498819009504512,0.002545360010117292,-0.00811504852026701,-0.03078029863536358
1777498819019297536,0.002545720897614956,-0.008116749115288258,-0.0307843629270792
1777498819029301760,0.002549380762502551,-0.008121628314256668,-0.03078445978462696
1777498819039517184,0.00254550133831799,-0.008118510246276855,-0.03078376688063145
1777498819049712640,0.002545068273320794,-0.008119514212012291,-0.03078326396644115
1777498819059889152,0.002538897097110748,-0.008119816891849041,-0.03078678250312805
1777498819070046208,0.002537658205255866,-0.008121604099869728,-0.03079090267419815
1777498819080183296,0.002540036337450147,-0.00812589842826128,-0.0307923685759306
1777498819090300928,0.002526640892028809,-0.008130473084747791,-0.03079462610185146
1777498819100398848,0.002531739184632897,-0.008139368146657944,-0.03078913502395153
1777498819110477568,0.002536433283239603,-0.008143960498273373,-0.03079495951533318
1777498819120536832,0.002532774582505226,-0.008144555613398552,-0.03079711273312569
1777498819130576640,0.002531551057472825,-0.008148515596985817,-0.03080078773200512
1777498819140597504,0.002527550561353564,-0.008147250860929489,-0.03080204501748085
1777498819150600704,0.002523694653064013,-0.00814520101994276,-0.03080287761986256
1777498819160585728,0.00252184271812439,-0.008153030648827553,-0.03080488182604313
1777498819170551296,0.002522616647183895,-0.008157107979059219,-0.03080307878553867
1777498819180497664,0.002525419695302844,-0.008156688883900642,-0.03079879097640514
1777498819190425088,0.002530954079702497,-0.008156387135386467,-0.03080027922987938
1777498819200333312,0.00253544538281858,-0.008153241127729416,-0.03080127015709877
1777498819210221824,0.002531551523134112,-0.00815984420478344,-0.03080312348902225
1777498819220091136,0.002531618578359485,-0.008163523860275745,-0.03080685622990131
1777498819229941760,0.002530769677832723,-0.008156489580869675,-0.03080216608941555
1777498819239773184,0.00253109191544354,-0.008155738934874535,-0.03080131486058235
1777498819249585408,0.002527296077460051,-0.008154151029884815,-0.03079640120267868
1777498819259378944,0.002522558905184269,-0.008159385994076729,-0.03079423867166042
1777498819269384192,0.002520134672522545,-0.008154262788593769,-0.03079116716980934
1777498819279601152,0.002513956977054477,-0.008152537979185581,-0.03078726306557655
1777498819289798656,0.002512596314772964,-0.008151155896484852,-0.03078558668494225
1777498819299976704,0.002514702966436744,-0.008144103921949863,-0.03078817203640938
1777498819310134784,0.002507682656869292,-0.008146720938384533,-0.03078931197524071
1777498819320273152,0.002507477067410946,-0.008150319568812847,-0.03078920021653175
1777498819330392320,0.00250088726170361,-0.00815182738006115,-0.03078927472233772
1777498819340491520,0.002505599521100521,-0.008152246475219727,-0.03078846260905266
1777498819350571264,0.002508737612515688,-0.008152838796377182,-0.03078347817063332
1777498819360631552,0.002501312643289566,-0.008155938237905502,-0.03078589588403702
1777498819370671872,0.002504101954400539,-0.008155187591910362,-0.03078442253172398
1777498819380694784,0.002503440249711275,-0.008150156587362289,-0.03078765049576759
1777498819390699776,0.002500192262232304,-0.008143867366015911,-0.03078763745725155
1777498819400685568,0.002501510316506028,-0.008148618042469025,-0.03079229965806007
1777498819410652160,0.002508027013391256,-0.008145391941070557,-0.03079125285148621
1777498819420599296,0.002505722688511014,-0.008158351294696331,-0.03079370409250259
1777498819430526976,0.00250458437949419,-0.00815022736787796,-0.03079666569828987
1777498819440435968,0.002504503121599555,-0.008154761046171188,-0.03079588897526264
1777498819450325504,0.002510770922526717,-0.008159579709172249,-0.03079635463654995
1777498819460196096,0.002509660087525845,-0.008152076043188572,-0.03079546615481377
1777498819470047744,0.002512279199436307,-0.008151134476065636,-0.03079896606504917
1777498819479880192,0.002509727608412504,-0.008150997571647167,-0.03079884871840477
1777498819489693184,0.002507025375962257,-0.008151611313223839,-0.03079674206674099
1777498819499487488,0.002514862921088934,-0.008148812688887119,-0.03078996017575264
1777498819509262336,0.002520231297239661,-0.008152549155056477,-0.03078786283731461
1777498819519479296,0.002523257862776518,-0.008149520494043827,-0.03078064322471619
1777498819529676800,0.002524516545236111,-0.008150826208293438,-0.03077385202050209
1777498819539854592,0.002531807869672775,-0.00814996100962162,-0.03077328577637672
1777498819550012672,0.00253167119808495,-0.008148014545440674,-0.03077657334506512
1777498819560151296,0.002532250247895718,-0.008144216611981392,-0.03077159263193607
1777498819570270464,0.002530690282583237,-0.008138483390212059,-0.03077320568263531
1777498819580369664,0.002528564538806677,-0.008136804215610027,-0.03076742216944695
1777498819590449664,0.002530505880713463,-0.008139429613947868,-0.03076376765966415
1777498819600509696,0.002530691213905811,-0.008136122487485409,-0.03076340816915035
1777498819610550016,0.00253608264029026,-0.008143557235598564,-0.03076053038239479
1777498819620570880,0.002533830236643553,-0.00814537052065134,-0.03076140582561493
1777498819630572544,0.002538494765758514,-0.0081441979855299,-0.03076141700148582
1777498819640554752,0.002543627517297864,-0.008154767565429211,-0.0307625662535429
1777498819650517248,0.002548544201999903,-0.008153366856276989,-0.03075640462338924
1777498819660460288,0.002552472287788987,-0.008155209012329578,-0.0307589303702116
1777498819670383872,0.002548888092860579,-0.008151423186063766,-0.03075462020933628
1777498819680288256,0.00255106994882226,-0.008149886503815651,-0.03075314871966839
1777498819690172928,0.002557435538619757,-0.00815524160861969,-0.03075495921075344
1777498819700038144,0.002559393178671598,-0.008158592507243156,-0.03075452148914337
1777498819709887488,0.002562110079452395,-0.008154303766787052,-0.03075606375932693
1777498819719720960,0.002556276973336935,-0.008150510489940643,-0.03075830079615116
1777498819729535488,0.002552301622927189,-0.008148567751049995,-0.03075876459479332
1777498819739331328,0.002554226433858275,-0.008143221028149128,-0.03075840324163437
1777498819749108480,0.002558176638558507,-0.008148191496729851,-0.03076108917593956
1777498819759327744,0.002556709107011557,-0.00815056636929512,-0.03076286986470222
1777498819769527040,0.002556230174377561,-0.008149552159011364,-0.03076153807342052
1777498819779706368,0.002551429439336061,-0.008150545880198479,-0.03075847402215004
1777498819789866496,0.002552296733483672,-0.008146469481289387,-0.03076007589697838
1777498819800007168,0.002560225315392017,-0.008143682032823563,-0.03075717017054558
1777498819810128384,0.002556452993303537,-0.008142605423927307,-0.03075914643704891
1777498819820229632,0.00256174081005156,-0.008136549033224583,-0.0307562705129385
1777498819830311680,0.002557097701355815,-0.0081376563757658,-0.03075454197824001
1777498819840374272,0.002558658132329583,-0.008133780211210251,-0.03075172193348408
1777498819850417408,0.002561840461567044,-0.008133136667311192,-0.0307599063962698
1777498819860441344,0.002554952865466475,-0.008146283216774464,-0.03076703473925591
1777498819870445824,0.002558758016675711,-0.00814584456384182,-0.0307677760720253
1777498819880431360,0.002561107277870178,-0.008139206096529961,-0.03076973930001259
1777498819890397440,0.002558722160756588,-0.008135813288390636,-0.03077078610658646
1777498819900344064,0.002564950846135616,-0.008141829632222652,-0.03077503107488155
1777498819910273792,0.002562161535024643,-0.008142715319991112,-0.03077027760446072
1777498819920186368,0.002568351104855537,-0.008143710903823376,-0.03077187016606331
1777498819930079744,0.00257159536704421,-0.008144848980009556,-0.03077020682394505
1777498819939953664,0.002571667078882456,-0.008145563304424286,-0.03076722286641598
1777498819949808640,0.002571119461208582,-0.008141467347741127,-0.03076726011931896
1777498819959644160,0.002569508971646428,-0.008144259452819824,-0.03076360747218132
1777498819969460480,0.002568997908383608,-0.008145447820425034,-0.03076463378965855
1777498819979257856,0.002568386029452085,-0.008134650997817516,-0.03076515719294548
1777498819989036032,0.002566567854955792,-0.00812848936766386,-0.03076726943254471
1777498819999260928,0.002567141549661756,-0.008121210150420666,-0.03077296540141106
1777498820009465856,0.002570400480180979,-0.008122100494801998,-0.03077424690127373
1777498820019651072,0.002563726389780641,-0.008117577992379665,-0.03077531233429909
1777498820029817088,0.002571923192590475,-0.008116250857710838,-0.03077635541558266
1777498820039963904,0.002574533922597766,-0.008109288290143013,-0.03077369369566441
1777498820050091008,0.002569377887994051,-0.008106961846351624,-0.0307729858905077
1777498820060198656,0.002572316210716963,-0.008105140179395676,-0.03077461384236813
1777498820070286592,0.002575681544840336,-0.00811102706938982,-0.03077354840934277
1777498820080355072,0.002576439408585429,-0.008104964159429073,-0.03077713958919048
1777498820090404096,0.002578018233180046,-0.008103357627987862,-0.03077552281320095
1777498820100433920,0.002583441091701388,-0.008093918673694134,-0.03077275678515434
1777498820110445824,0.00257928017526865,-0.00809825211763382,-0.0307720098644495
1777498820120440064,0.002576956059783697,-0.008099513128399849,-0.03076443076133728
1777498820130414848,0.002579527907073498,-0.008100722916424274,-0.03076502308249474
1777498820140370432,0.002581457141786814,-0.00809949915856123,-0.03076617419719696
1777498820150306816,0.002579906955361366,-0.008095373399555683,-0.03076762892305851
1777498820160223744,0.002581799868494272,-0.008093575946986675,-0.03076974861323833
1777498820170121728,0.00258576893247664,-0.008098146878182888,-0.03076940402388573
1777498820180000512,0.002591079799458385,-0.008103255182504654,-0.03077329136431217
1777498820189860352,0.002600829117000103,-0.008102999068796635,-0.03077681735157967
1777498820199701504,0.002606722293421626,-0.008106126450002193,-0.03077545762062073
1777498820209523200,0.0026116908993572,-0.008102945983409882,-0.03077378310263157
1777498820219325952,0.002609798684716225,-0.008099216036498547,-0.03077038563787937
1777498820229110016,0.002603500848636031,-0.008098753169178963,-0.03077014721930027
1777498820239110144,0.002606058027595282,-0.00809352844953537,-0.03076963871717453
1777498820249325568,0.002612065523862839,-0.008095564320683479,-0.03077065013349056
1777498820259521536,0.002611428964883089,-0.008091181516647339,-0.03077443316578865
1777498820269697792,0.002612784039229155,-0.008097750134766102,-0.03077147156000137
1777498820279854080,0.002610505558550358,-0.008096541278064251,-0.03077480755746365
1777498820289992192,0.002603987697511911,-0.008097008801996708,-0.03077659197151661
1777498820300110848,0.002609854098409414,-0.008097968995571136,-0.03078125976026058
1777498820310210048,0.002606024034321308,-0.008101976476609707,-0.0307807344943285
1777498820320289792,0.002608350943773985,-0.008104313164949417,-0.03077833168208599
1777498820330349824,0.002611439442262053,-0.008100670762360096,-0.0307806171476841
1777498820340390400,0.002609268995001912,-0.008097857236862183,-0.03078114241361618
1777498820350411520,0.00261026993393898,-0.008095722645521164,-0.03077864460647106
1777498820360412928,0.002615537960082293,-0.008089193142950535,-0.03078268282115459
1777498820370395904,0.002615794073790312,-0.008092151954770088,-0.03078304603695869
1777498820380359424,0.002615500008687377,-0.008091435767710209,-0.03077955730259418
1777498820390303488,0.002615476725623012,-0.008091799914836884,-0.03077575378119946
1777498820400228096,0.002619647886604071,-0.008091828785836697,-0.03077737987041473
1777498820410133504,0.002619297243654728,-0.008087228052318096,-0.03078256919980049
1777498820420019456,0.002618431579321623,-0.008086003363132477,-0.03078168444335461
1777498820429886208,0.002615550067275763,-0.008084426634013653,-0.03078011982142925
1777498820439736576,0.002614418743178248,-0.008082231506705284,-0.03078209981322289
1777498820449570816,0.00261351210065186,-0.008085854351520538,-0.03078121319413185
1777498820459385600,0.002610493218526244,-0.008090095594525337,-0.03078192099928856
1777498820469181696,0.002608434529975057,-0.008089995011687279,-0.03078057430684566
1777498820479187712,0.002610070863738656,-0.008084701374173164,-0.03078095056116581
1777498820489403392,0.002605339512228966,-0.008086837828159332,-0.03078224696218967
1777498820499599104,0.002606100868433714,-0.008085235953330994,-0.03078391775488853
1777498820509775360,0.002611323725432158,-0.008083566091954708,-0.03078397363424301
1777498820519931904,0.002604776993393898,-0.008087592199444771,-0.03078007511794567
1777498820530068736,0.002606206107884645,-0.008085537701845169,-0.03078045137226582
1777498820540185856,0.002602882450446486,-0.008083987049758434,-0.03077840246260166
1777498820550283776,0.002604365814477205,-0.008078055456280708,-0.0307748056948185
1777498820560361728,0.002608008682727814,-0.008069883100688457,-0.03077391907572746
1777498820570420480,0.002608155831694603,-0.008066168054938316,-0.03077140636742115
1777498820580462592,0.00261489232070744,-0.008065368980169296,-0.03076815977692604
1777498820590485248,0.002615702571347356,-0.008063427172601223,-0.03076785430312157
1777498820600488704,0.002618127735331655,-0.008055340498685837,-0.03076628968119621
1777498820610472960,0.002616217127069831,-0.008055740967392921,-0.03076507337391376
1777498820620438272,0.002615043194964528,-0.008053958415985107,-0.03076725266873837
1777498820630384128,0.002614655066281557,-0.008053109049797058,-0.03077195212244987
1777498820640310784,0.00261228927411139,-0.008051383309066296,-0.03076750598847866
1777498820650217984,0.002610531402751803,-0.008055646903812885,-0.03076504915952682
1777498820660106496,0.002605522284284234,-0.008057991974055767,-0.03076438046991825
1777498820669975808,0.002604644745588303,-0.008054632693529129,-0.0307651124894619
1777498820679825920,0.002610011957585812,-0.008052627556025982,-0.03076769970357418
1777498820689656832,0.00260856281965971,-0.00805535726249218,-0.03076539933681488
1777498820699468288,0.002605157438665628,-0.00805288553237915,-0.03076519258320332
1777498820709261056,0.002602326450869441,-0.008059051819145679,-0.03075929544866085
1777498820719266048,0.002599254483357072,-0.008052944205701351,-0.03075634501874447
1777498820729482496,0.002605044515803456,-0.008054083213210106,-0.03075785748660564
1777498820739679232,0.002606347901746631,-0.008053451776504517,-0.03075532987713814
1777498820749856768,0.002606886671856046,-0.008056877180933952,-0.03075233660638332
1777498820760014336,0.002600051928311586,-0.008056639693677425,-0.03075172752141953
1777498820770152448,0.002595111494883895,-0.008059096522629261,-0.03075493685901165
1777498820780270592,0.002594458637759089,-0.008068057708442211,-0.03076177090406418
1777498820790369536,0.002594453981146216,-0.008059953339397907,-0.03076368570327759
1777498820800448512,0.002599215833470225,-0.008061807602643967,-0.03076194413006306
1777498820810507776,0.00259901792742312,-0.008056690916419029,-0.03075878508388996
1777498820820547328,0.002598417224362493,-0.008055170997977257,-0.03075617924332619
1777498820830569984,0.00259874016046524,-0.008053134195506573,-0.03075337782502174
1777498820840574464,0.002604418899863958,-0.00805671326816082,-0.03075277619063854
1777498820850559488,0.002608150709420443,-0.008061209693551064,-0.03075236454606056
1777498820860525056,0.002619887934997678,-0.008065649308264256,-0.03075158968567848
1777498820870471680,0.002618935192003846,-0.008066502399742603,-0.0307519007474184
1777498820880399104,0.002619899343699217,-0.008071266114711761,-0.03075042739510536
1777498820890307072,0.002622707979753613,-0.008064452558755875,-0.03074711561203003
1777498820900195840,0.002624621149152517,-0.008062104694545269,-0.03075032494962215
1777498820910065920,0.002629553666338325,-0.00806084182113409,-0.03074815683066845
1777498820919917056,0.002634818432852626,-0.008067012764513493,-0.03074172511696815
1777498820929748736,0.002629649359732866,-0.008064533583819866,-0.03074027597904205
1777498820939561216,0.002629383932799101,-0.008063016459345818,-0.03074382245540619
1777498820949354496,0.002624172018840909,-0.008062226697802544,-0.03074204362928867
1777498820959128832,0.002622962929308414,-0.008064833469688892,-0.03073810413479805
1777498820969347072,0.002617355203256011,-0.008064032532274723,-0.03073432296514511
1777498820979545600,0.002619246253743768,-0.008059966377913952,-0.03073137998580933
1777498820989724160,0.002620509127154946,-0.008061466738581657,-0.03072603791952133
1777498820999883520,0.002616767073050141,-0.008061672560870647,-0.03071684576570988
1777498821010023936,0.00261381920427084,-0.008061305619776249,-0.03071939945220947
1777498821020144384,0.002610225230455399,-0.008065963163971901,-0.03071382082998753
1777498821030245376,0.002608313690871,-0.008063867688179016,-0.03071482479572296
1777498821040326400,0.002610254799947143,-0.008059429936110973,-0.03071194142103195
1777498821050387968,0.002610863652080297,-0.008062045089900494,-0.0307097714394331
1777498821060429824,0.002607339527457952,-0.008059920743107796,-0.03070826828479767
1777498821070451968,0.002603818895295262,-0.008062802255153656,-0.03070740588009357
1777498821080454656,0.002601601649075747,-0.008059710264205933,-0.03070596978068352
1777498821090438144,0.002602030523121357,-0.008062056265771389,-0.03070542588829994
1777498821100402176,0.002599265426397324,-0.008062928915023804,-0.03070160374045372
1777498821110347008,0.002602557418867946,-0.008064844645559788,-0.03070047684013844
1777498821120272384,0.002604707609862089,-0.008059465326368809,-0.03070278465747833
1777498821130178048,0.002598310587927699,-0.008065406233072281,-0.03070664219558239
1777498821140069376,0.002591178752481937,-0.008057314902544022,-0.0307060033082962
1777498821149941504,0.002596516394987702,-0.008054658770561218,-0.03070536628365517
1777498821159794432,0.00259934738278389,-0.008062371052801609,-0.03070911020040512
1777498821169628416,0.00259356084279716,-0.008062399923801422,-0.03070423379540443
1777498821179443456,0.002595677739009261,-0.008062256500124931,-0.0307022612541914
1777498821189239296,0.002599757397547364,-0.008061958476901054,-0.03069652430713177
1777498821199016192,0.002596675651147962,-0.008068868890404701,-0.0306964460760355
1777498821209235968,0.002594106132164598,-0.008075719699263573,-0.03069975599646568
1777498821219436032,0.002592151518911123,-0.0080765001475811,-0.03070025332272053
1777498821229616384,0.002597036771476269,-0.008075353689491749,-0.03069796785712242
1777498821239777792,0.002596896374598145,-0.00807967409491539,-0.03069707751274109
1777498821249920256,0.002596801845356822,-0.008078956976532936,-0.03069708496332169
1777498821260042752,0.002599831903353333,-0.008074644021689892,-0.03069387190043926
1777498821270145536,0.002594318240880966,-0.008071796968579292,-0.0306941457092762
1777498821280228608,0.00258991913869977,-0.008066368289291859,-0.0306935478001833
1777498821290292480,0.002584559144452214,-0.008068559691309929,-0.03068958409130573
1777498821300336384,0.002579476917162538,-0.008064388297498226,-0.03068744577467442
1777498821310360320,0.002584715373814106,-0.008064805530011654,-0.03069002367556095
1777498821320365056,0.002585966372862458,-0.008065185509622097,-0.03069288842380047
1777498821330350592,0.002588052768260241,-0.00806477852165699,-0.03068997897207737
1777498821340316416,0.002589327050372958,-0.008067400194704533,-0.03069531172513962
1777498821350262528,0.00258932588621974,-0.008072452619671822,-0.03069694712758064
1777498821360189440,0.002587544033303857,-0.008074457757174969,-0.03069405630230904
1777498821370096896,0.00259091448970139,-0.008082970045506954,-0.03068542294204235
1777498821379985152,0.002587693044915795,-0.008078852668404579,-0.0306859128177166
1777498821389854208,0.002585435518994927,-0.008080733940005302,-0.03068917244672775
1777498821399704064,0.002587009454146028,-0.008077679201960564,-0.03068728744983673
1777498821409542144,0.002586667193099856,-0.008079126477241516,-0.03068525344133377
1777498821419361024,0.002584330504760146,-0.008088575676083565,-0.0306885614991188
1777498821429161216,0.002581201028078794,-0.008087679743766785,-0.0306897833943367
1777498821438942208,0.002582370303571224,-0.008091118186712265,-0.03068962134420872
1777498821449167872,0.002585485344752669,-0.008097284473478794,-0.03068967908620834
1777498821459373568,0.002585169626399875,-0.008094410412013531,-0.0306889247149229
1777498821469559552,0.002585147507488728,-0.008095726370811462,-0.03068668395280838
1777498821479725824,0.002591300290077925,-0.008090097457170486,-0.0306896697729826
1777498821489872640,0.002591861179098487,-0.008092755451798439,-0.03068997524678707
1777498821500000000,0.002594401594251394,-0.00809787679463625,-0.03069650009274483
1777498821510107392,0.002597723389044404,-0.008095602504909039,-0.0306960716843605
1777498821520195584,0.002599810250103474,-0.008094794116914272,-0.03069629520177841
1777498821530264064,0.002604363486170769,-0.00809357687830925,-0.03069708868861198
1777498821540312576,0.002604475477710366,-0.008090553805232048,-0.03070254996418953
1777498821550341888,0.002607651520520449,-0.008085031993687153,-0.03070356510579586
1777498821560351744,0.002611152594909072,-0.008089856244623661,-0.03070735558867455
1777498821570342400,0.002617047168314457,-0.008088858798146248,-0.03070239908993244
1777498821580313856,0.002609256189316511,-0.008090775460004807,-0.03070247918367386
1777498821590265856,0.002601939020678401,-0.008093120530247688,-0.0307024959474802
1777498821600198400,0.002596806269139051,-0.008096584118902683,-0.03070572018623352
1777498821610115072,0.002599610248580575,-0.008098738268017769,-0.03070614486932755
1777498821620016128,0.002606984926387668,-0.008095378987491131,-0.03070705011487007
1777498821629897472,0.00260775163769722,-0.00809471495449543,-0.03070516139268875
1777498821639759616,0.002601365558803082,-0.008095813915133476,-0.03070711903274059
1777498821649602816,0.002609486225992441,-0.008093839511275291,-0.03070463612675667
1777498821659427072,0.00260883616283536,-0.008092879317700863,-0.03070366196334362
1777498821669231616,0.002610387513414025,-0.008090277202427387,-0.03069866821169853
1777498821679017216,0.002614426193758845,-0.008092463947832584,-0.0307026170194149
1777498821689013760,0.002614232245832682,-0.008097134530544281,-0.03071007505059242
1777498821699220224,0.002619576873257756,-0.008099117316305637,-0.03071296215057373
1777498821709407232,0.002619544509798288,-0.008105888031423092,-0.03071111254394054
1777498821719574528,0.002623009262606502,-0.0080956956371665,-0.03071599081158638
1777498821729722112,0.002620751271024346,-0.008098311722278595,-0.03071984462440014
1777498821739851520,0.00262805656529963,-0.00810110941529274,-0.03071784973144531
1777498821749962240,0.002625609049573541,-0.008099382743239403,-0.03072221949696541
1777498821760053504,0.002621918916702271,-0.008101770654320717,-0.03072265721857548
1777498821770125312,0.002625513821840286,-0.008104844018816948,-0.03072254359722137
1777498821780177664,0.002624242333695292,-0.008112543262541294,-0.03072108514606953
1777498821790210560,0.002621617168188095,-0.008117825724184513,-0.03071977198123932
1777498821800224000,0.002619831124320626,-0.008113635703921318,-0.03072384931147099
1777498821810217984,0.002619435079395771,-0.008112465962767601,-0.03072437644004822
1777498821820193536,0.002619301900267601,-0.008114361204206944,-0.03072427399456501
1777498821830150144,0.002616731682792306,-0.008115861564874649,-0.03072209469974041
1777498821840087296,0.002624000189825892,-0.008116042241454124,-0.0307144783437252
1777498821850005248,0.002620701910927892,-0.008118938654661179,-0.03071706183254719
1777498821859904000,0.002617762191221118,-0.008118182420730591,-0.03071235306560993
1777498821869783296,0.00261813891120255,-0.008116631768643856,-0.03071177750825882
1777498821879646720,0.002620283281430602,-0.008117729797959328,-0.03071401454508305
1777498821889494016,0.00262006651610136,-0.008116769604384899,-0.0307178795337677
1777498821899322112,0.00261635659262538,-0.00812212098389864,-0.03071290999650955
1777498821909131264,0.002619602950289845,-0.00811484083533287,-0.03071102499961853
1777498821918921728,0.002620954532176256,-0.008119986392557621,-0.03070967271924019
1777498821928925440,0.002624685177579522,-0.008118094876408577,-0.03070664778351784
1777498821939141888,0.002621765714138746,-0.008119050413370132,-0.03070821613073349
1777498821949338368,0.002626403234899044,-0.008121813647449017,-0.03070870041847229
1777498821959515136,0.002629430731758475,-0.008120997808873653,-0.03071274608373642
1777498821969672448,0.002629283117130399,-0.008124244399368763,-0.03071393258869648
1777498821979810048,0.002628040499985218,-0.008124055340886116,-0.03071536682546139
1777498821989928192,0.00263511179946363,-0.008127560839056969,-0.03071234002709389
1777498822000026880,0.002640774240717292,-0.008131625130772591,-0.03071289137005806
1777498822010105856,0.0026336710434407,-0.008135904558002949,-0.03071646206080914
1777498822020165120,0.002631651470437646,-0.008137344382703304,-0.03071567602455616
1777498822030205184,0.00262864725664258,-0.008136066608130932,-0.03071217983961105
1777498822040225792,0.002631272189319134,-0.008141267113387585,-0.03071447461843491
1777498822050227200,0.002635262906551361,-0.008141723461449146,-0.03071338124573231
1777498822060209152,0.002634694101288915,-0.008142421953380108,-0.03071338310837746
1777498822070171648,0.002635393757373095,-0.008145071566104889,-0.03071394376456738
1777498822080114688,0.002637678291648626,-0.008140892721712589,-0.03071986883878708
1777498822090038528,0.002640548860654235,-0.00814177468419075,-0.03072148747742176
1777498822099948288,0.002638034522533417,-0.008141001686453819,-0.03072135895490646
1777498822109839104,0.002640564693138003,-0.008139642886817455,-0.03072529658675194
1777498822119710720,0.002640007995069027,-0.008134561590850353,-0.03072131052613258
1777498822129562880,0.002633525291457772,-0.008134366013109684,-0.03071810863912106
1777498822139396096,0.002640689257532358,-0.008134203962981701,-0.03072058223187923
1777498822149209856,0.002642036415636539,-0.008136255666613579,-0.03072355315089226
1777498822159004416,0.002642429666593671,-0.008143634535372257,-0.03071965835988522
1777498822169010688,0.002639909274876118,-0.008146321401000023,-0.03071946650743484
1777498822179228160,0.002646561246365309,-0.008144746534526348,-0.03071990236639977
1777498822189425664,0.002649300498887897,-0.008142599835991859,-0.03072059713304043
1777498822199603712,0.002655833959579468,-0.008137104101479053,-0.0307195857167244
1777498822209762304,0.002652457682415843,-0.008141159079968929,-0.03072036802768707
1777498822219901184,0.002650747541338205,-0.008141472935676575,-0.03071382455527782
1777498822230020096,0.002647175919264555,-0.008135066367685795,-0.03071390092372894
1777498822240119296,0.002653257688507438,-0.008133892901241779,-0.03071620501577854
1777498822250199040,0.002656784141436219,-0.008135521784424782,-0.0307153481990099
1777498822260259328,0.002657402772456408,-0.008129315450787544,-0.03071555308997631
1777498822270299904,0.002658200915902853,-0.008125539869070053,-0.03071204945445061
1777498822280321280,0.002655840711668134,-0.008127073757350445,-0.03070993907749653
1777498822290323200,0.002663152990862727,-0.008122110739350319,-0.03071345575153828
1777498822300305408,0.00266901939176023,-0.008122696541249752,-0.03071450442075729
1777498822310267904,0.002671258756890893,-0.008123482577502728,-0.03071455843746662
1777498822320211200,0.002674231771379709,-0.008124454878270626,-0.03071460500359535
1777498822330137088,0.002675860421732068,-0.008126922883093357,-0.03071283176541328
1777498822340045824,0.002676301402971148,-0.008120317012071609,-0.03071288391947746
1777498822349935616,0.002677198732271791,-0.008124123327434063,-0.03071604482829571
1777498822359806208,0.002672835718840361,-0.008122971281409264,-0.03071213141083717
1777498822369657856,0.002673720475286245,-0.008124533109366894,-0.03070855140686035
1777498822379491072,0.002670462941750884,-0.008131067268550396,-0.03070701844990253
1777498822389304832,0.002674751915037632,-0.008129015564918518,-0.03070180863142014
1777498822399099136,0.002668629633262753,-0.008134909905493259,-0.03070157207548618
1777498822408874752,0.002669072011485696,-0.008134488016366959,-0.03070072084665298
1777498822419093504,0.002670264337211847,-0.008135268464684486,-0.03070066124200821
1777498822429292544,0.002668090863153338,-0.008133006282150745,-0.03069907985627651
1777498822439472128,0.00266753719188273,-0.00812955480068922,-0.03069696947932243
1777498822449632000,0.002666762331500649,-0.008124246262013912,-0.03069249913096428
1777498822459772416,0.002666075481101871,-0.008126598782837391,-0.03069273754954338
1777498822469893120,0.002664538566023111,-0.00812347698956728,-0.03068872913718224
1777498822479994368,0.002665856154635549,-0.008118997327983379,-0.0306855496019125
1777498822490076928,0.002660709666088223,-0.008119478821754456,-0.03068619221448898
1777498822500141056,0.002663106890395284,-0.008120786398649216,-0.03068005479872227
1777498822510185472,0.002662137150764465,-0.008122322149574757,-0.03067637234926224
1777498822520210176,0.002661923412233591,-0.008128957822918892,-0.0306787583976984
1777498822530215424,0.002662864280864596,-0.008121717721223831,-0.03068184107542038
1777498822540201472,0.002663581166416407,-0.008118165656924248,-0.03068764321506023
1777498822550167808,0.002666091546416283,-0.008108843117952347,-0.03068348951637745
1777498822560114688,0.002661310834810138,-0.00810849666595459,-0.0306808166205883
1777498822570042880,0.002656298223882914,-0.008103964850306511,-0.03068197891116142
1777498822579951872,0.002652409020811319,-0.008100219070911407,-0.0306782778352499
1777498822589841408,0.002648918190971017,-0.008099754340946674,-0.03067852556705475
1777498822599711488,0.002645439235493541,-0.008098926395177841,-0.03067992627620697
1777498822609562112,0.002648550551384687,-0.008097376674413681,-0.03066964261233807
1777498822619393792,0.002646142151206732,-0.00809768121689558,-0.03066806308925152
1777498822629206016,0.00264693284407258,-0.008096723817288876,-0.03067448548972607
1777498822638999296,0.00264695892110467,-0.008098145015537739,-0.03067116998136044
1777498822648773888,0.002644259016960859,-0.008103878237307072,-0.03066990897059441
1777498822658993664,0.002640695311129093,-0.008107103407382965,-0.03068033047020435
1777498822669193472,0.002644869964569807,-0.008109522983431816,-0.03067437559366226
1777498822679373568,0.00264688883908093,-0.008105766028165817,-0.03067666292190552
1777498822689534720,0.002645241562277079,-0.008107274770736694,-0.03067812137305737
1777498822699676160,0.002644132124260068,-0.008108643814921379,-0.03067931905388832
1777498822709798144,0.002635854529216886,-0.00811053067445755,-0.03067826107144356
1777498822719900416,0.002643748885020614,-0.008106260560452938,-0.03067958354949951
1777498822729983232,0.002637109952047467,-0.008109594695270061,-0.03068371303379536
1777498822740046336,0.002640468766912818,-0.008116034790873528,-0.03069038689136505
1777498822750089984,0.00264115515165031,-0.008116314187645912,-0.03069216571748257
1777498822760113920,0.002650161506608129,-0.008111710660159588,-0.03069279901683331
1777498822770118912,0.002651965478435159,-0.008116522803902626,-0.03069270588457584
1777498822780104448,0.002664608880877495,-0.008111790753901005,-0.03069109655916691
1777498822790070528,0.00266870460473001,-0.008105356246232986,-0.03068959340453148
1777498822800016896,0.002667736960574985,-0.008103602565824986,-0.03068741597235203
1777498822809945600,0.002669710200279951,-0.008103245869278908,-0.03068891167640686
1777498822819857152,0.002672943519428372,-0.008100260049104691,-0.03068437613546848
1777498822829749248,0.002668596571311355,-0.008096683770418167,-0.03067965060472488
1777498822839622144,0.002668482949957252,-0.008097399957478046,-0.0306822806596756
1777498822849476096,0.002671175869181752,-0.008098629303276539,-0.03068440593779087
1777498822859310592,0.002660351805388927,-0.008100681006908417,-0.03068490885198116
1777498822869125888,0.00266022770665586,-0.008100594393908978,-0.03068666718900204
1777498822878922240,0.002662575570866466,-0.008102110587060452,-0.03068811446428299
1777498822888699648,0.002669114619493484,-0.008096629753708839,-0.03068714402616024
1777498822898925824,0.002670879242941737,-0.008097443729639053,-0.03068496659398079
1777498822909133056,0.002666682936251163,-0.008097636513411999,-0.03068671748042107
1777498822919320832,0.002667812164872885,-0.008095224387943745,-0.03068341873586178
1777498822929488640,0.002667607506737113,-0.008086396381258965,-0.03068247623741627
1777498822939636480,0.00267535075545311,-0.008079524151980877,-0.03068568184971809
1777498822949764864,0.002676490228623152,-0.008085616864264011,-0.03068778291344643
1777498822959873536,0.002673542127013206,-0.008082657121121883,-0.03069199062883854
1777498822969962496,0.002678397111594677,-0.008081424981355667,-0.03068879805505276
1777498822980031488,0.002676664385944605,-0.008087372407317162,-0.03069142811000347
1777498822990081024,0.002676207106560469,-0.008085291832685471,-0.03068888001143932
1777498823000112640,0.002679891884326935,-0.008083697408437729,-0.03069606050848961
1777498823010126592,0.002681807149201632,-0.00808603223413229,-0.03070011734962463
1777498823020121088,0.002683136146515608,-0.008091123774647713,-0.03070027939975262
1777498823030096128,0.002681509591639042,-0.008089287206530571,-0.03069801442325115
1777498823040051968,0.002677008975297213,-0.008086537942290306,-0.03069913387298584
1777498823049988608,0.002678318880498409,-0.008079048246145248,-0.03069981932640076
1777498823059905792,0.002677373820915818,-0.008080814033746719,-0.03070183098316193
1777498823069803776,0.002673813840374351,-0.008086270652711391,-0.03070386312901974
1777498823079682816,0.002666664076969028,-0.008091900497674942,-0.03070809505879879
1777498823089542656,0.002663242630660534,-0.008096824400126934,-0.0307096540927887
1777498823099384064,0.002662291517481208,-0.008100466802716255,-0.03070800006389618
1777498823109206016,0.002660552272573113,-0.008097998797893524,-0.03070509806275368
1777498823119009280,0.002616494195535779,-0.008103969506919384,-0.03071246668696404
1777498823128793600,0.002540616551414132,-0.008085757493972778,-0.03075296059250832
1777498823139028992,0.002552487421780825,-0.00810560118407011,-0.03081665933132172
1777498823149244416,0.002653317060321569,-0.008047251030802727,-0.03089894540607929
1777498823159440384,0.002655244432389736,-0.008053628727793694,-0.03096661157906055
1777498823169616640,0.00276958174072206,-0.007998157292604446,-0.03100120835006237
1777498823179773184,0.002783163916319609,-0.007923229597508907,-0.03097319975495338
1777498823189910016,0.002520699752494693,-0.007871729321777821,-0.03093776293098927
1777498823200027392,0.002081780694425106,-0.007709421217441559,-0.03099067695438862
1777498823210126848,0.001174852717667818,-0.007341927848756313,-0.03111535869538784
1777498823220206592,4.387909939396195e-06,-0.006991417612880468,-0.03133078664541245
1777498823230266880,6.102514453232288e-05,-0.006496114190667868,-0.03167401626706123
1777498823240307456,-0.0003566860686987638,-0.006571026518940926,-0.032022375613451
1777498823250328320,-0.0006073134718462825,-0.005997373722493649,-0.03251062333583832
1777498823260329728,-0.001512688351795077,-0.005916274152696133,-0.03313932195305824
1777498823270311680,-0.001736413221806288,-0.004996077157557011,-0.0339404009282589
1777498823280274176,-0.002235772088170052,-0.004477090202271938,-0.03491736575961113
1777498823290217472,-0.003215588862076402,-0.004041516687721014,-0.03602828830480576
1777498823300141312,-0.003127853153273463,-0.003578488482162356,-0.03739400580525398
1777498823310046208,-0.002740152413025498,-0.002514356048777699,-0.03900102898478508
1777498823319931904,-0.002103228820487857,-0.001958504552021623,-0.04075270518660545
1777498823329798144,-0.0008942089625634253,-0.00129974284209311,-0.04269169643521309
1777498823339644928,0.001302440301515162,-0.0008966454770416021,-0.04478540644049644
1777498823349472768,0.00156495114788413,-0.0005290121189318597,-0.04701146855950356
1777498823359281152,0.0024278424680233,0.0001552973699290305,-0.04925449192523956
1777498823369071360,0.003536695148795843,0.0009207941475324333,-0.05147554725408554
1777498823379074816,0.003977079875767231,0.001377361477352679,-0.05356926098465919
1777498823389290752,0.004025759641081095,0.0009902197634801269,-0.05549195036292076
1777498823399486720,0.004164916928857565,0.0007784949848428369,-0.05724458023905754
1777498823409663488,0.004215025808662176,0.0006454953108914196,-0.0589115284383297
1777498823419821056,0.003856355790048838,0.0004156208306085318,-0.06049105152487755
1777498823429958912,0.003618724411353469,-0.0001254571980098262,-0.06195208057761192
1777498823440077056,0.003820658195763826,-0.0006518058362416923,-0.06328655779361725
1777498823450176000,0.004027966409921646,-0.001464227214455605,-0.0645146518945694
1777498823460255488,0.003745236899703741,-0.001947175711393356,-0.06570186465978622
1777498823470315264,0.004107163287699223,-0.00213160552084446,-0.06689323484897614
1777498823480356096,0.00449397461488843,-0.00220847106538713,-0.06797346472740173
1777498823490377728,0.00456769485026598,-0.002299789804965258,-0.06892072409391403
1777498823500380160,0.004747651051729918,-0.00222617550753057,-0.06975264847278595
1777498823510366464,0.005064828786998987,-0.001742230146192014,-0.07047524303197861
1777498823520333312,0.004992988891899586,-0.001176172634586692,-0.07107438147068024
1777498823530280960,0.004413036163896322,-0.0003651340666692704,-0.07152210175991058
1777498823540209152,0.004103857092559338,0.0005277037853375077,-0.07185053080320358
1777498823550118912,0.004561193753033876,0.001728748087771237,-0.07199189066886902
1777498823560009728,0.004455644637346268,0.002456286689266562,-0.07195878028869629
1777498823569881344,0.003926453646272421,0.003603382036089897,-0.07187610864639282
1777498823579733760,0.003930161241441965,0.005192757118493319,-0.07180146872997284
1777498823589567488,0.004007295705378056,0.007170168682932854,-0.07169209420681
1777498823599382272,0.003573447465896606,0.008851164020597935,-0.07143926620483398
1777498823609177344,0.003286241320893168,0.01046264450997114,-0.07107023149728775
1777498823619183872,0.003369150450453162,0.01239763107150793,-0.07064573466777802
1777498823629400832,0.003696064930409193,0.01456432323902845,-0.07015512138605118
1777498823639598336,0.004029782023280859,0.01653546467423439,-0.06955644488334656
1777498823649776128,0.003981551621109247,0.01847633719444275,-0.06881702691316605
1777498823659934720,0.003884321078658104,0.02052099443972111,-0.06799820810556412
1777498823670073344,0.003731552744284272,0.0227660033851862,-0.06714460253715515
1777498823680192256,0.003356127301231027,0.02486565709114075,-0.06616570055484772
1777498823690291712,0.00271894596517086,0.02679815329611301,-0.0650494247674942
1777498823700371456,0.002030303934589028,0.02871185354888439,-0.06388574093580246
1777498823710432768,0.001466574962250888,0.03074612654745579,-0.06273405998945236
1777498823720476416,0.001133595942519605,0.03285505995154381,-0.06156201660633087
1777498823730500096,0.0009396399836987257,0.0348062589764595,-0.06035773456096649
1777498823740504320,0.0006351632764562964,0.03663818165659904,-0.059138473123312
1777498823750489600,0.0006258279317989945,0.03849660232663155,-0.05801043286919594
1777498823760455168,0.0007486215326935053,0.04046913981437683,-0.05697578936815262
1777498823770401024,0.0009671076550148427,0.04217250272631645,-0.05599234253168106
1777498823780327424,0.001180729130282998,0.043438870459795,-0.05501772835850716
1777498823790235136,0.001518240431323647,0.04471569880843163,-0.0540667399764061
1777498823800123648,0.001857160707004368,0.04595280811190605,-0.05319928005337715
1777498823809992192,0.002187127945944667,0.04729286953806877,-0.05231285840272903
1777498823819841792,0.002546782605350018,0.04851433262228966,-0.0513848215341568
1777498823829672192,0.00280178408138454,0.04961080476641655,-0.05044110119342804
1777498823839483392,0.002991481218487024,0.05037616193294525,-0.0494118444621563
1777498823849275136,0.0031723587308079,0.05115867033600807,-0.04826981574296951
1777498823859047936,0.003133650403469801,0.05177301540970802,-0.04707567766308784
1777498823869265920,0.002987635089084506,0.05219419300556183,-0.04581311345100403
1777498823879463936,0.003023959696292877,0.0525694228708744,-0.04453686624765396
1777498823889641984,0.003013198729604483,0.0526990108191967,-0.04318303242325783
1777498823899801088,0.002877575578168035,0.05275174602866173,-0.04181291908025742
1777498823909940992,0.002838413929566741,0.05280648544430733,-0.04046045616269112
1777498823920060928,0.002645410131663084,0.05272560939192772,-0.03909799084067345
1777498823930161408,0.002346648136153817,0.05255398526787758,-0.03784575685858727
1777498823940242176,0.002143694786354899,0.05239179357886314,-0.03667606040835381
1777498823950303488,0.002084482228383422,0.05207839608192444,-0.03558484464883804
1777498823960345344,0.002054348587989807,0.05171427130699158,-0.03453539684414864
1777498823970367488,0.002176547888666391,0.05148663744330406,-0.03355309367179871
1777498823980370688,0.002245427807793021,0.05133827403187752,-0.03268278390169144
1777498823990354944,0.002578830812126398,0.05137497559189796,-0.03185838088393211
1777498824000320256,0.002723395358771086,0.05144433677196503,-0.03110773675143719
1777498824010265856,0.002908709226176143,0.05164400488138199,-0.03041307628154755
1777498824020192000,0.003144075395539403,0.05191129446029663,-0.0297228991985321
1777498824030098944,0.0032989711035043,0.05246306210756302,-0.0290839746594429
1777498824039986432,0.003576592542231083,0.05319200828671455,-0.02845330908894539
1777498824049854464,0.003812588285654783,0.05403496325016022,-0.02780590392649174
1777498824059706624,0.004105342552065849,0.05502137914299965,-0.02710304968059063
1777498824069542400,0.004310321062803268,0.05609870329499245,-0.02638325653970242
1777498824079359488,0.004569489508867264,0.05720565095543861,-0.0255732387304306
1777498824089157120,0.004382315557450056,0.05832415819168091,-0.02474104054272175
1777498824098935808,0.004255791194736958,0.05945146828889847,-0.0238670539110899
1777498824109155584,0.003914993721991777,0.06063251942396164,-0.02295190095901489
1777498824119355392,0.003683391492813826,0.06176942959427834,-0.02201853506267071
1777498824129535232,0.003540217177942395,0.06287451088428497,-0.02106457017362118
1777498824139696128,0.003578824922442436,0.06364939361810684,-0.02007592841982841
1777498824149837824,0.00349280028603971,0.06428985297679901,-0.01905538700520992
1777498824159959552,0.003175853751599789,0.06485027074813843,-0.0180039294064045
1777498824170061824,0.002811203943565488,0.0656379833817482,-0.016955291852355
1777498824180144128,0.002475628396496177,0.06619254499673843,-0.01591293513774872
1777498824190207232,0.002220963127911091,0.06659012287855148,-0.01485271006822586
1777498824200250880,0.002059517661109567,0.06662235409021378,-0.01385720353573561
1777498824210274816,0.001946598989889026,0.0668666809797287,-0.01292075589299202
1777498824220279552,0.001982733607292175,0.0671568438410759,-0.01205091830343008
1777498824230264576,0.002074657008051872,0.06750660389661789,-0.0112822474911809
1777498824240230400,0.002160038566216826,0.067517951130867,-0.01055249478667974
1777498824250176768,0.002123274374753237,0.06740368902683258,-0.009839779697358608
1777498824260103424,0.002262338530272245,0.06724244356155396,-0.009192291647195816
1777498824270010880,0.002281703287735581,0.06714808940887451,-0.00859483890235424
1777498824279898624,0.002295131795108318,0.06691484153270721,-0.008025743067264557
1777498824289767168,0.002175089670345187,0.06671075522899628,-0.007457864936441183
1777498824299617024,0.00200276798568666,0.06641750037670135,-0.006907204631716013
1777498824309454080,0.002398384036496282,0.06622439622879028,-0.006437540054321289
1777498824319271936,0.002219601301476359,0.0657009482383728,-0.005931040737777948
1777498824329070592,0.001920365844853222,0.06504825502634048,-0.005484433844685555
1777498824338850560,0.001378687331452966,0.06434213370084763,-0.005040786229074001
1777498824349076736,0.0002944664156530052,0.06409123539924622,-0.004452315159142017
1777498824359282944,-0.0003807786270044744,0.06385020911693573,-0.003649385878816247
1777498824369469440,-0.0008510994957759976,0.06320279836654663,-0.002760147908702493
1777498824379637504,-0.001775647280737758,0.0619441345334053,-0.00184554560109973
1777498824389786112,-0.002517274115234613,0.06095683574676514,-0.0009802394779399037
1777498824399915008,-0.00250382162630558,0.06082695722579956,-0.0002909649047069252
1777498824410024192,-0.002283692825585604,0.06053782626986504,0.0002473490894772112
1777498824420113664,-0.002481311792507768,0.05979057401418686,0.0007541250088252127
1777498824430183424,-0.0025991874281317,0.05894512683153152,0.001140309614129364
1777498824440233472,-0.00205331644974649,0.05865703150629997,0.001386021380312741
1777498824450264064,-0.001625796314328909,0.05853961780667305,0.001423583133146167
1777498824460275968,-0.001154423574917018,0.05841660499572754,0.001404392649419606
1777498824470268416,-0.0008811238803900778,0.05775937438011169,0.001347712008282542
1777498824480241152,-0.0007109229336492717,0.05747083202004433,0.001250093686394393
1777498824490194688,-0.0007252002833411098,0.05719598382711411,0.001048119040206075
1777498824500132352,-0.0007448691176250577,0.05738977715373039,0.0008539499249309301
1777498824510050816,-0.001106186304241419,0.05701606348156929,0.0007528309361077845
1777498824519950336,-0.00156986468937248,0.0566350594162941,0.0007698914851062
1777498824529830400,-0.001733480952680111,0.05624227225780487,0.0007795036071911454
1777498824539691776,-0.001551724621094763,0.05619284138083458,0.0007783006876707077
1777498824549533696,-0.001485128770582378,0.05583646893501282,0.0007581402896903455
1777498824559356416,-0.001329494523815811,0.05563491582870483,0.0008220625459216535
1777498824569159680,-0.001418867148458958,0.05523867532610893,0.0008642735774628818
1777498824578944512,-0.00140261254273355,0.05513317883014679,0.0009530876413919032
1777498824588940288,-0.001513966242782772,0.05485174804925919,0.001102310139685869
1777498824599146752,-0.00185429910197854,0.05471128970384598,0.001367171527817845
1777498824609333248,-0.002220385475084186,0.05442440509796143,0.001638166839256883
1777498824619499520,-0.002511783502995968,0.05455422773957253,0.001963019138202071
1777498824629646592,-0.002820095513015985,0.05434875190258026,0.002246079966425896
1777498824639774720,-0.003139223670586944,0.0545022189617157,0.002567788353189826
1777498824649883904,-0.003398766741156578,0.0543760359287262,0.002813397208228707
1777498824659973376,-0.003191409166902304,0.05455276370048523,0.003013312118127942
1777498824670043136,-0.002843915252014995,0.05442124605178833,0.003154324134811759
1777498824680093440,-0.002518835943192244,0.05451571196317673,0.0032929009757936
1777498824690124544,-0.002222930081188679,0.05459749698638916,0.003361072391271591
1777498824700136192,-0.001823298167437315,0.05518299713730812,0.003357164096087217
1777498824710128384,-0.001565807033330202,0.05567508190870285,0.003249357221648097
1777498824720101632,-0.001383161405101418,0.05628151446580887,0.003123016795143485
1777498824730055168,-0.001469602924771607,0.05675696581602097,0.002986617153510451
1777498824739989248,-0.001685959403403103,0.05758393183350563,0.002859831787645817
1777498824749903872,-0.001805997802875936,0.05848729610443115,0.002706356346607208
1777498824759799040,-0.001959845423698425,0.05935002863407135,0.002587386639788747
1777498824769674752,-0.002314936835318804,0.05998968333005905,0.002490836661309004
1777498824779531520,-0.002648230874910951,0.06078266352415085,0.002393056405708194
1777498824789368576,-0.002792282961308956,0.06159286201000214,0.002243703929707408
1777498824799187712,-0.003047125646844506,0.0624389722943306,0.002080014906823635
1777498824808987648,-0.003091375343501568,0.06296806037425995,0.001919587957672775
1777498824818768128,-0.003171456744894385,0.06323546171188354,0.001735492027364671
1777498824828767232,-0.003214675467461348,0.06351323425769806,0.001567778177559376
1777498824838983424,-0.003371036145836115,0.06386420130729675,0.001389357261359692
1777498824849179904,-0.003207721514627337,0.06437556445598602,0.001244698069058359
1777498824859356416,-0.003116733860224485,0.06435213983058929,0.001133817248046398
1777498824869513728,-0.003122244728729129,0.06419789791107178,0.001088584191165864
1777498824879651072,-0.003361712675541639,0.06388145685195923,0.0009764097048901021
1777498824889769728,-0.003311077831313014,0.06418368220329285,0.000787639815825969
1777498824899869440,-0.003155522281304002,0.06395066529512405,0.000505850010085851
1777498824909949696,-0.003122762078419328,0.06382359564304352,0.0002416450151940808
1777498824920010240,-0.003193248063325882,0.06296590715646744,-3.647150515462272e-05
1777498824930051328,-0.003034841967746615,0.06279223412275314,-0.000389953434932977
1777498824940072960,-0.002838568994775414,0.06224709749221802,-0.0008405594853684306
1777498824950075392,-0.002563094487413764,0.06181124225258827,-0.001326940255239606
1777498824960058112,-0.00223835650831461,0.06101517006754875,-0.001757970312610269
1777498824970021632,-0.002312577795237303,0.06021856889128685,-0.002197104506194592
1777498824979965952,-0.001800680416636169,0.05952083319425583,-0.002649497240781784
1777498824989890816,-0.001404243521392345,0.05887372419238091,-0.00296991178765893
1777498824999796480,-0.001592661719769239,0.05806909501552582,-0.003213163698092103
1777498825009682688,-0.001661100308410823,0.05734864622354507,-0.003388094250112772
1777498825019549440,-0.001795593067072332,0.0568644106388092,-0.003560176817700267
1777498825029396992,-0.001928234123624861,0.0560910664498806,-0.003668711986392736
1777498825039225088,-0.002491120947524905,0.05538700148463249,-0.003716892097145319
1777498825049035008,-0.003038908122107387,0.05478553101420403,-0.003732657060027122
1777498825058826496,-0.003319925628602505,0.05458732694387436,-0.003796902718022466
1777498825068830720,-0.00329834409058094,0.05430607125163078,-0.003921263851225376
1777498825079047680,-0.003485131775960326,0.05385550484061241,-0.004056518897414207
1777498825089245184,-0.003686526091769338,0.05350323021411896,-0.004227496683597565
1777498825099423488,-0.003519334830343723,0.0536440797150135,-0.004524592775851488
1777498825109582336,-0.003200399922206998,0.05388513207435608,-0.004820914939045906
1777498825119721216,-0.002994266571477056,0.05398599803447723,-0.005124095361679792
1777498825129840384,-0.0027314443141222,0.05397334322333336,-0.005323131568729877
1777498825139939840,-0.00238950178027153,0.05410772189497948,-0.005507483612746
1777498825150020096,-0.002318349434062839,0.05442488566040993,-0.005675679538398981
1777498825160080384,-0.00231619318947196,0.05464320257306099,-0.005727578420192003
1777498825170120704,-0.00258174748159945,0.05487122759222984,-0.00564730167388916
1777498825180141824,-0.002963516628369689,0.05495738983154297,-0.005490903742611408
1777498825190143744,-0.003389233723282814,0.05525962263345718,-0.005337707698345184
1777498825200125952,-0.003699094522744417,0.05538683012127876,-0.00520953768864274
1777498825210088448,-0.004139177966862917,0.05558540672063828,-0.005055436864495277
1777498825220032000,-0.004511226434260607,0.05548181757330894,-0.004910518880933523
1777498825229956096,-0.004831048659980297,0.05549688637256622,-0.004837703891098499
1777498825239864320,-0.004805244971066713,0.05542647466063499,-0.004860337357968092
1777498825249756416,-0.00482393940910697,0.05540763959288597,-0.005010874941945076
1777498825259629312,-0.004712356254458427,0.0553446039557457,-0.005171111784875393
1777498825269483264,-0.00443408265709877,0.05520216003060341,-0.0053957374766469
1777498825279318016,-0.003794220276176929,0.05482685193419456,-0.005658294074237347
1777498825289133824,-0.003528607077896595,0.05414897575974464,-0.005980883724987507
1777498825298930688,-0.003531275317072868,0.05349250137805939,-0.006391335744410753
1777498825308708352,-0.004081339575350285,0.05305818468332291,-0.006948491092771292
1777498825318927360,-0.00534739950671792,0.05230996385216713,-0.007344072684645653
1777498825329126400,-0.006656653713434935,0.0512818954885006,-0.00732543645426631
1777498825339306240,-0.008282939903438091,0.05032649636268616,-0.006997710093855858
1777498825349467136,-0.01061418559402227,0.04832238703966141,-0.006571142934262753
1777498825359608320,-0.01158772595226765,0.04772228375077248,-0.00602619256824255
1777498825369729792,-0.01203848514705896,0.04716083779931068,-0.005568156484514475
1777498825379831552,-0.01229061558842659,0.04628455266356468,-0.005173792596906424
1777498825389914112,-0.01365668978542089,0.04465581104159355,-0.004757151007652283
1777498825399976960,-0.01444047596305609,0.04313549026846886,-0.004419140983372927
1777498825410020352,-0.01479002926498652,0.04229049757122993,-0.004380803089588881
1777498825420044288,-0.01475040521472692,0.0412713997066021,-0.00448876153677702
1777498825430049024,-0.01468013878911734,0.04017204791307449,-0.004828196950256824
1777498825440034304,-0.0141877755522728,0.03906625881791115,-0.00534533616155386
1777498825450002432,-0.01364705245941877,0.03827935829758644,-0.006156717427074909
1777498825459952896,-0.01261697616428137,0.03829670324921608,-0.007118426728993654
1777498825469884416,-0.01177319139242172,0.03785068541765213,-0.00813413318246603
1777498825479796480,-0.01170795876532793,0.03724499419331551,-0.009023434482514858
1777498825489689856,-0.01191304344683886,0.03655514866113663,-0.009841293096542358
1777498825499563520,-0.01219241786748171,0.0369439460337162,-0.0105769345536828
1777498825509418240,-0.0121931154280901,0.03709311038255692,-0.01121065486222506
1777498825519253760,-0.01286504231393337,0.0370490662753582,-0.01170745398849249
1777498825529070592,-0.01353039871901274,0.03666505217552185,-0.01207321137189865
1777498825538868480,-0.01434306148439646,0.0369734913110733,-0.0124331209808588
1777498825548647424,-0.01503547560423613,0.03742619231343269,-0.01283596642315388
1777498825558866944,-0.01537699531763792,0.03782881051301956,-0.01326387654989958
1777498825569066496,-0.01595575548708439,0.03785533830523491,-0.01366439182311296
1777498825579246336,-0.01633162423968315,0.03777063637971878,-0.01417925022542477
1777498825589406464,-0.01631927862763405,0.03820322826504707,-0.01484193746000528
1777498825599547904,-0.01627532765269279,0.03859146684408188,-0.01558366976678371
1777498825609670144,-0.01626345701515675,0.03926138579845428,-0.01634203642606735
1777498825619773184,-0.01610588282346725,0.03933511301875114,-0.01700894720852375
1777498825629857280,-0.01600022055208683,0.03953621909022331,-0.01760702580213547
1777498825639921920,-0.01584199070930481,0.03968343511223793,-0.01815532892942429
1777498825649967104,-0.01559504121541977,0.04003169015049934,-0.01868997514247894
1777498825659992576,-0.01551596540957689,0.04006140679121017,-0.01917896419763565
1777498825669998592,-0.01560848485678434,0.03991339728236198,-0.01959546841681004
1777498825679985664,-0.01588338799774647,0.03983083367347717,-0.01996256224811077
1777498825689953536,-0.01633918099105358,0.03989207372069359,-0.02028615213930607
1777498825699901952,-0.01708057336509228,0.04005280882120132,-0.02049521915614605
1777498825709830912,-0.0176385473459959,0.04019027948379517,-0.02061727084219456
1777498825719740416,-0.01832881756126881,0.04010911658406258,-0.02069899439811707
1777498825729630720,-0.01894310675561428,0.04012202471494675,-0.02074537426233292
1777498825739502080,-0.01947874575853348,0.04040968045592308,-0.02084129303693771
1777498825749354240,-0.01965542696416378,0.04080935940146446,-0.02105476520955563
1777498825759192064,-0.01974855363368988,0.04114297404885292,-0.0213081818073988
1777498825769013760,-0.01994102075695992,0.04133650287985802,-0.02156564965844154
1777498825778816256,-0.01983441971242428,0.04161839932203293,-0.02184790745377541
1777498825788599808,-0.02011355385184288,0.04193749651312828,-0.02213933505117893
1777498825798825728,-0.01997937262058258,0.04257376119494438,-0.02234919182956219
1777498825809031424,-0.01932831108570099,0.04346278309822083,-0.02258925884962082
1777498825819217152,-0.01692800037562847,0.04389437288045883,-0.02293331548571587
1777498825829382912,-0.01380004361271858,0.04342895746231079,-0.02332472614943981
1777498825839530496,-0.009386789053678513,0.04425943270325661,-0.02399647422134876
1777498825849658880,-0.003888129955157638,0.04817968234419823,-0.02551035955548286
1777498825859767296,-0.002528815995901823,0.0467357374727726,-0.02701693028211594
1777498825869856256,-0.002746218349784613,0.04670841619372368,-0.02876459993422031
1777498825879926016,-0.005071274004876614,0.04726137965917587,-0.03037973865866661
1777498825889976064,-0.005548730492591858,0.04774441197514534,-0.03180227056145668
1777498825900006656,-0.005255157127976418,0.04640503600239754,-0.03323018923401833
1777498825910017792,-0.00582593260332942,0.04405074566602707,-0.03439109772443771
1777498825920009728,-0.004885771777480841,0.04234669357538223,-0.03502454608678818
1777498825929981952,-0.003376103239133954,0.04451789706945419,-0.03539441525936127
1777498825939934720,-0.002451311331242323,0.0465671718120575,-0.03560628741979599
1777498825949868288,-0.002994823269546032,0.04302111640572548,-0.03578174114227295
1777498825959782144,-0.003512051654979587,0.04353152215480804,-0.03590061515569687
1777498825969676800,-0.003591791726648808,0.04330436512827873,-0.03586101159453392
1777498825979552000,-0.003918315283954144,0.04190094769001007,-0.03582084178924561
1777498825989408256,-0.003591642249375582,0.04018668830394745,-0.03571437299251556
1777498825999245824,-0.003071791492402554,0.03923330083489418,-0.03556980192661285
1777498826009071104,-0.001700776047073305,0.03948026150465012,-0.03536520153284073
1777498826018877440,-0.00160161848179996,0.03810072690248489,-0.03514134883880615
1777498826028664576,-0.001186140929348767,0.03765032067894936,-0.03493421897292137
1777498826038899456,-0.0008071368793025613,0.03684969246387482,-0.03460026904940605
1777498826049114368,-0.000814763770904392,0.0365334153175354,-0.03423640504479408
1777498826059309824,-0.0006482381722889841,0.03594271466135979,-0.03375734388828278
1777498826069485312,-0.0006141019985079765,0.03556828573346138,-0.03319033235311508
1777498826079641856,-0.0004587245348375291,0.03548804670572281,-0.03255752846598625
1777498826089778432,-0.0005219486774876714,0.03533018752932549,-0.03188636898994446
1777498826099895040,-0.0007626822334714234,0.03524086996912956,-0.03116231039166451
1777498826109993728,-0.001054925844073296,0.03476300463080406,-0.03034299798309803
1777498826120072704,-0.001703359419479966,0.03476785868406296,-0.02959942817687988
1777498826130131968,-0.001769800088368356,0.03481470793485641,-0.02884798869490623
1777498826140171520,-0.00188478478230536,0.03481215983629227,-0.02815263718366623
1777498826150191872,-0.001801599399186671,0.03443207591772079,-0.02742667309939861
1777498826160192768,-0.002190961502492428,0.03397573903203011,-0.02672624588012695
1777498826170173952,-0.002274767030030489,0.03384138643741608,-0.02596460282802582
1777498826180135680,-0.002709984080865979,0.03384819626808167,-0.02519308775663376
1777498826190078464,-0.002722352975979447,0.03393041342496872,-0.02428041212260723
1777498826200001536,-0.003096093656495214,0.03343042731285095,-0.02323211543262005
1777498826209905152,-0.003713218495249748,0.03312704339623451,-0.02213874273002148
1777498826219789568,-0.003718307474628091,0.03302273899316788,-0.02107011899352074
1777498826229654528,-0.004029843490570784,0.0331464484333992,-0.02013702131807804
1777498826239500544,-0.004286706913262606,0.03321249783039093,-0.01929200254380703
1777498826249327104,-0.004502352327108383,0.03287932276725769,-0.01852837949991226
1777498826259134464,-0.004377663135528564,0.03255766630172729,-0.01779081113636494
1777498826268923904,-0.004637780599296093,0.0322173498570919,-0.01710410788655281
1777498826278926592,-0.004492269363254309,0.03174245730042458,-0.01643060520291328
1777498826289142784,-0.00459403358399868,0.03088334575295448,-0.01581022888422012
1777498826299339264,-0.005073790438473225,0.02998245880007744,-0.01520668622106314
1777498826309517056,-0.005056311842054129,0.02965914644300938,-0.01469008810818195
1777498826319674880,-0.00462372088804841,0.02942073717713356,-0.01427763886749744
1777498826329812992,-0.003879352007061243,0.02875115536153316,-0.01391202863305807
1777498826339931648,-0.003416567109525204,0.02765028737485409,-0.01359419245272875
1777498826350030848,-0.002921526320278645,0.02666393481194973,-0.01334393862634897
1777498826360110592,-0.00248453114181757,0.02609450928866863,-0.01320204976946115
1777498826370170624,-0.001814021496102214,0.02545319311320782,-0.01305649057030678
1777498826380211712,-0.001736267819069326,0.02451894618570805,-0.01274891570210457
1777498826390236672,-0.00175257190130651,0.0231189988553524,-0.01232536975294352
1777498826400242176,-0.001659673056565225,0.02201051078736782,-0.01183662563562393
1777498826410228224,-0.001539394957944751,0.02098331227898598,-0.01129578799009323
1777498826420194816,-0.001746086869388819,0.01980309188365936,-0.01075524836778641
1777498826430142208,-0.002076049335300922,0.01832321844995022,-0.01011621206998825
1777498826440069888,-0.002427821978926659,0.01668135076761246,-0.009456257335841656
1777498826449978368,-0.002669679233804345,0.01524442248046398,-0.008875681087374687
1777498826459867392,-0.002574729733169079,0.01385820098221302,-0.008382475934922695
1777498826469737728,-0.002820446388795972,0.01223645731806755,-0.00797130074352026
1777498826479588864,-0.002656572265550494,0.01071070972830057,-0.007582506164908409
1777498826489420544,-0.002607249887660146,0.009201317094266415,-0.007226723246276379
1777498826499233024,-0.00255954172462225,0.007921447046101093,-0.006972497329115868
1777498826509026304,-0.002513111801818013,0.006815842352807522,-0.006864882539957762
1777498826519031552,-0.001758260536007583,0.005894824862480164,-0.006863784044981003
1777498826529248256,-0.0009518220904283226,0.004882949404418468,-0.006837993860244751
1777498826539445248,-0.0003527655208017677,0.00399525323882699,-0.006795776076614857
1777498826549622272,0.0006249608122743666,0.003671315731480718,-0.006754124071449041
1777498826559779328,0.001454860670492053,0.003408619668334723,-0.006736825685948133
1777498826569916928,0.002023878041654825,0.003266029991209507,-0.006594282574951649
1777498826580036352,0.00202252110466361,0.002787329955026507,-0.006301410496234894
1777498826590136064,0.00193460751324892,0.002701445482671261,-0.005813526920974255
1777498826600216320,0.001880868338048458,0.00274554081261158,-0.00522789778187871
1777498826610276864,0.001985817216336727,0.002833898412063718,-0.004472059197723866
1777498826620317696,0.001582842669449747,0.002702251775190234,-0.003605265868827701
1777498826630339328,0.001350542879663408,0.002652279334142804,-0.002605948597192764
1777498826640341504,0.0008251848630607128,0.002761320909485221,-0.001664398005232215
1777498826650324224,0.0006030689692124724,0.003142207628116012,-0.0007326981285586953
1777498826660287744,0.0003965214127674699,0.003348640399053693,0.0001631912891753018
1777498826670231808,7.571732567157596e-05,0.00348610314540565,0.001099187415093184
1777498826680156416,-0.0001432642311556265,0.00362551212310791,0.002038614125922322
1777498826690061824,-0.0002251467085443437,0.004229262471199036,0.00296981493011117
1777498826699947776,-0.0003030329826287925,0.004735424648970366,0.003937287721782923
1777498826709814784,-0.0005926532321609557,0.005209492053836584,0.00494014285504818
1777498826719662336,-0.001073384541086853,0.005344624631106853,0.005960641428828239
1777498826729491456,-0.00128434703219682,0.005646117962896824,0.006940672639757395
1777498826739301888,-0.001157961087301373,0.006124496925622225,0.007820520550012589
1777498826749093120,-0.0009644156089052558,0.00624901195988059,0.008419989608228207
1777498826759098112,-0.0004224276053719223,0.006457014475017786,0.008892876096069813
1777498826769316096,0.0003979070752393454,0.006508487742394209,0.00932359229773283
1777498826779514112,0.001013963832519948,0.006873899605125189,0.00973966158926487
1777498826789692672,0.00124892988242209,0.006916927173733711,0.01027156412601471
1777498826799851776,0.001168459421023726,0.007091093808412552,0.0108814612030983
1777498826809991424,0.001123968046158552,0.007139562629163265,0.01163987908512354
1777498826820111104,0.000536095816642046,0.006842705421149731,0.01241535134613514
1777498826830211328,-9.855302050709724e-05,0.00677969679236412,0.0131906671449542
1777498826840292096,-0.0005650454550050199,0.006857016589492559,0.01392078399658203
1777498826850353152,-0.0009638817282393575,0.006945335306227207,0.01452513225376606
1777498826860394752,-0.0008015696657821536,0.00705472007393837,0.01510718557983637
1777498826870416640,-0.0007245873566716909,0.006806202232837677,0.0155807314440608
1777498826880419072,-0.0005335144815035164,0.006533374544233084,0.01605192199349403
1777498826890402048,-5.236201468505897e-05,0.006290380842983723,0.01639076508581638
1777498826900365568,0.0008292117272503674,0.006192256696522236,0.016688147559762
1777498826910309888,0.001401663292199373,0.005606887396425009,0.0170558150857687
1777498826920238336,0.001894209068268538,0.004892470315098763,0.01750678196549416
1777498826930147328,0.002434087218716741,0.00432581128552556,0.01812365837395191
1777498826940037120,0.002789814257994294,0.003663740819320083,0.01879477500915527
1777498826949907712,0.002595882164314389,0.002988826017826796,0.01958498172461987
1777498826959758848,0.002124435734003782,0.002116414718329906,0.02055217139422894
1777498826969591040,0.001602028612978756,0.001329517108388245,0.02156303822994232
1777498826979403776,0.001248409622348845,0.0007462002104148269,0.0226907841861248
1777498826989198592,0.0004752967797685415,0.0001376406144117936,0.02381172403693199
1777498826998974976,0.0002789672871585935,-0.0004270903009455651,0.02493028901517391
1777498827009194240,-0.0001253053924301639,-0.0008605415932834148,0.02603044547140598
1777498827019393792,5.225906534178648e-06,-0.001326891826465726,0.0270476620644331
1777498827029573376,0.0007167657022364438,-0.001198800397105515,0.02793468907475471
1777498827039732992,0.001761406660079956,-0.001204391242936254,0.02870124205946922
1777498827049874176,0.002179470378905535,-0.0008834866457618773,0.02957626990973949
1777498827059996160,0.003191952593624592,-0.00104399723932147,0.03042394109070301
1777498827070098432,0.004070101771503687,1.73582520801574e-06,0.0314616896212101
1777498827080181248,0.004100822377949953,0.0002728761173784733,0.03273356705904007
1777498827090244608,0.003391710110008717,0.0009901492157950997,0.034441988915205
1777498827100288256,0.001563737401738763,0.001609320170246065,0.03619247302412987
1777498827110312192,0.0001901054347399622,0.002711926586925983,0.03786641731858253
1777498827120316928,-0.0001611484331078827,0.00421961722895503,0.03951767832040787
1777498827130302720,-0.001095180865377188,0.005312851164489985,0.04112035781145096
1777498827140269056,-0.001930797123350203,0.006433025002479553,0.04273495450615883
1777498827150215936,-0.0029940539970994,0.007909395731985569,0.04419395327568054
1777498827160143360,-0.003395280800759792,0.009831095114350319,0.04542343318462372
1777498827170051328,-0.002843396505340934,0.01151154842227697,0.04633132368326187
1777498827179939840,-0.002200725488364697,0.01273659337311983,0.04690119624137878
1777498827189809408,-0.002415504306554794,0.01413760986179113,0.04738328978419304
1777498827199659520,-0.001886499347165227,0.01655729301273823,0.04780708253383636
1777498827209491200,-0.0003498835721984506,0.01937367767095566,0.04815338551998138
1777498827219303936,0.0008278354653157294,0.02105061709880829,0.04855866730213165
1777498827229097472,0.001165571389719844,0.02202514186501503,0.04918664693832397
1777498827238871808,0.001803223160095513,0.02306493744254112,0.04985902830958366
1777498827249097216,0.002612653421238065,0.02461525797843933,0.05049504339694977
1777498827259302656,0.002961476566269994,0.0260882992297411,0.05105232819914818
1777498827269488384,0.003013457404449582,0.02688419073820114,0.05165073275566101
1777498827279654656,0.002504983218386769,0.02739163860678673,0.05240171775221825
1777498827289801216,0.002258724300190806,0.02798955328762531,0.05323473736643791
1777498827299928320,0.00195637159049511,0.02885277941823006,0.05408784374594688
1777498827310035456,0.001212138682603836,0.02922053635120392,0.05499576404690742
1777498827320123136,0.000592963129747659,0.02917896769940853,0.05602892115712166
1777498827330191104,-0.0003269578155595809,0.02869400382041931,0.05702511593699455
1777498827340239360,-0.0006878511630930007,0.0284014418721199,0.05796369910240173
1777498827350268160,-0.0005731323617510498,0.02805193327367306,0.05872014164924622
1777498827360277248,-0.0002823179820552468,0.02733856998383999,0.0593244656920433
1777498827370267648,0.0001322362659266219,0.02646851353347301,0.05980793014168739
1777498827380238592,0.0007604955462738872,0.025425860658288,0.06017246842384338
1777498827390190080,0.001379946945235133,0.02469627186655998,0.06044080853462219
1777498827400122112,0.001548409112729132,0.02356563322246075,0.06078778952360153
1777498827410034688,0.001357327331788838,0.0225577037781477,0.06125260889530182
1777498827419931136,0.001080615911632776,0.02131539955735207,0.06171887740492821
1777498827429811456,0.0007618871168233454,0.02041739597916603,0.06210367754101753
1777498827439672832,0.0005514324875548482,0.01919024996459484,0.06240779906511307
1777498827449515264,0.0006500311428681016,0.01859497465193272,0.06271600723266602
1777498827459338752,0.0005074059008620679,0.01712687686085701,0.06295184791088104
1777498827469143040,0.0006532488041557372,0.01659263297915459,0.06309174746274948
1777498827478928384,0.000869765121024102,0.01556601841002703,0.06315521895885468
1777498827488924416,0.001010624226182699,0.01504275947809219,0.06319417059421539
1777498827499130880,0.001047399127855897,0.01394148170948029,0.06330201029777527
1777498827509317632,0.001257060677744448,0.01348028890788555,0.06338196992874146
1777498827519484416,0.001702246372587979,0.01285761967301369,0.06337931752204895
1777498827529631744,0.001764781191013753,0.01237279828637838,0.06331677734851837
1777498827539760128,0.001755562843754888,0.01207698415964842,0.06333878636360168
1777498827549868544,0.00159690564032644,0.01173257082700729,0.06343357264995575
1777498827559957248,0.00131427648011595,0.01146671269088984,0.06359228491783142
1777498827570026240,0.0008784468518570065,0.01116393692791462,0.06381039321422577
1777498827580075776,0.0007129923906177282,0.011120087467134,0.06407324969768524
1777498827590105344,0.0008409205474890769,0.01087515149265528,0.06430835276842117
1777498827600114944,0.0009005054016597569,0.01078742276877165,0.06437728554010391
1777498827610105088,0.0008656764985062182,0.01085759792476892,0.06440716981887817
1777498827620075264,0.0009330137399956584,0.01157690584659576,0.06438784301280975
1777498827630025984,0.001197725185193121,0.01246509607881308,0.06443337351083755
1777498827639956736,0.001703636487945914,0.01292013749480247,0.0646602138876915
1777498827649869056,0.002404611324891448,0.01292733661830425,0.06471599638462067
1777498827659762432,0.002471561077982187,0.01341086067259312,0.0647120475769043
1777498827669636352,0.003164727007970214,0.01546138990670443,0.06453979015350342
1777498827679494656,0.004394737537950277,0.01751119643449783,0.06420435756444931
1777498827689333504,0.005445975810289383,0.01886485889554024,0.06421193480491638
1777498827699153664,0.005207904614508152,0.01916889101266861,0.06458991020917892
1777498827708954368,0.004367876332253218,0.01979557797312737,0.06503628939390182
1777498827718736128,0.003626721911132336,0.02167400158941746,0.0654413104057312
1777498827728735232,0.00340243149548769,0.0235995277762413,0.06586728990077972
1777498827738951168,0.002976642223075032,0.02410124987363815,0.06638073176145554
1777498827749147392,0.002005149144679308,0.02343390136957169,0.06707536429166794
1777498827759323904,0.001702476642094553,0.02443189732730389,0.06758671998977661
1777498827769480960,0.001887028804048896,0.02587697096168995,0.06790163367986679
1777498827779617792,0.002427152590826154,0.02635607868432999,0.06806804984807968
1777498827789735424,0.002196060493588448,0.02712057530879974,0.06828504055738449
1777498827799833344,0.002153313253074884,0.02680192701518536,0.06854616850614548
1777498827809911296,0.00229169987142086,0.02698317170143127,0.06877430528402328
1777498827819972608,0.00275520863942802,0.0271538719534874,0.06887019425630569
1777498827830014208,0.003605526871979237,0.02765597403049469,0.06894829869270325
1777498827840036096,0.003607630962505937,0.02671475149691105,0.06914141774177551
1777498827850038784,0.003452016972005367,0.02589317783713341,0.06948588788509369
1777498827860022016,0.003465808695182204,0.02521753497421741,0.06976115703582764
1777498827869985792,0.003620653878897429,0.02476282604038715,0.06995783746242523
1777498827879930112,0.003933760337531567,0.02396960370242596,0.0700770691037178
1777498827889855232,0.003805579384788871,0.02281415276229382,0.07023876905441284
1777498827899761408,0.003571553155779839,0.02152330242097378,0.07048901915550232
1777498827909648384,0.004129846580326557,0.0207480676472187,0.07068564742803574
1777498827919515904,0.004791067447513342,0.01974192447960377,0.07089331746101379
1777498827929364480,0.004618991166353226,0.01832311972975731,0.07115459442138672
1777498827939193600,0.003972769249230623,0.01700627617537975,0.0715973749756813
1777498827949003520,0.003651567036285996,0.01601964980363846,0.07206959277391434
1777498827958794496,0.003555276896804571,0.01538171246647835,0.07240154594182968
1777498827968798720,0.003220624756067991,0.0144906360656023,0.0726209282875061
1777498827979016192,0.003193433862179518,0.01380414329469204,0.07286619395017624
1777498827989213952,0.003593777073547244,0.0132037615403533,0.07303760945796967
1777498827999392768,0.003747300477698445,0.0126638151705265,0.0731922909617424
1777498828009551616,0.003903521224856377,0.01248721592128277,0.07338360697031021
1777498828019690752,0.003856397699564695,0.01219032518565655,0.07355417311191559
1777498828029810176,0.004054146353155375,0.01192916743457317,0.07370242476463318
1777498828039909888,0.004107807297259569,0.01197259221225977,0.07390817254781723
1777498828049989632,0.004005517810583115,0.01203466765582561,0.07414112240076065
1777498828060049664,0.00438808323815465,0.0124831972643733,0.07438038289546967
1777498828070089984,0.005385240074247122,0.0124596506357193,0.07459963113069534
1777498828080111360,0.005942430812865496,0.01222148630768061,0.07463258504867554
1777498828090113280,0.006075200159102678,0.01259983330965042,0.07465675473213196
1777498828100098560,0.006597012281417847,0.01378725841641426,0.07451441138982773
1777498828110064384,0.007301394827663898,0.01468816585838795,0.07447568327188492
1777498828120011008,0.007291613146662712,0.01477121096104383,0.0747547373175621
1777498828129938432,0.006334185600280762,0.0144953615963459,0.07526701688766479
1777498828139846912,0.005743927322328091,0.01527663040906191,0.07586478441953659
1777498828149735680,0.005624019075185061,0.01645275577902794,0.07639180868864059
1777498828159604992,0.00605898629873991,0.01733835600316525,0.07680336385965347
1777498828169455104,0.005689868703484535,0.01733707822859287,0.07735691219568253
1777498828179286528,0.005108471028506756,0.01745619811117649,0.07791365683078766
1777498828189098496,0.005012004170566797,0.01827945187687874,0.07830797880887985
1777498828198891264,0.005157662089914083,0.01920963451266289,0.07856104522943497
1777498828208664832,0.004989305511116982,0.01933005452156067,0.07880842685699463
1777498828218883584,0.004473236389458179,0.01903504319489002,0.079094298183918
1777498828229082880,0.004143512807786465,0.01862884312868118,0.07932938635349274
1777498828239262464,0.004144819919019938,0.01911471784114838,0.07947302609682083
1777498828249422080,0.004118229728192091,0.01964079774916172,0.0795273557305336
1777498828259561472,0.004295099060982466,0.01975896395742893,0.07955846190452576
1777498828269682176,0.004382188897579908,0.01927462965250015,0.07956241816282272
1777498828279782912,0.004327220376580954,0.01857215538620949,0.07944381237030029
1777498828289864192,0.004311713855713606,0.01850459165871143,0.07923988252878189
1777498828299925760,0.004315397702157497,0.01849030330777168,0.07895413041114807
1777498828309967616,0.004466583952307701,0.01839398592710495,0.07862754166126251
1777498828319990016,0.004641554318368435,0.01795739494264126,0.0783916711807251
1777498828329992448,0.004518249072134495,0.01711726747453213,0.07811551541090012
1777498828339975168,0.004598685540258884,0.0169716477394104,0.07775199413299561
1777498828349938432,0.004945527762174606,0.01687140762805939,0.07732999324798584
1777498828359882496,0.005162247456610203,0.01676599308848381,0.07690844684839249
1777498828369806592,0.005123155191540718,0.01620829850435257,0.07661621272563934
1777498828379711232,0.005209177266806364,0.01591777242720127,0.07630283385515213
1777498828389596160,0.005502099636942148,0.01581753417849541,0.07588166743516922
1777498828399461632,0.00555576104670763,0.01579865626990795,0.07550376653671265
1777498828409307904,0.005265654996037483,0.01561063528060913,0.07517918199300766
1777498828419137536,0.004867400042712688,0.01553449500352144,0.07497266680002213
1777498828428947712,0.004172901622951031,0.01534124929457903,0.07474347949028015
1777498828438738944,0.004028590396046638,0.01555214449763298,0.07446031272411346
1777498828448511488,0.003692443482577801,0.01556240860372782,0.07398367673158646
1777498828458731776,0.003525736276060343,0.0157881323248148,0.07343683391809464
1777498828468932352,0.003703688038513064,0.01595919206738472,0.07283910363912582
1777498828479112704,0.004074004478752613,0.01615244895219803,0.07218831777572632
1777498828489272832,0.003928216174244881,0.01630254462361336,0.07159029692411423
1777498828499412736,0.003968777600675821,0.01655422151088715,0.07094185799360275
1777498828509532928,0.003817270742729306,0.01676460728049278,0.07019396126270294
1777498828519632640,0.003571445355191827,0.01697302237153053,0.06968315690755844
1777498828529712896,0.003278303192928433,0.01722092181444168,0.06907331943511963
1777498828539775488,0.003058600705116987,0.0180854070931673,0.06836135685443878
1777498828549819904,0.003464676672592759,0.01893364638090134,0.06754071265459061
1777498828559844608,0.004553588107228279,0.01961040869355202,0.06669836491346359
1777498828569849600,0.005140057299286127,0.01956850290298462,0.06589802354574203
1777498828579834624,0.005175385158509016,0.01945075951516628,0.06514161080121994
1777498828589800448,0.004867598414421082,0.01970253698527813,0.06432919204235077
1777498828599746560,0.004620031919330359,0.02061250992119312,0.0635572224855423
1777498828609673216,0.004149256739765406,0.02125215902924538,0.06292425096035004
1777498828619580416,0.003689273493364453,0.02140715345740318,0.0624842643737793
1777498828629468416,0.003216899232938886,0.02164848893880844,0.0620528943836689
1777498828639336704,0.003071860643103719,0.02218879014253616,0.06150422245264053
1777498828649185792,0.002732847584411502,0.02331665344536304,0.06076083332300186
1777498828659015168,0.00274658459238708,0.02441184222698212,0.05989660322666168
1777498828668824832,0.002664316445589066,0.02508508414030075,0.05895480886101723
1777498828678615552,0.002573161153122783,0.02556565031409264,0.05803625285625458
1777498828688386816,0.002987836254760623,0.02630152180790901,0.05704644322395325
1777498828698612480,0.003188441740348935,0.02726269699633121,0.05596445500850677
1777498828708818688,0.003601849544793367,0.02800191752612591,0.05485500767827034
1777498828719005184,0.004157362040132284,0.02852975577116013,0.05382270365953445
1777498828729172480,0.004323896020650864,0.02868870459496975,0.05288928374648094
1777498828739320064,0.004373644012957811,0.02922584861516953,0.05195782333612442
1777498828749448192,0.004535186104476452,0.02996374852955341,0.05105249956250191
1777498828759556608,0.004711508750915527,0.03026261553168297,0.0501984991133213
1777498828769646080,0.004329957999289036,0.03000439703464508,0.04956482350826263
1777498828779715584,0.003453989280387759,0.029566315934062,0.04909542948007584
1777498828789766912,0.003081866540014744,0.02998394332826138,0.04858582466840744
1777498828799798784,0.003000245662406087,0.0303368903696537,0.04801741614937782
1777498828809811200,0.002772109350189567,0.03030356205999851,0.04744435101747513
1777498828819804928,0.002995392540469766,0.0297617744654417,0.04687588661909103
1777498828829779456,0.003373817773535848,0.02901860140264034,0.04635066539049149
1777498828839734784,0.003387932199984789,0.02855333685874939,0.04575023800134659
1777498828849670656,0.004044830333441496,0.02843736670911312,0.04505361989140511
1777498828859587072,0.004345474299043417,0.02770467475056648,0.04442868009209633
1777498828869485568,0.004615393001586199,0.02672849595546722,0.04391488805413246
1777498828879364352,0.00495107052847743,0.02582859992980957,0.04346415773034096
1777498828889223680,0.005330162588506937,0.0250691007822752,0.04305028542876244
1777498828899063552,0.00587899424135685,0.02455817721784115,0.04260203987360001
1777498828908884480,0.005809784401208162,0.0238543413579464,0.04220668971538544
1777498828918686208,0.005582985933870077,0.02288471534848213,0.04191600158810616
1777498828928468736,0.005554140079766512,0.02210567891597748,0.04180090874433517
1777498828938696448,0.005045605357736349,0.02118594758212566,0.0418417677283287
1777498828948904448,0.004148004110902548,0.02070786990225315,0.04194702208042145
1777498828959092992,0.003338497597724199,0.02056247927248478,0.04206398501992226
1777498828969261824,0.003172063734382391,0.02046592719852924,0.04211213067173958
1777498828979410688,0.003216124605387449,0.02017570473253727,0.04195911064743996
1777498828989540096,0.003573823487386107,0.01999623142182827,0.04165813326835632
1777498828999650048,0.004136824514716864,0.01972793228924274,0.04124629870057106
1777498829009740544,0.004942311905324459,0.02022726275026798,0.04083307459950447
1777498829019810816,0.005301020108163357,0.02036861702799797,0.04050237685441971
1777498829029864960,0.005678384099155664,0.02046088874340057,0.04028161987662315
1777498829039899904,0.005860048811882734,0.02049425058066845,0.04036435484886169
1777498829049914880,0.005944353528320789,0.02054783143103123,0.04058638215065002
1777498829059910400,0.005930552259087563,0.02096590213477612,0.0408940389752388
1777498829069886464,0.006016124039888382,0.02125773578882217,0.04125072062015533
1777498829079843072,0.005623879376798868,0.02124933153390884,0.04158435389399529
1777498829089780224,0.005156335886567831,0.02137455902993679,0.04196662828326225
1777498829099698176,0.004450082778930664,0.0215693935751915,0.04238507896661758
1777498829109597184,0.003681278554722667,0.02199725806713104,0.04286174103617668
1777498829119476992,0.003050499362871051,0.02224854938685894,0.04341480135917664
1777498829129337600,0.00250391848385334,0.02227110043168068,0.04399247094988823
1777498829139178752,0.002254457445815206,0.02231479808688164,0.04448654502630234
1777498829149000960,0.001887263846583664,0.0223922748118639,0.04486245289444923
1777498829158803968,0.001792583498172462,0.02290989458560944,0.04508703202009201
1777498829168588288,0.002162857679650187,0.02355446480214596,0.04516468942165375
1777498829178589440,0.002492459956556559,0.02360000461339951,0.04512851312756538
1777498829188806400,0.003024597419425845,0.02388799376785755,0.04515086486935616
1777498829199003392,0.003255157498642802,0.02399300597608089,0.0451386533677578
1777498829209181184,0.003751437412574887,0.02453028038144112,0.04513486474752426
1777498829219339264,0.003893031040206552,0.02455655485391617,0.04515276104211807
1777498829229477632,0.003531199414283037,0.02447755075991154,0.04520034790039062
1777498829239596288,0.003191849682480097,0.02448097057640553,0.04531961679458618
1777498829249695232,0.002613254357129335,0.02461715042591095,0.04536383226513863
1777498829259774464,0.002114628674462438,0.02486388571560383,0.0453525185585022
1777498829269833984,0.001786455977708101,0.02481845952570438,0.04541167616844177
1777498829279874048,0.001326809288002551,0.02435732819139957,0.04539386555552483
1777498829289895424,0.00129478017333895,0.02409234084188938,0.04531225934624672
1777498829299897088,0.001039054477587342,0.02360056154429913,0.04498503729701042
1777498829309881088,0.00103253242559731,0.02384226210415363,0.04462121054530144
1777498829319846912,0.001055787317454815,0.02360020019114017,0.04422781988978386
1777498829329793280,0.001526801730506122,0.02327179349958897,0.04378141462802887
1777498829339720192,0.002121140947565436,0.02220895327627659,0.04327816143631935
1777498829349627904,0.002458816394209862,0.02185254171490669,0.04258594661951065
1777498829359516416,0.003343835938721895,0.02192291989922523,0.04173776134848595
1777498829369385984,0.004433765541762114,0.02178464643657207,0.04086891561746597
1777498829379236096,0.0050891381688416,0.02130681090056896,0.04017725214362144
1777498829389067520,0.005188594572246075,0.02035845257341862,0.03966676443815231
1777498829398879488,0.005110521800816059,0.01995293796062469,0.03920233994722366
1777498829408672512,0.004790712147951126,0.01989895477890968,0.03864583000540733
1777498829418678272,0.003927852492779493,0.01966919377446175,0.03815637156367302
1777498829428896256,0.003148062387481332,0.01911294646561146,0.03782324120402336
1777498829439094272,0.002224663738161325,0.018836859613657,0.03752762079238892
1777498829449271808,0.001917099812999368,0.01896258071064949,0.03719740360975266
1777498829459429376,0.001987867290154099,0.0193048994988203,0.03679540753364563
1777498829469567744,0.001979500986635685,0.01921655982732773,0.03634532541036606
1777498829479686400,0.002172140870243311,0.01923981867730618,0.03587664291262627
1777498829489784832,0.002453615656122565,0.01928946748375893,0.0352441668510437
1777498829499863552,0.002790258964523673,0.01994381286203861,0.03457166254520416
1777498829509922560,0.003103005699813366,0.02042510733008385,0.03394180908799171
1777498829519961856,0.002987153362482786,0.02078576199710369,0.03340208157896996
1777498829529981440,0.002649348694831133,0.02088929899036884,0.03300468623638153
1777498829539980800,0.00247848080471158,0.02140045166015625,0.03267059847712517
1777498829549960960,0.002406696323305368,0.02158772200345993,0.03228596597909927
1777498829559921408,0.00232002348639071,0.02163084782660007,0.03190995752811432
1777498829569862656,0.002284053713083267,0.02159212343394756,0.03154174983501434
1777498829579784192,0.002419086173176765,0.02188272774219513,0.03111398778855801
1777498829589686016,0.002495238091796637,0.0221431739628315,0.03068526461720467
1777498829599568640,0.002767202211543918,0.02250682935118675,0.03025897406041622
1777498829609431808,0.002471201354637742,0.02250198647379875,0.02980512380599976
1777498829619280640,0.002184025943279266,0.02250274270772934,0.02943355590105057
1777498829629110272,0.001936662592925131,0.02270003408193588,0.02904768101871014
1777498829638921472,0.001744276145473123,0.02334221079945564,0.02853487245738506
1777498829648713216,0.001878185081295669,0.02354871481657028,0.02799865230917931
1777498829658486272,0.00194903090596199,0.02353386208415031,0.02732700109481812
1777498829668704768,0.001752743148244917,0.0236691702157259,0.02660495974123478
1777498829678903296,0.002074561314657331,0.02427820302546024,0.02577977068722248
1777498829689081856,0.002203698270022869,0.02490715123713017,0.02484400942921638
1777498829699241216,0.002187767531722784,0.02527331747114658,0.0239858478307724
1777498829709381376,0.002267273142933846,0.02520906925201416,0.02306858077645302
1777498829719501568,0.002447257749736309,0.02530397102236748,0.02210734784603119
1777498829729602560,0.002785760443657637,0.02556394040584564,0.02110331133008003
1777498829739684096,0.003215929958969355,0.0259261280298233,0.02004860527813435
1777498829749745664,0.003731707576662302,0.02595156617462635,0.01893165148794651
1777498829759787520,0.004350866191089153,0.02567325346171856,0.01780765503644943
1777498829769809664,0.004682036582380533,0.02571558766067028,0.01661167666316032
1777498829779812864,0.005544967483729124,0.02601901069283485,0.01527219638228416
1777498829789796608,0.006609040312469006,0.02593177184462547,0.01386200543493032
1777498829799760896,0.006766399834305048,0.02491164579987526,0.01257344707846642
1777498829809708800,0.00673025706782937,0.02409221790730953,0.01146676577627659
1777498829819637504,0.006202057935297489,0.02368484809994698,0.01037197839468718
1777498829829547264,0.006358021404594183,0.02383835054934025,0.009286515414714813
1777498829839437312,0.006655483972281218,0.02281827107071877,0.008332714438438416
1777498829849308416,0.006585828494280577,0.02106867916882038,0.00756980013102293
1777498829859160320,0.006897613406181335,0.01984910294413567,0.006864163093268871
1777498829868992768,0.008013753220438957,0.02048300765454769,0.006112953182309866
1777498829878806272,0.008783659897744656,0.01894153282046318,0.005308455787599087
1777498829888600832,0.008917985484004021,0.01815357618033886,0.004697106778621674
1777498829898376192,0.007990594953298569,0.01614437997341156,0.004315298516303301
1777498829908596736,0.007337104063481092,0.01526163145899773,0.004108281806111336
1777498829918797568,0.006810715887695551,0.01455988083034754,0.003885635873302817
1777498829928978944,0.006589802913367748,0.01412761397659779,0.003671572078019381
1777498829939140864,0.006301193498075008,0.01304392330348492,0.003607729217037559
1777498829949283072,0.005852649919688702,0.01186932809650898,0.003498217556625605
1777498829959405312,0.005919329356402159,0.01163375377655029,0.00336418766528368
1777498829969509120,0.006175436079502106,0.01152346469461918,0.00306592951528728
1777498829979593728,0.006612056400626898,0.01156227197498083,0.002770967083051801
1777498829989658624,0.006739726755768061,0.01090985722839832,0.002575010061264038
1777498829999703808,0.00665248790755868,0.0105531383305788,0.002358006313443184
1777498830009729280,0.007331095635890961,0.01093446556478739,0.002156223868951201
1777498830019734784,0.007738033309578896,0.01129021216183901,0.001954856794327497
1777498830029720320,0.008023482747375965,0.01171329244971275,0.001926866010762751
1777498830039686400,0.008151018060743809,0.01156874466687441,0.002066414337605238
1777498830049633024,0.007892535999417305,0.01179765723645687,0.002210485748946667
1777498830059560448,0.007232503965497017,0.01265289727598429,0.002438857220113277
1777498830069468160,0.006296570412814617,0.01359974034130573,0.002862616907805204
1777498830079356416,0.005687569733709097,0.01417804975062609,0.003514765528962016
1777498830089225472,0.004079921171069145,0.0141705172136426,0.00467409286648035
1777498830099074816,0.003109432756900787,0.01396784745156765,0.005801070015877485
1777498830108904960,0.003045282792299986,0.01398932281881571,0.006818552501499653
1777498830118715392,0.002305320464074612,0.01390642207115889,0.007588927634060383
1777498830128507136,0.001962522510439157,0.01438009086996317,0.008149812929332256
1777498830138280448,0.003203293541446328,0.01486405823379755,0.008389906026422977
1777498830148506880,0.003875312861055136,0.0145139005035162,0.008426236920058727
1777498830158713600,0.004089758731424809,0.0141485994681716,0.008410322479903698
1777498830168899840,0.004677485208958387,0.01401319820433855,0.008293767459690571
1777498830179066112,0.005399730056524277,0.01462740078568459,0.008085982874035835
1777498830189212160,0.006100933998823166,0.01440983265638351,0.00802675262093544
1777498830199338752,0.006016049068421125,0.01394079253077507,0.008171210065484047
1777498830209445376,0.006094945129007101,0.01326632779091597,0.008558954112231731
1777498830219532288,0.006231329403817654,0.01328321825712919,0.00895906426012516
1777498830229602560,0.006052738986909389,0.01313530374318361,0.009263625368475914
1777498830239652608,0.005664928816258907,0.01303855050355196,0.009674020111560822
1777498830249683200,0.004946398548781872,0.01237193401902914,0.0100863128900528
1777498830259694336,0.004591858945786953,0.01238979957997799,0.01046766340732574
1777498830269685504,0.003896810580044985,0.01186980865895748,0.01076338905841112
1777498830279657216,0.003660967806354165,0.01188119780272245,0.01098653953522444
1777498830289608960,0.003379396628588438,0.01124571263790131,0.01121381111443043
1777498830299541248,0.002977260854095221,0.01085852272808552,0.01136640924960375
1777498830309454336,0.003351122373715043,0.01068392023444176,0.0113971633836627
1777498830319347456,0.003878490999341011,0.01038060709834099,0.01137496531009674
1777498830329221376,0.004051187075674534,0.009826305322349072,0.01138225011527538
1777498830339075584,0.004325147718191147,0.009293890558183193,0.01141565944999456
1777498830348910336,0.004385013598948717,0.008770826272666454,0.01142291538417339
1777498830358725888,0.004815639927983284,0.008629586547613144,0.01149027235805988
1777498830368522240,0.004553631413727999,0.008051264099776745,0.01163916755467653
1777498830378299136,0.003833683906123042,0.007517720106989145,0.01194391492754221
1777498830388534528,0.003468735376372933,0.007323625963181257,0.01230945531278849
1777498830398749952,0.002886481583118439,0.007191753946244717,0.01266271155327559
1777498830408945408,0.002488048514351249,0.007121129892766476,0.01308943890035152
1777498830419121408,0.001705584465526044,0.006849681492894888,0.01352329459041357
1777498830429277440,0.0009158290922641754,0.006853642873466015,0.0139404134824872
1777498830439413504,0.001000398420728743,0.007194853387773037,0.0143143068999052
1777498830449529600,0.0008454787312075496,0.007266707252711058,0.01465986203402281
1777498830459625728,0.0006208352860994637,0.0074036018922925,0.01501092500984669
1777498830469701888,0.001015271292999387,0.007288491819053888,0.01524996757507324
1777498830479758336,0.001031014835461974,0.007460727356374264,0.01527302619069815
1777498830489794560,0.001313578803092241,0.008164318278431892,0.01521520689129829
1777498830499811328,0.001668767654336989,0.009419830515980721,0.01514826994389296
1777498830509808640,0.001561221084557474,0.01138089317828417,0.01507027540355921
1777498830519785984,0.002015351317822933,0.0127836661413312,0.01526603661477566
1777498830529743360,0.003424248425289989,0.01275246497243643,0.01563813351094723
1777498830539682816,0.002444220706820488,0.01188249420374632,0.01650477387011051
1777498830549603072,0.0008984404266811907,0.01201119925826788,0.01717298850417137
1777498830559504384,-0.0001372641418129206,0.01443038415163755,0.01764834299683571
1777498830569385728,0.0008126358152367175,0.01615278422832489,0.01793587021529675
1777498830579248128,0.000319338112603873,0.01621435023844242,0.0182933509349823
1777498830589090560,-0.0003713709011208266,0.01543133985251188,0.01875903271138668
1777498830598914048,0.0005648140795528889,0.01838568598031998,0.01917491666972637
1777498830608717568,0.001605476252734661,0.01923997886478901,0.01917425915598869
1777498830618502656,0.002607261994853616,0.02090892381966114,0.01885868236422539
1777498830628503808,0.002432887209579349,0.02161950431764126,0.01880144514143467
1777498830638720768,0.001931766979396343,0.02239911817014217,0.018789391964674
1777498830648917504,0.002851009834557772,0.02453161589801311,0.01881380751729012
1777498830659094016,0.002979128388687968,0.0258133877068758,0.01900280267000198
1777498830669251840,0.002429011510685086,0.02701197937130928,0.01934984885156155
1777498830679389440,0.002224719850346446,0.0273562204092741,0.01975112780928612
1777498830689507072,0.001851200242526829,0.02863533981144428,0.01997247524559498
1777498830699604736,0.001775664160959423,0.02963966690003872,0.02007895521819592
1777498830709682432,0.001860985881648958,0.03092565201222897,0.0201434250921011
1777498830719740672,0.00119541073217988,0.03134794533252716,0.02033880911767483
1777498830729778688,0.0009704611729830503,0.03161430358886719,0.02055547945201397
1777498830739797504,0.000926786451600492,0.03194150328636169,0.02081255242228508
1777498830749796864,0.0005755866295658052,0.0320836678147316,0.02101739309728146
1777498830759776512,0.0006342868437059224,0.03227948769927025,0.02116747759282589
1777498830769736704,0.001273508765734732,0.03198390454053879,0.02119728922843933
1777498830779676928,0.001549831707961857,0.03121055476367474,0.02123472653329372
1777498830789597696,0.001857183175161481,0.03070647828280926,0.02128918468952179
1777498830799499008,0.002360411686822772,0.03041592612862587,0.0213166456669569
1777498830809380864,0.002533532446250319,0.02988879755139351,0.02139925956726074
1777498830819243008,0.003018795978277922,0.02878701873123646,0.02171161770820618
1777498830829088000,0.002602324355393648,0.02710782736539841,0.02218342944979668
1777498830838914816,0.002188598504289985,0.02589923515915871,0.02260598354041576
1777498830848722944,0.002103178296238184,0.02519996277987957,0.02304330095648766
1777498830858512128,0.002060172613710165,0.0240763071924448,0.02344029955565929
1777498830868515584,0.001595683279447258,0.02297023683786392,0.02388985268771648
1777498830878733312,0.001132402801886201,0.02167810127139091,0.02442371845245361
1777498830888930816,0.0005857291398569942,0.02048997022211552,0.02482182905077934
1777498830899109888,0.0006825341260991991,0.01976023241877556,0.02506987936794758
1777498830909268992,0.0006170148262754083,0.01876332797110081,0.02534130029380322
1777498830919408384,0.0004092271847184747,0.01807453110814095,0.02559572458267212
1777498830929528576,0.0008857106440700591,0.01715133525431156,0.02577380649745464
1777498830939629056,0.001054742839187384,0.01656138151884079,0.02594243735074997
1777498830949710080,0.001485349144786596,0.01617405004799366,0.02604794874787331
1777498830959771392,0.002252691425383091,0.0159442275762558,0.0260822270065546
1777498830969813248,0.002759532304480672,0.01533472631126642,0.0260416716337204
1777498830979837184,0.003810745431110263,0.01508970465511084,0.02593035250902176
1777498830989842176,0.004540940281003714,0.01463531702756882,0.02584304101765156
1777498830999827712,0.004881696309894323,0.01486425288021564,0.025899613276124
1777498831009793536,0.005359780043363571,0.01489845849573612,0.0261752512305975
1777498831019739904,0.005621301475912333,0.01495216879993677,0.02638892456889153
1777498831029666560,0.006097043864428997,0.0147699136286974,0.02642525732517242
1777498831039573760,0.006535074673593044,0.01442606560885906,0.02662313915789127
1777498831049461248,0.005931000225245953,0.01413578260689974,0.02687813155353069
1777498831059329280,0.004887139890342951,0.01445949915796518,0.02722414024174213
1777498831069177856,0.004087245091795921,0.01507680304348469,0.02771340310573578
1777498831079006720,0.003966865595430136,0.01529083028435707,0.02823363989591599
1777498831088816384,0.00314188958145678,0.01466317288577557,0.02887669950723648
1777498831098607104,0.002003294648602605,0.01465572882443666,0.02943664230406284
1777498831108378368,0.002455371432006359,0.01554972305893898,0.02979109063744545
1777498831118597376,0.003320704912766814,0.01594202406704426,0.02996009029448032
1777498831128796928,0.00356358103454113,0.01598367653787136,0.03009464591741562
1777498831138977024,0.003478834871202707,0.01536026783287525,0.0303522665053606
1777498831149136640,0.003738489001989365,0.01539435610175133,0.03047043085098267
1777498831159276288,0.004273140802979469,0.01566161774098873,0.03054512478411198
1777498831169395968,0.004692032467573881,0.01570959575474262,0.03059881925582886
1777498831179495680,0.004558881279081106,0.01530151069164276,0.03082367032766342
1777498831189576704,0.004083339124917984,0.01457094121724367,0.03119436465203762
1777498831199638784,0.004239678382873535,0.01461319904774427,0.03159726783633232
1777498831209681152,0.004358448553830385,0.01428728457540274,0.03194572776556015
1777498831219704064,0.00376850925385952,0.01392794214189053,0.03228103742003441
1777498831229707008,0.003714089514687657,0.01340286713093519,0.03264904022216797
1777498831239690240,0.003427289659157395,0.01282155606895685,0.03295258432626724
1777498831249654016,0.00353640946559608,0.01236619614064693,0.03327002376317978
1777498831259598080,0.003397614229470491,0.01187330670654774,0.03360565379261971
1777498831269522688,0.003306919243186712,0.01128680165857077,0.0339958555996418
1777498831279427840,0.003213972318917513,0.01059038937091827,0.03445205837488174
1777498831289313280,0.00330319837667048,0.009970591403543949,0.03485590592026711
1777498831299179008,0.003048923332244158,0.009306902065873146,0.03533833101391792
1777498831309025536,0.002630463568493724,0.008945056237280369,0.03580625355243683
1777498831318852352,0.002517836866900325,0.008613334037363529,0.03624036908149719
1777498831328659712,0.002574017737060785,0.008024056442081928,0.03658722341060638
1777498831338447872,0.002680973382666707,0.007418270688503981,0.03693829476833344
1777498831348216832,0.002348272129893303,0.006878902669996023,0.03726901113986969
1777498831358437888,0.002464417601004243,0.006807221099734306,0.03748862817883492
1777498831368639232,0.002753648208454251,0.006786995567381382,0.0376971922814846
1777498831378821376,0.002973055467009544,0.006567464675754309,0.03798775002360344
1777498831388984064,0.00300954096019268,0.006143084727227688,0.03828798979520798
1777498831399126784,0.003042078576982021,0.006073551718145609,0.03851187974214554
1777498831409250048,0.003518593031913042,0.006435067858546972,0.03874819725751877
1777498831419353344,0.003538139164447784,0.006673902273178101,0.03890585899353027
1777498831429437184,0.003227644832804799,0.00697937561199069,0.03902958333492279
1777498831439501312,0.003132935613393784,0.007477278355509043,0.03920459747314453
1777498831449545728,0.003050781087949872,0.008086700923740864,0.03939025476574898
1777498831459571200,0.00325907557271421,0.008789907209575176,0.03963798657059669
1777498831469579264,0.003486063797026873,0.009055228903889656,0.03979172185063362
1777498831479569152,0.003951937891542912,0.00932769663631916,0.03999622166156769
1777498831489539584,0.003468165406957269,0.009448259137570858,0.04022514447569847
1777498831499490560,0.002880855463445187,0.01040789857506752,0.04045107588171959
1777498831509422592,0.002447935286909342,0.01135975960642099,0.04070254415273666
1777498831519334912,0.001943473005667329,0.01199218071997166,0.04097007587552071
1777498831529228032,0.001523861079476774,0.0123826852068305,0.0413031317293644
1777498831539101696,0.0007478981278836727,0.01305112801492214,0.04151665791869164
1777498831548956672,0.000631044153124094,0.01445145811885595,0.04157082736492157
1777498831558792192,0.000615612487308681,0.01568785309791565,0.04141838848590851
1777498831568608768,0.0003878184652421623,0.01681800186634064,0.04119036719202995
1777498831578406144,0.0002184566110372543,0.01765058562159538,0.04099047556519508
1777498831588184320,-0.0001816377334762365,0.01880843751132488,0.04069844260811806
1777498831598410496,5.098208202980459e-05,0.02027434483170509,0.04047022759914398
1777498831608616704,0.000169519436894916,0.02159890159964561,0.04020870104432106
1777498831618802944,0.0002436482609482482,0.02255143783986568,0.03982214257121086
1777498831628969728,0.0005000364617444575,0.02343464642763138,0.03936793655157089
1777498831639117824,0.0007231526542454958,0.024484533816576,0.03878873214125633
1777498831649246208,0.001228914246894419,0.02563641034066677,0.03820392861962318
1777498831659355136,0.001230314141139388,0.02645745500922203,0.03770403563976288
1777498831669444096,0.001350582577288151,0.02680604718625546,0.03728895634412766
1777498831679513856,0.001398490625433624,0.02708401158452034,0.03692219033837318
1777498831689563904,0.001006091944873333,0.02737157791852951,0.03655613958835602
1777498831699594496,0.0007917839684523642,0.02770854160189629,0.0362468883395195
1777498831709605376,0.0004905224195681512,0.02766617760062218,0.03596720099449158
1777498831719597568,-1.074032570613781e-05,0.02722757123410702,0.03576679900288582
1777498831729570304,2.609161583677633e-06,0.02676562033593655,0.03556833416223526
1777498831739523584,-0.0002919454127550125,0.02632764540612698,0.03528757765889168
1777498831749457664,-0.0002827948483172804,0.02574859000742435,0.03499442711472511
1777498831759372288,-0.0002198363799834624,0.02495799958705902,0.03455519676208496
1777498831769267200,0.0001123744732467458,0.02392933517694473,0.03413499519228935
1777498831779142912,-5.736418461310677e-05,0.02266637049615383,0.03369050845503807
1777498831789004800,-0.0003239357320126146,0.02187490463256836,0.03327992185950279
1777498831798847488,-0.0006524225464090705,0.02084525860846043,0.03287192806601524
1777498831808670976,-0.00094558612909168,0.01988398656249046,0.03244563937187195
1777498831818475520,-0.0009093401022255421,0.01829869300127029,0.03203293681144714
1777498831828260864,-0.001028557424433529,0.01688685640692711,0.03142343088984489
1777498831838488064,-0.0002720468328334391,0.01577170006930828,0.03073464892804623
1777498831848695552,0.0003616712347138673,0.01474872231483459,0.02990151010453701
1777498831858883328,0.0008426728891208768,0.01367633324116468,0.0289874505251646
1777498831869051648,0.0009730200981721282,0.01264451816678047,0.02815841324627399
1777498831879200000,0.001104733324609697,0.01183754485100508,0.02733549661934376
1777498831889328640,0.001542292069643736,0.01109292637556791,0.02649964578449726
1777498831899437568,0.002059575170278549,0.01020773593336344,0.02554860338568687
1777498831909526784,0.002583193825557828,0.009491844102740288,0.02457880973815918
1777498831919596288,0.003566165454685688,0.008645947091281414,0.02365805208683014
1777498831929647616,0.004734627902507782,0.008031011559069157,0.02289107441902161
1777498831939679232,0.005039482843130827,0.007332304492592812,0.02214010991156101
1777498831949691648,0.004932539537549019,0.007152841426432133,0.02150282636284828
1777498831959684352,0.004873234778642654,0.007207023445516825,0.02094069495797157
1777498831969657600,0.004217694047838449,0.007061969023197889,0.02056525647640228
1777498831979611648,0.003203656058758497,0.006693912670016289,0.02043278515338898
1777498831989546240,0.002062296029180288,0.006568548735231161,0.02040204964578152
1777498831999461376,0.001086945994757116,0.006864076480269432,0.020405488088727
1777498832009357312,0.0001531302114017308,0.007347776554524899,0.02035125717520714
1777498832019234048,-0.000300582789350301,0.008115697652101517,0.02025745995342731
1777498832029090816,-0.0007835212163627148,0.008436974138021469,0.01996880024671555
1777498832038928640,-0.0009782115230336785,0.009256002493202686,0.01959721185266972
1777498832048747008,-0.001105578267015517,0.01030771899968386,0.01905472204089165
1777498832058546432,-0.0003723145928233862,0.01186219509691,0.01838975213468075
1777498832068326400,8.430768502876163e-05,0.01282817497849464,0.0177471823990345
1777498832078324992,0.0007240533595904708,0.01409065257757902,0.0171457827091217
1777498832088542720,0.001313424319960177,0.01521272491663694,0.01658489368855953
1777498832098740480,0.002201332012191415,0.01681742444634438,0.01613365672528744
1777498832108918272,0.002995637711137533,0.01801399327814579,0.01575569435954094
1777498832119076864,0.003430005861446261,0.01896327175199986,0.01557333208620548
1777498832129216000,0.003479921258985996,0.01959613710641861,0.01555155217647552
1777498832139335424,0.003544514533132315,0.02045394293963909,0.01559234969317913
1777498832149435136,0.003069250611588359,0.02131904289126396,0.01580939255654812
1777498832159515648,0.00215265154838562,0.02211483009159565,0.01616816781461239
1777498832169576448,0.001437455066479743,0.0225638672709465,0.01676947437226772
1777498832179617792,0.0005876787472516298,0.02257765829563141,0.01744392141699791
1777498832189639680,-0.0002470577310305089,0.02266861870884895,0.01812256686389446
1777498832199642368,-0.0008644874906167388,0.02285980246961117,0.01872545853257179
1777498832209626112,-0.0009826080640777946,0.02305810526013374,0.01932760328054428
1777498832219590400,-0.0008788143750280142,0.02273323014378548,0.01984177716076374
1777498832229535232,-0.0007518743514083326,0.02235284447669983,0.02026237919926643
1777498832239460608,-0.000345678097801283,0.02201324887573719,0.02061988227069378
1777498832249367040,0.0005048845196142793,0.02191502414643764,0.02083603106439114
1777498832259253760,0.001172357005998492,0.02156044729053974,0.02095439471304417
1777498832269121280,0.00131175690330565,0.02098857052624226,0.0211880337446928
1777498832278972672,0.001481144223362207,0.0205072183161974,0.0214185006916523
1777498832288808448,0.001684400951489806,0.02040345594286919,0.02164621092379093
1777498832298624768,0.001728743314743042,0.01999346911907196,0.02185430563986301
1777498832308422144,0.001611494109965861,0.01981567405164242,0.02211329713463783
1777498832318430208,0.001213353592902422,0.01928307861089706,0.02235663682222366
1777498832328648448,0.001184354303404689,0.01936788111925125,0.02255997993052006
1777498832338847232,0.0008640357991680503,0.01898529566824436,0.0226904172450304
1777498832349026048,0.000478560890769586,0.0191835667937994,0.02283142693340778
1777498832359184896,-0.0001190852781292051,0.0189289003610611,0.02294930629432201
1777498832369324544,9.775284706847742e-05,0.01932601444423199,0.02294736728072166
1777498832379444736,0.0006683159153908491,0.0187710877507925,0.02272963896393776
1777498832389545472,0.001589396852068603,0.01864772103726864,0.02227597124874592
1777498832399626752,0.001925166579894722,0.01790629886090755,0.02167863585054874
1777498832409688576,0.002783250762149692,0.01823967322707176,0.02100790850818157
1777498832419730944,0.003842403180897236,0.01822205260396004,0.02033230476081371
1777498832429753856,0.004072214476764202,0.01818667910993099,0.01977440528571606
1777498832439757312,0.004265105351805687,0.01743716932833195,0.01947402581572533
1777498832449740800,0.004724944476038218,0.01747139357030392,0.0192756000906229
1777498832459704576,0.00464048283174634,0.01707775518298149,0.01906914636492729
1777498832469648896,0.004029338248074055,0.01665720157325268,0.01884203404188156
1777498832479573760,0.002963248873129487,0.01659352518618107,0.01859914511442184
1777498832489478656,0.002389492001384497,0.01712844148278236,0.01825580187141895
1777498832499364096,0.002158540766686201,0.01758200488984585,0.01785235665738583
1777498832509230592,0.002027675043791533,0.01793414726853371,0.01753422245383263
1777498832519077120,0.001339860027655959,0.01777644269168377,0.01726346649229527
1777498832528904704,0.001450014067813754,0.0185676347464323,0.0168678630143404
1777498832538712576,0.002020747866481543,0.01931013166904449,0.01628419011831284
1777498832548501248,0.002686748281121254,0.02002228051424026,0.01560346875339746
1777498832558270464,0.003254902083426714,0.02057912200689316,0.01486972719430923
1777498832568489472,0.003780202008783817,0.02127190120518208,0.01408133655786514
1777498832578688256,0.004044102504849434,0.02246721461415291,0.01331541314721107
1777498832588867072,0.004278065636754036,0.02389691211283207,0.01264541875571012
1777498832599025920,0.004126835148781538,0.0250360481441021,0.01228011026978493
1777498832609166080,0.003561812685802579,0.02571085281670094,0.01215613540261984
1777498832619286016,0.003112684469670057,0.02641499787569046,0.01212102826684713
1777498832629386240,0.002532371319830418,0.02732256799936295,0.01210001111030579
1777498832639466496,0.002186979167163372,0.02852929197251797,0.01202102936804295
1777498832649527552,0.00173134496435523,0.02940825186669827,0.01202021166682243
1777498832659568640,0.001360340393148363,0.03008863888680935,0.01201446447521448
1777498832669590016,0.001187667832709849,0.03060261532664299,0.01196401286870241
1777498832679591680,0.0007709218189120293,0.03092550672590733,0.01191973220556974
1777498832689574144,0.0007894986774772406,0.03145300596952438,0.01186307147145271
1777498832699537152,0.001006106962449849,0.03185181319713593,0.01183543726801872
1777498832709480960,0.0008772863075137138,0.03168737143278122,0.01188374776393175
1777498832719405312,0.0008382151718251407,0.03166589140892029,0.01195106748491526
1777498832729310208,0.0008142293663695455,0.0313606821000576,0.01201114896684885
1777498832739195904,0.000760735827498138,0.03106512315571308,0.01202147826552391
1777498832749062144,0.000741198135074228,0.03073548153042793,0.01198934391140938
1777498832758909184,0.0004335614503361285,0.02992057800292969,0.01198936346918344
1777498832768740864,-4.283682210370898e-05,0.02904928848147392,0.01207000762224197
1777498832778553344,-0.0004929194692522287,0.02831112779676914,0.01214902941137552
1777498832788346624,-0.001080591813661158,0.02752339653670788,0.01224479731172323
1777498832798120704,-0.001318865455687046,0.02702895551919937,0.01224107295274734
1777498832808341248,-0.001674926490522921,0.02568433806300163,0.01193185430020094
1777498832818541824,-0.00148976466152817,0.02456007711589336,0.01148056238889694
1777498832828722688,-0.001348020858131349,0.02337490767240524,0.01103794667869806
1777498832838883840,-0.001158459344878793,0.02251266688108444,0.01047134213149548
1777498832849025792,-0.001679707318544388,0.02149681001901627,0.009961326606571674
1777498832859147776,-0.001308445236645639,0.02087189070880413,0.009471769444644451
1777498832869249792,-0.0006650860887020826,0.0198744460940361,0.008934717625379562
1777498832879331840,-0.0008704538340680301,0.01831372268497944,0.008373809978365898
1777498832889394176,-0.0005340998177416623,0.01701227203011513,0.007784259971231222
1777498832899436288,0.0002822629758156836,0.01632268540561199,0.00709609966725111
1777498832909458688,0.001154491328634322,0.01536969467997551,0.006292969454079866
1777498832919461376,0.001460540108382702,0.01475425437092781,0.005533863790333271
1777498832929444352,0.001374697545543313,0.01364679075777531,0.004970789887011051
1777498832939407616,0.0006211085128597915,0.01320782117545605,0.004368277732282877
1777498832949351168,0.0002011696924455464,0.01308737695217133,0.003811276517808437
1777498832959275008,-0.0002594535471871495,0.01311330497264862,0.003300374839454889
1777498832969179136,-0.0007098882342688739,0.01284282561391592,0.002772742416709661
1777498832979063808,-0.001399051048792899,0.01294370833784342,0.00222279317677021
1777498832988928768,-0.001619805116206408,0.01358967181295156,0.001499388483352959
1777498832998776320,-0.001608367660082877,0.01441363245248795,0.0005555342067964375
1777498833008606976,-0.001638381625525653,0.0154385669156909,-0.0005148578202351928
1777498833018417920,-0.00158188515342772,0.0166297759860754,-0.001640635542571545
1777498833028209408,-0.001145701389759779,0.01784653402864933,-0.002826138865202665
1777498833037981696,-0.0004460723139345646,0.01914508268237114,-0.004073393996804953
1777498833048208640,0.0001704244932625443,0.0204196460545063,-0.00530847767367959
1777498833058415360,0.0007022122154012322,0.02193886041641235,-0.006611033342778683
1777498833068601856,0.001131901517510414,0.02318064123392105,-0.007934624329209328
1777498833078768384,0.001763086183927953,0.02462057955563068,-0.009188585914671421
1777498833088915712,0.0026304149068892,0.02564812451601028,-0.01023238152265549
1777498833099042560,0.002369283232837915,0.02665499970316887,-0.01114081032574177
1777498833109149696,0.002533858409151435,0.02760224603116512,-0.01207356806844473
1777498833119237120,0.00235531572252512,0.02872667275369167,-0.01296395715326071
1777498833129304832,0.001914704451337457,0.02973050437867641,-0.01370505336672068
1777498833139352320,0.001563677215017378,0.03034110553562641,-0.01430546771734953
1777498833149380352,0.001142678898759186,0.03076418302953243,-0.01490496564656496
1777498833159389184,0.0009116528672166169,0.03153320774435997,-0.01543397270143032
1777498833169378560,0.0009197350009344518,0.03234067931771278,-0.01601887121796608
1777498833179348224,0.001055000117048621,0.03299538418650627,-0.01652413420379162
1777498833189299968,0.0007655021036043763,0.03328321874141693,-0.01705303229391575
1777498833199231744,0.001019624876789749,0.03362284228205681,-0.01759133115410805
1777498833209144320,0.0009902020683512092,0.0337471030652523,-0.01828694716095924
1777498833219036928,0.00165763939730823,0.03441013023257256,-0.01911468058824539
1777498833228910336,0.001897072535939515,0.03483898565173149,-0.01991823688149452
1777498833238764032,0.002182427328079939,0.03544822335243225,-0.02068359404802322
1777498833248598528,0.002512343926355243,0.03625238686800003,-0.0214302409440279
1777498833258413312,0.002773443004116416,0.03677922859787941,-0.02229689247906208
1777498833268209152,0.003381963353604078,0.03738300502300262,-0.02314485237002373
1777498833277985280,0.003214048221707344,0.03726594522595406,-0.02399078570306301
1777498833288221184,0.002593511948361993,0.03774038702249527,-0.0248155165463686
1777498833298437376,0.001961674075573683,0.03835126757621765,-0.02565557509660721
1777498833308633600,0.001766188652254641,0.03940722718834877,-0.02650768496096134
1777498833318810368,0.001565981074236333,0.03957976400852203,-0.02722101472318172
1777498833328967168,0.00125779234804213,0.03958307579159737,-0.02785107679665089
1777498833339103744,0.001343210926279426,0.03928493708372116,-0.02855237014591694
1777498833349220864,0.001564322854392231,0.03921742364764214,-0.02951116859912872
1777498833359318016,0.00199732300825417,0.03942707926034927,-0.03059427440166473
1777498833369395712,0.002265970455482602,0.03916623070836067,-0.03163811191916466
1777498833379453440,0.002455016830936074,0.03896203264594078,-0.03257657214999199
1777498833389491456,0.00238191126845777,0.03852349147200584,-0.03342227637767792
1777498833399512064,0.001951215090230107,0.03849898651242256,-0.0342392586171627
1777498833409513472,0.001397773623466492,0.03857938200235367,-0.03503159806132317
1777498833419495424,0.001456334139220417,0.03865613415837288,-0.03580570593476295
1777498833429457920,0.001507427077740431,0.0380626879632473,-0.03655853495001793
1777498833439401472,0.001230007968842983,0.03752976283431053,-0.03731514886021614
1777498833449325312,0.0008838407229632139,0.03744327276945114,-0.03814838081598282
1777498833459229952,0.00130199221894145,0.03765619173645973,-0.03911286592483521
1777498833469115136,0.00145577872171998,0.03776752203702927,-0.04008794203400612
1777498833478981888,0.001257423195056617,0.03723194450139999,-0.04089374467730522
1777498833488829440,0.001193933770991862,0.03678843751549721,-0.04170149564743042
1777498833498657792,0.001486718421801925,0.03648066148161888,-0.04260677844285965
1777498833508466944,0.001793688163161278,0.03642981499433517,-0.04352584108710289
1777498833518256896,0.001806493615731597,0.03613027557730675,-0.04437397792935371
1777498833528260608,0.001967410324141383,0.03555953502655029,-0.04517895355820656
1777498833538477568,0.002008774084970355,0.03494149073958397,-0.0459524393081665
1777498833548674560,0.002169104991480708,0.03439807146787643,-0.04670324549078941
1777498833558851584,0.002181065501645207,0.03375348821282387,-0.04740552231669426
1777498833569008896,0.002252129372209311,0.03302483633160591,-0.04799913614988327
1777498833579146752,0.002075082389637828,0.03190930187702179,-0.04851723462343216
1777498833589264384,0.001958273351192474,0.03095519356429577,-0.04911762475967407
1777498833599362304,0.002131381072103977,0.03012331202626228,-0.04977523162961006
1777498833609440512,0.002146001439541578,0.02936249598860741,-0.05042549967765808
1777498833619499264,0.002555105602368712,0.02859406732022762,-0.05105198547244072
1777498833629538048,0.002764882054179907,0.02753150090575218,-0.05163617804646492
1777498833639558400,0.003170484909787774,0.02645378746092319,-0.05211016535758972
1777498833649560064,0.00355381821282208,0.02528681419789791,-0.05258343741297722
1777498833659542272,0.003493949770927429,0.02428585477173328,-0.05303949117660522
1777498833669505024,0.003756180638447404,0.0232953317463398,-0.05342768505215645
1777498833679448576,0.00411656778305769,0.02249869890511036,-0.05378793925046921
1777498833689372928,0.004047567024827003,0.02164840698242188,-0.05409655347466469
1777498833699277568,0.004367700777947903,0.02106425538659096,-0.05433914065361023
1777498833709162752,0.004509817343205214,0.0202053040266037,-0.05439229682087898
1777498833719030784,0.004220089875161648,0.01911028847098351,-0.05421043932437897
1777498833728879360,0.003265798324719071,0.0180224571377039,-0.05398942530155182
1777498833738709248,0.002331779571250081,0.01736826449632645,-0.0537603497505188
1777498833748519936,0.002261185087263584,0.01712349615991116,-0.05362389981746674
1777498833758311424,0.002132185269147158,0.0166934784501791,-0.05338462814688683
1777498833768316416,0.00171161291655153,0.01593924686312675,-0.05305398628115654
1777498833778534144,0.001676387852057815,0.01555606070905924,-0.05269511044025421
1777498833788731904,0.00139663543086499,0.01544700097292662,-0.05243244767189026
1777498833798910208,0.001751284580677748,0.01558710355311632,-0.05226583033800125
1777498833809069312,0.001842392259277403,0.0151554262265563,-0.05202902853488922
1777498833819208704,0.001642505172640085,0.01478990260511637,-0.05168769136071205
1777498833829328128,0.001906038960441947,0.01485331356525421,-0.05131401121616364
1777498833839428096,0.002123672515153885,0.01494929287582636,-0.05092453584074974
1777498833849508352,0.002289965515956283,0.01534895971417427,-0.05055299773812294
1777498833859569152,0.0020508689340204,0.01527194119989872,-0.05010013654828072
1777498833869609984,0.001045910408720374,0.01513099018484354,-0.04965898394584656
1777498833879631360,0.0006009081262163818,0.01591767370700836,-0.04927077144384384
1777498833889633792,0.0005420830566436052,0.01689573563635349,-0.04887616261839867
1777498833899619328,0.0005620926385745406,0.01751113869249821,-0.04849575087428093
1777498833909585408,0.0003621694049797952,0.01774386502802372,-0.0480794720351696
1777498833919532288,-8.060931577347219e-05,0.01830401830375195,-0.0478215254843235
1777498833929459968,0.0001274626702070236,0.01962308585643768,-0.04778178781270981
1777498833939368704,0.0005790139548480511,0.02091717720031738,-0.04782405123114586
1777498833949257984,0.0006384589360095561,0.02143549919128418,-0.04778966307640076
1777498833959127552,0.0007220343104563653,0.0216649491339922,-0.04763197526335716
1777498833968977920,0.001002528821118176,0.02208379842340946,-0.04757418856024742
1777498833978809344,0.001593378838151693,0.02303674072027206,-0.04766765236854553
1777498833988621824,0.002231473801657557,0.02375941537320614,-0.04765007272362709
1777498833998414592,0.002386112464591861,0.023666862398386,-0.04753664135932922
1777498834008420864,0.002210178412497044,0.02324555441737175,-0.04739324748516083
1777498834018639616,0.001949282246641815,0.02305741980671883,-0.04723862558603287
1777498834028838656,0.001911163097247481,0.02330018766224384,-0.047185018658638
1777498834039018240,0.002148329745978117,0.0234564021229744,-0.04707618430256844
1777498834049178880,0.001852985471487045,0.02280596829950809,-0.04687772318720818
1777498834059319552,0.002028096001595259,0.02236470580101013,-0.04677948355674744
1777498834069440256,0.002581673907116055,0.02216445654630661,-0.04680448770523071
1777498834079541760,0.002894434379413724,0.02236924320459366,-0.04701171815395355
1777498834089623552,0.003877352690324187,0.02268727123737335,-0.0472782775759697
1777498834099685376,0.004370150156319141,0.02265278249979019,-0.04744285345077515
1777498834109728256,0.004908766597509384,0.02288384549319744,-0.04765823110938072
1777498834119751680,0.006210464984178543,0.0232546404004097,-0.04787080362439156
1777498834129755904,0.006831634789705276,0.02317558042705059,-0.04792331531643867
1777498834139740416,0.006764664314687252,0.02295764721930027,-0.04776537790894508
1777498834149705472,0.006066207308322191,0.02304069139063358,-0.04744230583310127
1777498834159651072,0.005380833987146616,0.02335895784199238,-0.04700428619980812
1777498834169581568,0.005318890325725079,0.02390850894153118,-0.0464501827955246
1777498834179493120,0.00455823028460145,0.02367465384304523,-0.04569719731807709
1777498834189385216,0.003756527556106448,0.02357909269630909,-0.04483101144433022
1777498834199257856,0.003280336037278175,0.02373906038701534,-0.04412433132529259
1777498834209111552,0.002606131369248033,0.02400322444736958,-0.04352999851107597
1777498834218946048,0.002099522389471531,0.02430684678256512,-0.04301763325929642
1777498834228761600,0.001278078299947083,0.02432478405535221,-0.04241039976477623
1777498834238557696,0.0004535017360467464,0.02443050593137741,-0.04175413772463799
1777498834248335616,0.0006619125488214195,0.02486562170088291,-0.0411715991795063
1777498834258556416,0.0006983235361985862,0.02526920288801193,-0.04078441113233566
1777498834268757504,0.0009739382076077163,0.02541992627084255,-0.04043387621641159
1777498834278938624,0.001160948653705418,0.02552985213696957,-0.04020773246884346
1777498834289100032,0.001179295126348734,0.02566730789840221,-0.04014431312680244
1777498834299241984,0.001337035675533116,0.02600577473640442,-0.04020784422755241
1777498834309363968,0.0009068710496649146,0.02646965719759464,-0.04028734937310219
1777498834319466240,0.0005828780704177916,0.02699253521859646,-0.04031669348478317
1777498834329548544,0.0006212205626070499,0.02753050625324249,-0.04033584147691727
1777498834339611904,0.00043044428457506,0.02775072306394577,-0.04035823047161102
1777498834349655808,0.0003930164675693959,0.02792041189968586,-0.04042118787765503
1777498834359680256,0.0002438801457174122,0.02826780825853348,-0.04065500572323799
1777498834369684736,0.0004471562278922647,0.0286694560199976,-0.04100392758846283
1777498834379670016,0.0007698453846387565,0.02907262369990349,-0.04151244834065437
1777498834389635840,0.000780031259637326,0.0292813666164875,-0.04213018715381622
1777498834399582208,0.001264455378986895,0.02978423982858658,-0.04273646324872971
1777498834409509120,0.00154553318861872,0.03019231185317039,-0.04342758283019066
1777498834419416576,0.001718336017802358,0.03061148896813393,-0.04406537860631943
1777498834429305088,0.002092852955684066,0.03099279664456844,-0.04470928013324738
1777498834439174144,0.002118275035172701,0.03150127083063126,-0.04539107158780098
1777498834449023744,0.002718251198530197,0.03208456560969353,-0.04607493057847023
1777498834458854144,0.003229247173294425,0.03259409964084625,-0.04676153138279915
1777498834468666624,0.003582692006602883,0.03291769325733185,-0.04739013314247131
1777498834478460928,0.004068432841449976,0.03321745619177818,-0.04803760722279549
1777498834488236288,0.004229784943163395,0.03336520120501518,-0.04867759719491005
1777498834498457344,0.004414306487888098,0.03362365067005157,-0.04920364543795586
1777498834508658432,0.00412555830553174,0.03350832313299179,-0.04953590780496597
1777498834518839040,0.003492989111691713,0.03344165161252022,-0.04976551607251167
1777498834529000192,0.003122056135907769,0.03350610658526421,-0.05000083893537521
1777498834539141888,0.003139346372336149,0.03333887830376625,-0.05007965862751007
1777498834549263104,0.002827347023412585,0.03279972448945045,-0.05017220228910446
1777498834559364608,0.002269322285428643,0.03222529217600822,-0.05022785440087318
1777498834569446400,0.001891467836685479,0.03197789937257767,-0.05032490938901901
1777498834579508480,0.002283370587974787,0.03205923363566399,-0.05065310373902321
1777498834589551360,0.002655798336490989,0.03150492161512375,-0.05082760751247406
1777498834599574784,0.002522569848224521,0.03046398423612118,-0.05087092146277428
1777498834609578752,0.002806119387969375,0.02971780300140381,-0.05095216259360313
1777498834619562752,0.002959382021799684,0.02918020449578762,-0.05108705163002014
1777498834629527296,0.003450770396739244,0.0288817286491394,-0.05130995437502861
1777498834639472384,0.003867132822051644,0.02833268605172634,-0.05139025300741196
1777498834649398272,0.003975190222263336,0.02733691222965717,-0.05137345939874649
1777498834659304448,0.004459437448531389,0.02669822052121162,-0.05125553160905838
1777498834669191680,0.004845019895583391,0.0259854793548584,-0.05107664689421654
1777498834679059968,0.005025861319154501,0.02534030936658382,-0.05081354081630707
1777498834688908544,0.004659574013203382,0.02440127544105053,-0.05041401460766792
1777498834698737664,0.003906259778887033,0.02351583726704121,-0.04996893182396889
1777498834708547584,0.003674431471154094,0.02308678068220615,-0.04947155714035034
1777498834718338304,0.003461664076894522,0.0225679837167263,-0.04897220805287361
1777498834728109568,0.003321822732686996,0.02208179607987404,-0.04851577430963516
1777498834738336512,0.003375095082446933,0.02161309309303761,-0.04808780550956726
1777498834748543488,0.003451545257121325,0.02142309583723545,-0.04768276959657669
1777498834758730752,0.003783795982599258,0.02158899046480656,-0.04743890836834908
1777498834768898304,0.004053012933582067,0.02162162773311138,-0.04719532281160355
1777498834779046144,0.004031192976981401,0.02158870175480843,-0.0469723716378212
1777498834789174016,0.004352342803031206,0.0221183467656374,-0.04664736613631248
1777498834799281920,0.004532610066235065,0.0227394625544548,-0.0463523231446743
1777498834809370368,0.005039955954998732,0.02358656004071236,-0.04600115120410919
1777498834819439104,0.005629988387227058,0.02423900179564953,-0.04552764818072319
1777498834829488128,0.00577307166531682,0.02458054199814796,-0.04499348998069763
1777498834839517696,0.005957123357802629,0.02533928118646145,-0.04436594620347023
1777498834849527808,0.006054523400962353,0.0261685736477375,-0.04370801150798798
1777498834859518464,0.005720277782529593,0.02673589624464512,-0.04294812679290771
1777498834869492736,0.005351736210286617,0.02704443596303463,-0.04195317998528481
1777498834879448064,0.004334887024015188,0.02726146765053272,-0.04078204929828644
1777498834889383936,0.0033707688562572,0.02789849974215031,-0.0394584946334362
1777498834899300352,0.003085267497226596,0.02838003076612949,-0.03804934024810791
1777498834909197568,0.002375181065872312,0.02818276546895504,-0.0365619882941246
1777498834919075328,0.001532219466753304,0.02797081880271435,-0.03517671301960945
1777498834928934144,0.001442798064090312,0.02828527800738811,-0.03391421586275101
1777498834938773248,0.001268674619495869,0.02856099046766758,-0.03300333395600319
1777498834948594176,0.001491133472882211,0.02871798537671566,-0.03208331018686295
1777498834958395648,0.001104653347283602,0.02815494872629642,-0.03106478229165077
1777498834968177664,0.0007783418986946344,0.02812826819717884,-0.03004336543381214
1777498834978177536,0.0006659369100816548,0.02828324772417545,-0.02909985557198524
1777498834988394496,0.0004980643861927092,0.02872974239289761,-0.02829717472195625
1777498834998592000,0.0006546094664372504,0.02864844538271427,-0.0275260079652071
1777498835008769792,0.0007914431625977159,0.02840588614344597,-0.02675200626254082
1777498835018928128,0.0008514811634086072,0.02820222824811935,-0.02606585435569286
1777498835029066496,0.001196668948978186,0.02856985665857792,-0.02553935721516609
1777498835039185152,0.0014639733126387,0.02898727916181087,-0.02511567249894142
1777498835049285376,0.001534839160740376,0.0291366558521986,-0.0245902556926012
1777498835059365120,0.001286716666072607,0.02862356789410114,-0.02397946268320084
1777498835069425408,0.0008023318368941545,0.02863071113824844,-0.02331078611314297
1777498835079465728,0.0006991187110543251,0.02893116883933544,-0.02271388843655586
1777498835089486336,0.000872066942974925,0.02917930483818054,-0.02218926511704922
1777498835099486976,0.0008024839335121214,0.02876698970794678,-0.02164223603904247
1777498835109467904,0.0006527755758725107,0.0282951146364212,-0.0212032962590456
1777498835119429120,0.0009105108911171556,0.02830009907484055,-0.02085898816585541
1777498835129371392,0.001224776031449437,0.02825331874191761,-0.02056766673922539
1777498835139293696,0.001537490519694984,0.0281728059053421,-0.02028353698551655
1777498835149196800,0.001419345964677632,0.02759730070829391,-0.01985095255076885
1777498835159080192,0.001116977422498167,0.02692145481705666,-0.01938572153449059
1777498835168943872,0.001094128121621907,0.02687541209161282,-0.01912450045347214
1777498835178788352,0.001155543024651706,0.02665210515260696,-0.01896580308675766
1777498835188613376,0.001403323258273304,0.02655069902539253,-0.01880724541842937
1777498835198418944,0.001600895659066737,0.02608571015298367,-0.01863639801740646
1777498835208205824,0.001834962051361799,0.02570155076682568,-0.01852656528353691
1777498835218209792,0.002240953035652637,0.02571905590593815,-0.01849542558193207
1777498835228427776,0.002752324566245079,0.02566485852003098,-0.01845258288085461
1777498835238626048,0.002933167153969407,0.02555646002292633,-0.01845573261380196
1777498835248804864,0.002646620152518153,0.02535504661500454,-0.01832054369151592
1777498835258963712,0.002561163157224655,0.02550171315670013,-0.01811093091964722
1777498835269102592,0.002566487761214375,0.02570130862295628,-0.01797735132277012
1777498835279222272,0.00220755347982049,0.0257610660046339,-0.0177676398307085
1777498835289321984,0.001897262176498771,0.02589557133615017,-0.01747533679008484
1777498835299401728,0.002056540688499808,0.02609885670244694,-0.01716806553304195
1777498835309461760,0.001947492361068726,0.02612327598035336,-0.01690888404846191
1777498835319502080,0.001682480680756271,0.02609450742602348,-0.01670966856181622
1777498835329522432,0.001325361896306276,0.02627256698906422,-0.01657245494425297
1777498835339523328,0.0005944020231254399,0.02655788324773312,-0.01633921265602112
1777498835349504256,0.0008547363104298711,0.02747887745499611,-0.01603946462273598
1777498835359465984,0.001209868118166924,0.02775357663631439,-0.01599160768091679
1777498835369409536,0.001715363003313541,0.02748141437768936,-0.01609655097126961
1777498835379333888,0.002501975977793336,0.02723118476569653,-0.01633214019238949
1777498835389239040,0.003127174219116569,0.02744016796350479,-0.01657252013683319
1777498835399124736,0.003228070447221398,0.02820638008415699,-0.01683907955884933
1777498835408991488,0.002992799039930105,0.02899518422782421,-0.01702469773590565
1777498835418838784,0.002801258349791169,0.02950303256511688,-0.01709538884460926
1777498835428666624,0.002326309680938721,0.02986721135675907,-0.01703310944139957
1777498835438475264,0.001785172382369637,0.03033311665058136,-0.01695607043802738
1777498835448264960,0.001585213001817465,0.03121867217123508,-0.01697451807558537
1777498835458035712,0.001769199152477086,0.03248799219727516,-0.01720616780221462
1777498835468256000,0.001741835731081665,0.03319168463349342,-0.01748362369835377
1777498835478456576,0.002032580319792032,0.03400473296642303,-0.01779335364699364
1777498835488636928,0.002267940435558558,0.03452865779399872,-0.01820303685963154
1777498835498797568,0.002456042915582657,0.03497932851314545,-0.01870900578796864
1777498835508938240,0.002264932729303837,0.0354573167860508,-0.01915654540061951
1777498835519059456,0.00199342193081975,0.03618328645825386,-0.01954593881964684
1777498835529160192,0.002137327333912253,0.03659627959132195,-0.01994796097278595
1777498835539241216,0.00212194980122149,0.03693088516592979,-0.02029979974031448
1777498835549302272,0.002264367882162333,0.03684071451425552,-0.02053716778755188
1777498835559343104,0.002289682161062956,0.03695327043533325,-0.02082392014563084
1777498835569364480,0.002265895484015346,0.03693316131830215,-0.02116432227194309
1777498835579366144,0.002652980852872133,0.03686869144439697,-0.02154357917606831
1777498835589348096,0.002771394094452262,0.03633544966578484,-0.02191291749477386
1777498835599310336,0.002487450139597058,0.03560334071516991,-0.02215898036956787
1777498835609252864,0.002513870596885681,0.0351392850279808,-0.02237259596586227
1777498835619175424,0.002831699326634407,0.03457262367010117,-0.02264295890927315
1777498835629078784,0.002641284139826894,0.03367271646857262,-0.02283785305917263
1777498835638962176,0.002490828977897763,0.03272490203380585,-0.02300127223134041
1777498835648825856,0.002758692484349012,0.0317012332379818,-0.02323123998939991
1777498835658670592,0.003081307280808687,0.03064552880823612,-0.02343315631151199
1777498835668497920,0.003265401814132929,0.02934935502707958,-0.02355527691543102
1777498835678307072,0.003614591900259256,0.02810384705662727,-0.0237595085054636
1777498835688096768,0.003864155383780599,0.02671823650598526,-0.02388209477066994
1777498835697867520,0.004041795153170824,0.02542295306921005,-0.02394464425742626
1777498835708088576,0.004343420267105103,0.02400490455329418,-0.02389403618872166
1777498835718289920,0.004224339034408331,0.02237195521593094,-0.0238679051399231
1777498835728471552,0.003878571791574359,0.02119620330631733,-0.02389761060476303
1777498835738633216,0.004131870809942484,0.02062653005123138,-0.0239570327103138
1777498835748775680,0.004187441430985928,0.01994773373007774,-0.02405728399753571
1777498835758898432,0.004933695774525404,0.0194431971758604,-0.02412513084709644
1777498835769003008,0.006138528697192669,0.01876302994787693,-0.02449041232466698
1777498835779087616,0.007513897027820349,0.01775821857154369,-0.02507593110203743
1777498835789152512,0.008937720209360123,0.0172076690942049,-0.02565774507820606
1777498835799197440,0.009612158872187138,0.01690318435430527,-0.02623867429792881
1777498835809223168,0.01061266381293535,0.01733149774372578,-0.02664401195943356
1777498835819229184,0.01107200048863888,0.01708590053021908,-0.02673572860658169
1777498835829215744,0.01127148605883121,0.01704059354960918,-0.0265376940369606
1777498835839182592,0.0108875073492527,0.01683257147669792,-0.02612666971981525
1777498835849130240,0.01046558190137148,0.01731449924409389,-0.02550809271633625
1777498835859058432,0.0101423216983676,0.0176907405257225,-0.02475862018764019
1777498835868967424,0.009440474212169647,0.01785721257328987,-0.02374761365354061
1777498835878856448,0.008042102679610252,0.01751044765114784,-0.02257601544260979
1777498835888726272,0.006459522061049938,0.01777410879731178,-0.02128884755074978
1777498835898576640,0.005299299489706755,0.01805223897099495,-0.01999521628022194
1777498835908407808,0.004531417042016983,0.0184179712086916,-0.01888712868094444
1777498835918219520,0.00380412326194346,0.01854908652603626,-0.01788262464106083
1777498835928015872,0.003380032489076257,0.0186590701341629,-0.01695853844285011
1777498835937793280,0.003726295195519924,0.01921206898987293,-0.01621601358056068
1777498835948020736,0.004050752613693476,0.01970728300511837,-0.01564681343734264
1777498835958228736,0.00418523047119379,0.02054497972130775,-0.01517399307340384
1777498835968416768,0.004438720177859068,0.02128901146352291,-0.01466888282448053
1777498835978585344,0.004339564125984907,0.02232405357062817,-0.01407322939485312
1777498835988734208,0.004403377417474985,0.02322281338274479,-0.01339341700077057
1777498835998863360,0.004808865487575531,0.02427135221660137,-0.0126181747764349
1777498836008972800,0.004447213374078274,0.02478686906397343,-0.01182353403419256
1777498836019062528,0.004302680492401123,0.02560801804065704,-0.01105253305286169
1777498836029132032,0.003898549824953079,0.02656411752104759,-0.01035469397902489
1777498836039181824,0.003550387220457196,0.0275613721460104,-0.009681366384029388
1777498836049211904,0.00327816721983254,0.02809764072299004,-0.009011364541947842
1777498836059222784,0.002760108560323715,0.02843081392347813,-0.008295023813843727
1777498836069216768,0.002221656730398536,0.02852311544120312,-0.007594754453748465
1777498836079191040,0.00175632000900805,0.0290856659412384,-0.006990113295614719
1777498836089146112,0.001481229555793107,0.02965473756194115,-0.006435137707740068
1777498836099081472,0.001512158080004156,0.02986676432192326,-0.00600721687078476
1777498836108997632,0.00149560475256294,0.02985755167901516,-0.005578903015702963
1777498836118894080,0.001661920687183738,0.02970137074589729,-0.005225751083344221
1777498836128771328,0.002065000357106328,0.02973704971373081,-0.005091164726763964
1777498836138629120,0.002312668832018971,0.02960389107465744,-0.005002588499337435
1777498836148468224,0.002798969857394695,0.02933322452008724,-0.004978535231202841
1777498836158287872,0.003318378934636712,0.02858751825988293,-0.004940490238368511
1777498836168088320,0.00368351093493402,0.02796295471489429,-0.004806279204785824
1777498836177870080,0.004297133535146713,0.02767830342054367,-0.004824625793844461
1777498836188098048,0.005509600043296814,0.02696415595710278,-0.004855339881032705
1777498836198306048,0.006054600235074759,0.02538046985864639,-0.00475773261860013
1777498836208494336,0.00594972912222147,0.02395601384341717,-0.00458210427314043
1777498836218662656,0.005389032885432243,0.02335128001868725,-0.004368491936475039
1777498836228811008,0.005220029503107071,0.02311795391142368,-0.004081807099282742
1777498836238939904,0.004787408746778965,0.02255570329725742,-0.003684815485030413
1777498836249048832,0.003827517852187157,0.02146953344345093,-0.003069052239879966
1777498836259140096,0.003014273475855589,0.02055662125349045,-0.002517269924283028
1777498836269211648,0.002764698350802064,0.0206149946898222,-0.002187648555263877
1777498836279263744,0.002869495889171958,0.02076842822134495,-0.002089896937832236
1777498836289296384,0.003052520100027323,0.02078457176685333,-0.002079798607155681
1777498836299309312,0.00290495646186173,0.02058070525527,-0.002105606021359563
1777498836309302784,0.00324124563485384,0.02089859358966351,-0.002282606204971671
1777498836319276800,0.003901973832398653,0.02167778648436069,-0.002617840189486742
1777498836329230848,0.004678108263760805,0.02237323485314846,-0.002964883577078581
1777498836339165952,0.005166467744857073,0.02265122160315514,-0.003205287968739867
1777498836349082368,0.005634181201457977,0.02305412851274014,-0.003388831624761224
1777498836358979072,0.00601684208959341,0.02373321913182735,-0.003609756240621209
1777498836368856320,0.006323103792965412,0.02493073605000973,-0.003857915755361319
1777498836378714112,0.006274989806115627,0.02559903264045715,-0.004018377047032118
1777498836388552704,0.005838517565280199,0.02634928002953529,-0.004051413852721453
1777498836398372096,0.005265537649393082,0.02718026377260685,-0.004065365064889193
1777498836408172032,0.004875689744949341,0.02832574024796486,-0.004101429600268602
1777498836417953792,0.004275333601981401,0.02922820299863815,-0.004156834911555052
1777498836427953920,0.003816925687715411,0.03020239993929863,-0.004166504833847284
1777498836438171904,0.003433631267398596,0.03115309774875641,-0.004181035328656435
1777498836448369920,0.003453250043094158,0.03218840062618256,-0.004298136569559574
1777498836458548480,0.003680172841995955,0.03310338780283928,-0.004533302038908005
1777498836468707584,0.004095096606761217,0.03376032412052155,-0.004840177949517965
1777498836478846976,0.00457663694396615,0.03422388061881065,-0.00520537281408906
1777498836488966144,0.00510669220238924,0.03457609191536903,-0.005586473271250725
1777498836499065856,0.005610692780464888,0.03487006574869156,-0.005957688204944134
1777498836509145600,0.005584531929343939,0.03504742309451103,-0.006306757219135761
1777498836519205376,0.005533259361982346,0.03509875014424324,-0.00654898677021265
1777498836529245440,0.005231291055679321,0.03503527492284775,-0.006634961348026991
1777498836539267072,0.004655684344470501,0.03473140299320221,-0.006541958078742027
1777498836549269504,0.004400059580802917,0.03431316465139389,-0.006447346415370703
1777498836559252480,0.004124041646718979,0.03351658582687378,-0.006310823373496532
1777498836569217024,0.003693176666274667,0.03275403007864952,-0.006208299193531275
1777498836579163392,0.003617235226556659,0.03228914365172386,-0.00623343838378787
1777498836589090304,0.004070376046001911,0.03208018094301224,-0.0064281290397048
1777498836598997760,0.004867888987064362,0.030647998675704,-0.006874791346490383
1777498836608886272,0.005545696243643761,0.02878191135823727,-0.007378611247986555
1777498836618755584,0.005653268191963434,0.02696859091520309,-0.007888277992606163
1777498836628605440,0.005473746452480555,0.02604968845844269,-0.008490618318319321
1777498836638436096,0.00570604344829917,0.02533820457756519,-0.009054762311279774
1777498836648247808,0.006379315163940191,0.02423342317342758,-0.009493072517216206
1777498836658040576,0.006713604554533958,0.02220621891319752,-0.009705784730613232
1777498836668046336,0.006595133803784847,0.02043751627206802,-0.009815523400902748
1777498836678264320,0.006813260726630688,0.01946541108191013,-0.01005596294999123
1777498836688462336,0.007459513377398252,0.01908950693905354,-0.01036105491220951
1777498836698639872,0.007076491136103868,0.01802847906947136,-0.01060830429196358
1777498836708797696,0.006039445754140615,0.01661584712564945,-0.01066961139440536
1777498836718936064,0.005617989692837,0.01578023470938206,-0.01085947826504707
1777498836729054208,0.005565595347434282,0.01582209579646587,-0.01121002715080976
1777498836739153920,0.006398729979991913,0.01596678048372269,-0.0116261737421155
1777498836749234688,0.006497905123978853,0.01553028915077448,-0.01202350948005915
1777498836759295488,0.006245869677513838,0.01505652070045471,-0.01234446745365858
1777498836769336576,0.006562874652445316,0.0157002042979002,-0.01275764126330614
1777498836779358464,0.006997892167419195,0.01700245589017868,-0.01333570946007967
1777498836789360640,0.007169162388890982,0.01805347763001919,-0.01382639817893505
1777498836799343360,0.007222396321594715,0.01867035776376724,-0.01411842182278633
1777498836809306624,0.007093015126883984,0.01922965794801712,-0.0144050307571888
1777498836819250176,0.007496063131839037,0.02068948186933994,-0.01474442146718502
1777498836829174016,0.008126878179609776,0.02219638414680958,-0.01507697906345129
1777498836839078656,0.00825339462608099,0.02372411638498306,-0.01529104541987181
1777498836848964352,0.008068912662565708,0.02484667859971523,-0.01539954263716936
1777498836858830336,0.007942280732095242,0.02593814209103584,-0.01541061699390411
1777498836868676864,0.007635070011019707,0.02727599628269672,-0.01544688362628222
1777498836878503936,0.007551152259111404,0.0290845725685358,-0.0154295302927494
1777498836888312064,0.006971990689635277,0.03038540668785572,-0.01535560749471188
1777498836898100736,0.006737643387168646,0.03194379806518555,-0.01524083781987429
1777498836908104960,0.006489082239568233,0.03335494548082352,-0.01515593566000462
1777498836918324224,0.006360234692692757,0.03504446148872375,-0.01516102440655231
1777498836928523776,0.00655802246183157,0.03664913401007652,-0.01512988284230232
1777498836938704384,0.006852356251329184,0.03789330646395683,-0.01509923115372658
1777498836948865280,0.007115981075912714,0.03888972476124763,-0.01505659334361553
1777498836959006208,0.007147942204028368,0.03960360959172249,-0.01501885801553726
1777498836969127424,0.006973593961447477,0.04049915447831154,-0.01496094465255737
1777498836979229184,0.006513230502605438,0.04132211580872536,-0.01484540943056345
1777498836989311232,0.006533974315971136,0.04148207977414131,-0.01462314650416374
1777498836999373568,0.00618682848289609,0.0409361869096756,-0.01439623441547155
1777498837009416192,0.005469906609505415,0.04063991457223892,-0.01421565469354391
1777498837019439872,0.005005131475627422,0.04082714021205902,-0.01415020320564508
1777498837029444096,0.005257094278931618,0.04146987944841385,-0.01424725353717804
1777498837039429632,0.005492310039699078,0.04114643484354019,-0.01444093324244022
1777498837049396480,0.005337014328688383,0.04029317200183868,-0.01450076978653669
1777498837059344128,0.005066133569926023,0.03983975946903229,-0.01461925078183413
1777498837069272320,0.005168010946363211,0.04036351293325424,-0.01486315298825502
1777498837079181312,0.005435261409729719,0.04096601158380508,-0.01515574008226395
1777498837089071360,0.004999404307454824,0.04074960947036743,-0.01546650286763906
1777498837098941952,0.004576859064400196,0.04023530334234238,-0.01575489528477192
1777498837108793344,0.004138804040849209,0.04037449508905411,-0.016169473528862
1777498837118625792,0.00457808980718255,0.04154961183667183,-0.01688826642930508
1777498837128439552,0.005598219111561775,0.04259657859802246,-0.01769907586276531
1777498837138233856,0.005158134270459414,0.04277080297470093,-0.01857511885464191
1777498837148009216,0.004928912501782179,0.04340396448969841,-0.01953872665762901
1777498837158230272,0.00534485001116991,0.04507435485720634,-0.02069953456521034
1777498837168431360,0.005581074859946966,0.04705049842596054,-0.02203010022640228
1777498837178612480,0.005878642667084932,0.04884450882673264,-0.02330478839576244
1777498837188773632,0.005862975027412176,0.0502556599676609,-0.0244471188634634
1777498837198914816,0.006079533603042364,0.05210042744874954,-0.02563005872070789
1777498837209036032,0.006691862363368273,0.05459628254175186,-0.02692444622516632
1777498837219137536,0.007419777568429708,0.05703165009617805,-0.02817619778215885
1777498837229219072,0.007844067178666592,0.05917457118630409,-0.02928364649415016
1777498837239282944,0.008188854902982712,0.06120011210441589,-0.03017543256282806
1777498837249329152,0.008275865577161312,0.06334151327610016,-0.03101805038750172
1777498837259355648,0.008317438885569572,0.06571640074253082,-0.03180849179625511
1777498837269362432,0.008401022292673588,0.06810168921947479,-0.03243699669837952
1777498837279349504,0.008117220364511013,0.06985320150852203,-0.03289534524083138
1777498837289317120,0.007702518720179796,0.07161147147417068,-0.03320242837071419
1777498837299265024,0.007468016352504492,0.07344048470258713,-0.03341745585203171
1777498837309193216,0.007196118123829365,0.0755026638507843,-0.0336475558578968
1777498837319102208,0.007110057398676872,0.07759507745504379,-0.03374616429209709
1777498837328992000,0.00680840527638793,0.07948379218578339,-0.03377499058842659
1777498837338862336,0.006596302147954702,0.0812079980969429,-0.03383686766028404
1777498837348713216,0.006341493222862482,0.08330512046813965,-0.03390685096383095
1777498837358544640,0.006237339228391647,0.08576348423957825,-0.03408540785312653
1777498837368356608,0.005615535657852888,0.08809638023376465,-0.03434810787439346
1777498837378149376,0.005016340408474207,0.09016509354114532,-0.03441273793578148
1777498837387923200,0.004575058817863464,0.09215383231639862,-0.0343482680618763
1777498837398150656,0.004242945928126574,0.09409021586179733,-0.0343402624130249
1777498837408358400,0.003776042256504297,0.0965317115187645,-0.03461172059178352
1777498837418546176,0.003765994682908058,0.09945081919431686,-0.03507047519087791
1777498837428715008,0.004667686764150858,0.1026580929756165,-0.03582894429564476
1777498837438864128,0.00533625390380621,0.1053661927580833,-0.0366077832877636
1777498837448993280,0.005523621570318937,0.1076942458748817,-0.03728114068508148
1777498837459102464,0.005640444345772266,0.1105701625347137,-0.03804849088191986
1777498837469192448,0.00567102013155818,0.1139087677001953,-0.03883526474237442
1777498837479262208,0.005681624636054039,0.1174634769558907,-0.03955046460032463
1777498837489312256,0.005572000052779913,0.1206231564283371,-0.04007930681109428
1777498837499342848,0.005397284869104624,0.1239347830414772,-0.04054533317685127
1777498837509354240,0.005786754190921783,0.1277753114700317,-0.04106518626213074
1777498837519345920,0.006188659928739071,0.131622701883316,-0.04166822507977486
1777498837529318144,0.00617870083078742,0.1354553252458572,-0.04227674379944801
1777498837539270656,0.005473727360367775,0.1391284763813019,-0.04282883554697037
1777498837549204736,0.004878533538430929,0.1427817195653915,-0.0434003621339798
1777498837559120896,0.004456252790987492,0.1466987580060959,-0.04403647035360336
1777498837569017600,0.004241107497364283,0.1505239009857178,-0.04456300660967827
1777498837578894848,0.003851387184113264,0.1540125906467438,-0.04503831267356873
1777498837588753152,0.003566928440704942,0.1574514508247375,-0.04552726820111275
1777498837598592000,0.003721649060025811,0.1608251333236694,-0.04604466632008553
1777498837608411648,0.003613301320001483,0.1640626043081284,-0.04660479724407196
1777498837618211840,0.003184382105246186,0.1668445020914078,-0.04724821820855141
1777498837627993088,0.00291839987039566,0.1697501838207245,-0.04793485626578331
1777498837638220288,0.003049486316740513,0.1725867390632629,-0.04872990772128105
1777498837648428032,0.003540816018357873,0.1750467568635941,-0.0495787002146244
1777498837658616064,0.003881000680848956,0.1768627613782883,-0.05036837607622147
1777498837668785152,0.004084398038685322,0.1787345409393311,-0.05113683268427849
1777498837678934784,0.004359991289675236,0.1805640310049057,-0.05200665071606636
1777498837689064704,0.004657972604036331,0.1825782507658005,-0.05288800224661827
1777498837699175168,0.004225712269544601,0.1838466227054596,-0.05374099686741829
1777498837709266176,0.003834018716588616,0.1846535056829453,-0.05442650988698006
1777498837719337984,0.003372142324224114,0.1852057576179504,-0.05505659431219101
1777498837729389824,0.002917721401900053,0.1860477924346924,-0.05567364394664764
1777498837739422208,0.001906746416352689,0.1864844262599945,-0.05647565424442291
1777498837749438208,-0.0008053122437559068,0.185171976685524,-0.0569477379322052
1777498837759435008,-0.003685559844598174,0.1837703585624695,-0.05671476200222969
1777498837769412352,-0.004827605560421944,0.1804766356945038,-0.0564824640750885
1777498837779370240,-0.00876450352370739,0.1766025274991989,-0.05607230216264725
1777498837789308672,-0.01122857537120581,0.1737920045852661,-0.05602739751338959
1777498837799228160,-0.01099559757858515,0.1735594868659973,-0.05636404454708099
1777498837809128192,-0.009850914590060711,0.1718317270278931,-0.05757008120417595
1777498837819009280,-0.009208063594996929,0.1700755506753922,-0.05917278677225113
1777498837828871680,-0.008894503116607666,0.1687856018543243,-0.06116336584091187
1777498837838714624,-0.006836363114416599,0.1671447902917862,-0.06352769583463669
1777498837848538368,-0.005349580198526382,0.1663776040077209,-0.06626101583242416
1777498837858343168,-0.005192611832171679,0.1653247177600861,-0.06914504617452621
1777498837868128512,-0.005699045024812222,0.1657907515764236,-0.07212741672992706
1777498837878130176,-0.005577314645051956,0.1673286706209183,-0.07532966881990433
1777498837888347648,-0.00414278032258153,0.1688874065876007,-0.07844746857881546
1777498837898545408,-0.00379158416762948,0.1684921681880951,-0.08118396997451782
1777498837908723200,-0.004202236421406269,0.1676963567733765,-0.08361551910638809
1777498837918881792,-0.004771593026816845,0.168012723326683,-0.08609078079462051
1777498837929020160,-0.004942803177982569,0.1699960976839066,-0.0887754037976265
1777498837939139328,-0.004384378436952829,0.1707551628351212,-0.0915234386920929
1777498837949240064,-0.00530357426032424,0.1704176366329193,-0.0940580740571022
1777498837959321344,-0.006869551725685596,0.1692570298910141,-0.09625116735696793
1777498837969382912,-0.007917924784123898,0.1698474287986755,-0.09842256456613541
1777498837979425280,-0.008058100007474422,0.1707766205072403,-0.1006780117750168
1777498837989448192,-0.007997396402060986,0.1701174676418304,-0.1030221879482269
1777498837999451648,-0.009074874222278595,0.1677612811326981,-0.1053579151630402
1777498838009435392,-0.009853577241301537,0.1658378094434738,-0.1079481542110443
1777498838019400448,-0.008658063597977161,0.1673447638750076,-0.1105560064315796
1777498838029346304,-0.008302031084895134,0.1662518978118896,-0.1132563501596451
1777498838039272704,-0.009306473657488823,0.1629801690578461,-0.1159487292170525
1777498838049179904,-0.01077891420572996,0.1601501256227493,-0.1184015870094299
1777498838059067904,-0.01020220294594765,0.1598321050405502,-0.1210866644978523
1777498838068937216,-0.008604573085904121,0.1601654142141342,-0.1237866133451462
1777498838078787328,-0.009270388633012772,0.1568901985883713,-0.1264967322349548
1777498838088618240,-0.01044502202421427,0.1540478467941284,-0.1289877593517303
1777498838098431232,-0.01054990850389004,0.1529940366744995,-0.1315019875764847
1777498838108231680,-0.01164376363158226,0.1505288034677505,-0.1340042352676392
1777498838118241536,-0.01265668775886297,0.1489077061414719,-0.1363974958658218
1777498838128460032,-0.01419235300272703,0.145634189248085,-0.1385143399238586
1777498838138658560,-0.0163604374974966,0.1428356319665909,-0.140661209821701
1777498838148837632,-0.01787998341023922,0.1404611319303513,-0.1429647505283356
1777498838158997248,-0.01926800794899464,0.1386716961860657,-0.1454920470714569
1777498838169136896,-0.02042072452604771,0.1369605362415314,-0.1479339897632599
1777498838179256832,-0.02132204920053482,0.1341258585453033,-0.1503670960664749
1777498838189357568,-0.02157669141888618,0.1308536231517792,-0.1531775891780853
1777498838199438336,-0.02125202864408493,0.1277862787246704,-0.1562315225601196
1777498838209499136,-0.02053714171051979,0.1256515383720398,-0.1598623991012573
1777498838219540736,-0.01933348923921585,0.1237407997250557,-0.1635000854730606
1777498838229562880,-0.01955214142799377,0.1205893158912659,-0.1669638305902481
1777498838239565568,-0.02026547864079475,0.1178852170705795,-0.1702398508787155
1777498838249548800,-0.02146158739924431,0.1158004701137543,-0.1735723912715912
1777498838259516416,-0.02249610424041748,0.114902026951313,-0.1768861413002014
1777498838269464832,-0.02313139475882053,0.1137090548872948,-0.1803250014781952
1777498838279393792,-0.02421673014760017,0.1121927872300148,-0.1837575882673264
1777498838289303552,-0.02542980574071407,0.1098220124840736,-0.1871688514947891
1777498838299194112,-0.02680466137826443,0.1081916838884354,-0.1906299889087677
1777498838309065216,-0.02766827680170536,0.1068597286939621,-0.1942957192659378
1777498838318916864,-0.02831350266933441,0.1053620204329491,-0.1982531994581223
1777498838328749312,-0.02902458608150482,0.1036533042788506,-0.2023494988679886
1777498838338563072,-0.02867828868329525,0.1024177074432373,-0.2065850794315338
1777498838348357376,-0.0281257126480341,0.1005815863609314,-0.2111906260251999
1777498838358132736,-0.02818202041089535,0.09843085706233978,-0.2158695012331009
1777498838368352256,-0.02935285121202469,0.09606071561574936,-0.2204540967941284
1777498838378551808,-0.03063897043466568,0.09522577375173569,-0.2250669002532959
1777498838388731648,-0.03117096796631813,0.09447083622217178,-0.2297168374061584
1777498838398891776,-0.03223063051700592,0.09321591258049011,-0.2344192862510681
1777498838409033984,-0.0335242748260498,0.09141586720943451,-0.2391065359115601
1777498838419156224,-0.0340893566608429,0.09039143472909927,-0.2439371794462204
1777498838429259264,-0.03410437703132629,0.09022650867700577,-0.2491504102945328
1777498838439342336,-0.03388160839676857,0.08975011855363846,-0.2546209096908569
1777498838449406720,-0.03374306857585907,0.08823952823877335,-0.2599583268165588
1777498838459451392,-0.03452768176794052,0.08666647970676422,-0.2650487422943115
1777498838469476608,-0.03537829592823982,0.08554371446371078,-0.2701534330844879
1777498838479482624,-0.03592770919203758,0.08482801914215088,-0.2753843069076538
1777498838489469696,-0.03651197254657745,0.08394535630941391,-0.2807513475418091
1777498838499437824,-0.03714437782764435,0.08274051547050476,-0.2860957980155945
1777498838509386496,-0.03756522014737129,0.08097632229328156,-0.2913604378700256
1777498838519318016,-0.03746065124869347,0.07990500330924988,-0.296614944934845
1777498838529232128,-0.03762577474117279,0.07902637869119644,-0.3020413517951965
1777498838539127296,-0.03782336786389351,0.07856737822294235,-0.3076379597187042
1777498838549003008,-0.03723122179508209,0.07811963558197021,-0.3133300542831421
1777498838558859520,-0.03585738688707352,0.0771758183836937,-0.3191956281661987
1777498838568697344,-0.0341622531414032,0.07627975195646286,-0.3252963125705719
1777498838578515712,-0.03181304410099983,0.07555215805768967,-0.3317148685455322
1777498838588315136,-0.02877249382436275,0.07492638379335403,-0.3384692072868347
1777498838598095872,-0.0256968904286623,0.0743153914809227,-0.345506340265274
1777498838608316672,-0.02249209210276604,0.07353857159614563,-0.352674126625061
1777498838618517760,-0.01962762698531151,0.07282126694917679,-0.3598887920379639
1777498838628698880,-0.01685977168381214,0.07225543260574341,-0.3670443296432495
1777498838638860544,-0.01471150387078524,0.07169461250305176,-0.3740693032741547
1777498838649003264,-0.01326111424714327,0.07118809968233109,-0.3810209333896637
1777498838659126272,-0.01179558783769608,0.07059016823768616,-0.3877264857292175
1777498838669229568,-0.01013574656099081,0.06973099708557129,-0.3943064212799072
1777498838679313152,-0.008636776357889175,0.06874068081378937,-0.4007799327373505
1777498838689377280,-0.007196094840764999,0.0676553025841713,-0.407282829284668
1777498838699421696,-0.00567425275221467,0.06722600758075714,-0.4138346314430237
1777498838709446400,-0.00463625555858016,0.06708867102861404,-0.4203498959541321
1777498838719452416,-0.003190186573192477,0.06689222902059555,-0.4267882704734802
1777498838729438720,-0.00258584413677454,0.06599628925323486,-0.433010995388031
1777498838739405312,-0.002620064886286855,0.06491247564554214,-0.4391210973262787
1777498838749352448,-0.002801742404699326,0.06452740728855133,-0.445258617401123
1777498838759280128,-0.002543960465118289,0.06471963971853256,-0.4514238834381104
1777498838769188608,-0.002520831534639001,0.06424176692962646,-0.4574586749076843
1777498838779077632,-0.00295697757974267,0.0630757063627243,-0.4632749855518341
1777498838788953088,-0.003023457946255803,0.06195983290672302,-0.4689782857894897
1777498838798809600,-0.002607151633128524,0.06147783249616623,-0.4747163653373718
1777498838808646656,-0.002026134403422475,0.06088221445679665,-0.4804629385471344
1777498838818464512,-0.001888237544335425,0.05991708114743233,-0.4861518740653992
1777498838828264192,-0.002082665450870991,0.05850024148821831,-0.4917106032371521
1777498838838044672,-0.002131292596459389,0.05747051909565926,-0.4972662031650543
1777498838848271104,-0.002167606260627508,0.05666382983326912,-0.5028907656669617
1777498838858477568,-0.001847699750214815,0.05609266832470894,-0.5085139274597168
1777498838868665344,-0.001956830732524395,0.05495142564177513,-0.5140718817710876
1777498838878833664,-0.002043657470494509,0.05398682877421379,-0.5196682810783386
1777498838888982016,-0.0020837492775172,0.05315578356385231,-0.5253115892410278
1777498838899110656,-0.002066690241917968,0.0528116263449192,-0.5310766100883484
1777498838909219840,-0.002335819182917476,0.05235536023974419,-0.5369440913200378
1777498838919309312,-0.00217427546158433,0.05189395323395729,-0.5428234934806824
1777498838929378816,-0.002084997016936541,0.05130628123879433,-0.5487770438194275
1777498838939428864,-0.001884671277366579,0.05116254463791847,-0.5547752976417542
1777498838949459456,-0.001434311969205737,0.05136678367853165,-0.5608758330345154
1777498838959470848,-0.001013729837723076,0.05188511312007904,-0.5670971870422363
1777498838969464576,-0.0006020482978783548,0.05216698721051216,-0.5733657479286194
1777498838979440384,-0.0004977855132892728,0.05270319059491158,-0.5796916484832764
1777498838989397248,-0.0001832272828323767,0.05343270301818848,-0.5860478281974792
1777498838999334912,0.0001568611041875556,0.05441869050264359,-0.5924258232116699
1777498839009253120,0.0006632126751355827,0.0552116222679615,-0.5988033413887024
1777498839019152384,0.001260916469618678,0.05584123358130455,-0.6051432490348816
1777498839029032448,0.001958205131813884,0.05650187283754349,-0.6114250421524048
1777498839038893056,0.002705575432628393,0.05728895589709282,-0.6177105903625488
1777498839048734976,0.003157171653583646,0.05805670097470284,-0.6239680051803589
1777498839058557952,0.003413939150050282,0.05850694701075554,-0.6301023960113525
1777498839068361984,0.003313198452815413,0.05882507190108299,-0.6361733078956604
1777498839078147328,0.002980329561978579,0.05895344540476799,-0.6421142816543579
1777498839088374016,0.002373898401856422,0.05917570739984512,-0.6480477452278137
1777498839098581248,0.002113071037456393,0.05964912101626396,-0.6538870930671692
1777498839108769024,0.002084882231429219,0.0598309189081192,-0.659667432308197
1777498839118936832,0.002308118157088757,0.06004813313484192,-0.6654568910598755
1777498839129084928,0.002825846197083592,0.05995171517133713,-0.6712903380393982
1777498839139213312,0.003663825569674373,0.05966459214687347,-0.6771126389503479
1777498839149322240,0.004234656225889921,0.05935265123844147,-0.6828620433807373
1777498839159413248,0.004182909615337849,0.05901240184903145,-0.6885870695114136
1777498839169485312,0.003668478457257152,0.05874209851026535,-0.6941901445388794
1777498839179537920,0.003208316629752517,0.05851441994309425,-0.6997096538543701
1777498839189570816,0.002568418392911553,0.05811320617794991,-0.7050929069519043
1777498839199584512,0.001700421795248985,0.05770747736096382,-0.7103183269500732
1777498839209578752,0.0008863664697855711,0.05749575421214104,-0.7154679298400879
1777498839219553280,0.0008462982950732112,0.05788249894976616,-0.7206080555915833
1777498839229508608,0.0007939845090731978,0.0579751618206501,-0.7257721424102783
1777498839239444992,0.0007072270382195711,0.05796119943261147,-0.7308399081230164
1777498839249361664,0.000435633904999122,0.05784488096833229,-0.7359106540679932
1777498839259259392,0.0004213167121633887,0.05832977965474129,-0.7410347461700439
1777498839269137664,0.0001690162607701495,0.05881711840629578,-0.7462024092674255
1777498839278996480,-0.0003176975878886878,0.05937715619802475,-0.7512950897216797
1777498839288836352,-0.0011840007500723,0.05962012708187103,-0.7562720775604248
1777498839298656512,-0.002037873025983572,0.06020187959074974,-0.7612387537956238
1777498839308457984,-0.002878312487155199,0.06098959594964981,-0.7662166357040405
1777498839318241536,-0.003973753657191992,0.06181784719228745,-0.7712488174438477
1777498839328242432,-0.005024582147598267,0.0625421479344368,-0.776331901550293
1777498839338460160,-0.006279062479734421,0.06310105323791504,-0.7814837098121643
1777498839348657920,-0.007288852240890265,0.06370630115270615,-0.7867633700370789
1777498839358835968,-0.007895216345787048,0.064406618475914,-0.792224645614624
1777498839368994048,-0.00843631848692894,0.06504872441291809,-0.7978430986404419
1777498839379132672,-0.00850945059210062,0.06525073945522308,-0.803611159324646
1777498839389252864,-0.008433458395302296,0.06542838364839554,-0.8094810843467712
1777498839399353344,-0.008161754347383976,0.06545338779687881,-0.8153899908065796
1777498839409434368,-0.008042111992835999,0.06564176827669144,-0.8214865922927856
1777498839419495680,-0.007600815501064062,0.0656907930970192,-0.8276661038398743
1777498839429537536,-0.007661042734980583,0.06534898281097412,-0.8339574337005615
1777498839439559936,-0.007305312901735306,0.0649532750248909,-0.840331494808197
1777498839449562880,-0.007113058120012283,0.0642770454287529,-0.8468174934387207
1777498839459546368,-0.007135146763175726,0.0638672262430191,-0.8533756136894226
1777498839469510912,-0.006790557410567999,0.06337913125753403,-0.8600026369094849
1777498839479456000,-0.007016373798251152,0.06272648274898529,-0.8666709661483765
1777498839489381376,-0.007101460359990597,0.06190380081534386,-0.873384952545166
1777498839499287552,-0.006982139311730862,0.06130274012684822,-0.8801294565200806
1777498839509174016,-0.007266308646649122,0.06057383865118027,-0.886957585811615
1777498839519041280,-0.007251945789903402,0.05990335717797279,-0.8938342332839966
1777498839528889600,-0.007038533687591553,0.05898125097155571,-0.9008024334907532
1777498839538719232,-0.006607143674045801,0.05773626267910004,-0.9078526496887207
1777498839548536576,-0.006424331106245518,0.05644655972719193,-0.9149969220161438
1777498839558335232,-0.006046783644706011,0.0556202344596386,-0.9223536252975464
1777498839568343808,-0.004712203051894903,0.05513642355799675,-0.9299075603485107
1777498839578561280,-0.003925077617168427,0.05432448908686638,-0.9375333786010742
1777498839588758784,-0.002970022847875953,0.05297228693962097,-0.9451121687889099
1777498839598936576,-0.002264788839966059,0.05196458101272583,-0.9527153968811035
1777498839609094400,-0.001212548813782632,0.05128777027130127,-0.9603413343429565
1777498839619232512,-0.0002558272972237319,0.05052022263407707,-0.9679561257362366
1777498839629351168,0.0006262394017539918,0.04943437501788139,-0.9754625558853149
1777498839639450112,0.001615969580598176,0.04820210859179497,-0.9828718900680542
1777498839649529344,0.002713566413149238,0.04713485762476921,-0.9901943802833557
1777498839659588864,0.003601884935051203,0.04628599435091019,-0.9974443316459656
1777498839669628928,0.004481666255742311,0.04515961185097694,-1.004507422447205
1777498839679649536,0.004853966180235147,0.0436413586139679,-1.01131010055542
1777498839689650944,0.004906961228698492,0.04210561141371727,-1.017860412597656
1777498839699632896,0.005031222943216562,0.04094481095671654,-1.024335265159607
1777498839709595136,0.005169346462935209,0.03977595269680023,-1.030602693557739
1777498839719542016,0.005176679696887732,0.03839713707566261,-1.036706447601318
1777498839729469696,0.005362802650779486,0.03695635125041008,-1.042581796646118
1777498839739377920,0.005618932191282511,0.03557417169213295,-1.048260092735291
1777498839749266944,0.006193194538354874,0.03447254374623299,-1.053784251213074
1777498839759136768,0.006402785424143076,0.0336553230881691,-1.059388399124146
1777498839768986880,0.006570517085492611,0.03265621140599251,-1.064775705337524
1777498839778818304,0.006258942652493715,0.03152330592274666,-1.070003628730774
1777498839788630272,0.006196772214025259,0.03088882751762867,-1.075124025344849
1777498839798423552,0.005817702040076256,0.0304311029613018,-1.080088019371033
1777498839808429824,0.005266179796308279,0.03033770248293877,-1.085024237632751
1777498839818648576,0.005313380155712366,0.03049981780350208,-1.089956045150757
1777498839828847616,0.005769108422100544,0.03062783181667328,-1.094639778137207
1777498839839026944,0.005508932285010815,0.03052941709756851,-1.09924590587616
1777498839849186560,0.005596165079623461,0.03104238957166672,-1.103797554969788
1777498839859326720,0.006082742940634489,0.03157931566238403,-1.108235120773315
1777498839869448448,0.006294930819422007,0.03210992738604546,-1.112474203109741
1777498839879550720,0.005691342521458864,0.03221688792109489,-1.11660635471344
1777498839889633536,0.005356550216674805,0.03282095119357109,-1.120590925216675
1777498839899696896,0.005459940526634455,0.0337987095117569,-1.124530673027039
1777498839909741312,0.005591600202023983,0.03470722958445549,-1.128326177597046
1777498839919766016,0.004859044682234526,0.03494306281208992,-1.131971120834351
1777498839929771264,0.004206111654639244,0.03538640215992928,-1.135528326034546
1777498839939757312,0.003447989467531443,0.03612386807799339,-1.13911771774292
1777498839949724416,0.002682678401470184,0.03698982670903206,-1.142695784568787
1777498839959672064,0.001915922737680376,0.03766472265124321,-1.14619255065918
1777498839969600512,0.00116317649371922,0.03803044185042381,-1.149641394615173
1777498839979509504,0.0008368410635739565,0.03876903280615807,-1.153169393539429
1777498839989399552,0.0009225739049725235,0.03938167914748192,-1.156875371932983
1777498839999270656,0.001045768382027745,0.04006681218743324,-1.160628437995911
1777498840009122304,0.0007535585318692029,0.04036897420883179,-1.164387226104736
1777498840018957824,0.0006419627461582422,0.04096422716975212,-1.168198108673096
1777498840028776448,0.0003564417420420796,0.0413019023835659,-1.17205810546875
1777498840038576128,0.0001141128013841808,0.04153704643249512,-1.175916790962219
1777498840048357120,-0.000481777242384851,0.04135839641094208,-1.179742932319641
1777498840058577152,-0.0007224614964798093,0.04135119542479515,-1.183592438697815
1777498840068777216,-0.0006833099760115147,0.04132381081581116,-1.18751847743988
1777498840078957568,-0.000574065197724849,0.04130417108535767,-1.191476345062256
1777498840089118720,-0.0003172379510942847,0.0408116988837719,-1.195391535758972
1777498840099260416,-6.16671095485799e-05,0.03984469547867775,-1.199434161186218
1777498840109382400,0.000129460750031285,0.03894849866628647,-1.203662633895874
1777498840119484416,0.0004129240987822413,0.03834150359034538,-1.208049297332764
1777498840129567232,0.0007320830482058227,0.03782173246145248,-1.212545037269592
1777498840139630336,0.001203516963869333,0.03694971278309822,-1.217011213302612
1777498840149673728,0.001620331313461065,0.03567206114530563,-1.221471071243286
1777498840159697408,0.002097254386171699,0.03453740477561951,-1.225957155227661
1777498840169702400,0.002623038133606315,0.03355566784739494,-1.23054563999176
1777498840179687936,0.002931080292910337,0.03276334702968597,-1.235180497169495
1777498840189654016,0.003292781533673406,0.0318298451602459,-1.239863038063049
1777498840199600640,0.003680075285956264,0.03087091818451881,-1.244534254074097
1777498840209527808,0.00380440941080451,0.02966900728642941,-1.249268412590027
1777498840219435520,0.004081218969076872,0.02869012765586376,-1.254004240036011
1777498840229323776,0.004135215189307928,0.02764097787439823,-1.258629679679871
1777498840239199232,0.004111091606318951,0.02679846994578838,-1.263177275657654
1777498840249055488,0.004490242805331945,0.02592391893267632,-1.267666578292847
1777498840258892800,0.004545343108475208,0.02498393319547176,-1.27211582660675
1777498840268710912,0.004611673299223185,0.02408484369516373,-1.276494264602661
1777498840278510336,0.004338545724749565,0.02317186072468758,-1.280789136886597
1777498840288290816,0.003653178224340081,0.02249637059867382,-1.284999847412109
1777498840298516480,0.002985363127663732,0.02179346978664398,-1.289116501808167
1777498840308722176,0.002415410941466689,0.02106783725321293,-1.293130397796631
1777498840318909184,0.001452320138923824,0.02023361995816231,-1.297114729881287
1777498840329076736,0.001065555610693991,0.01976726949214935,-1.3011394739151
1777498840339224576,0.0006976846489124,0.01947734132409096,-1.305296063423157
1777498840349352704,0.0006209028069861233,0.01946642249822617,-1.309557914733887
1777498840359461120,0.0007188062882050872,0.0192712340503931,-1.313904523849487
1777498840369549824,0.00102353235706687,0.01941744238138199,-1.318306684494019
1777498840379618816,0.001190132112242281,0.01923452876508236,-1.322836875915527
1777498840389668096,0.001406375085934997,0.01957211643457413,-1.327425479888916
1777498840399697920,0.001518525066785514,0.01978920213878155,-1.332035541534424
1777498840409708544,0.001799413817934692,0.02008345164358616,-1.336593627929688
1777498840419699712,0.001812904025427997,0.02026786096394062,-1.341083526611328
1777498840429674240,0.002045761793851852,0.02051526121795177,-1.345564603805542
1777498840439629568,0.002285648370161653,0.02100067771971226,-1.350083470344543
1777498840449565440,0.002402522135525942,0.02147444151341915,-1.354622364044189
1777498840459482368,0.002876412821933627,0.02201529778540134,-1.35904860496521
1777498840469380608,0.002631265437230468,0.022284846752882,-1.363381147384644
1777498840479259904,0.002611874369904399,0.02298435382544994,-1.367682576179504
1777498840489119488,0.002030764240771532,0.02337721735239029,-1.371890425682068
1777498840498960128,0.001698710373602808,0.0242121908813715,-1.376018047332764
1777498840508782080,0.001297876704484224,0.02501670084893703,-1.38006579875946
1777498840518585088,0.001478357706218958,0.02594180591404438,-1.384148478507996
1777498840528369152,0.001906428136862814,0.02671539597213268,-1.388260722160339
1777498840538595328,0.00234721414744854,0.02734902128577232,-1.392403721809387
1777498840548801536,0.002774632768705487,0.02803276479244232,-1.396574139595032
1777498840558987776,0.00307619571685791,0.0290750078856945,-1.400744915008545
1777498840569154048,0.003735010279342532,0.02980642206966877,-1.404957056045532
1777498840579300608,0.004203445743769407,0.03016678057610989,-1.409089326858521
1777498840589428736,0.003869486041367054,0.03032354824244976,-1.413109302520752
1777498840599538432,0.003734893631190062,0.03141019865870476,-1.417140483856201
1777498840609629184,0.004413963761180639,0.03261803835630417,-1.421157479286194
1777498840619699968,0.004506948404014111,0.03313807025551796,-1.4250648021698
1777498840629751552,0.004348922520875931,0.03306984156370163,-1.42875075340271
1777498840639783680,0.004042338114231825,0.03313501179218292,-1.432337522506714
1777498840649796352,0.004196056630462408,0.03383565321564674,-1.435941457748413
1777498840659789568,0.004321045242249966,0.03437367826700211,-1.439572334289551
1777498840669763584,0.004055044148117304,0.03435339033603668,-1.443063616752625
1777498840679718656,0.003879225812852383,0.03403753042221069,-1.446369171142578
1777498840689654272,0.003497743513435125,0.03378177061676979,-1.449633955955505
1777498840699570432,0.003538334975019097,0.03408124670386314,-1.452955007553101
1777498840709467392,0.003647875972092152,0.03397510200738907,-1.456249594688416
1777498840719345152,0.003556472714990377,0.03361756727099419,-1.459491848945618
1777498840729203456,0.00344548374414444,0.0330929346382618,-1.462655901908875
1777498840739042304,0.003640342736616731,0.03272845596075058,-1.465801119804382
1777498840748863232,0.003825976746156812,0.03227192163467407,-1.468908071517944
1777498840758664704,0.003897529793903232,0.03162911161780357,-1.47194504737854
1777498840768447232,0.003878786927089095,0.03069650381803513,-1.475026369094849
1777498840778446848,0.004340355284512043,0.03011753968894482,-1.478066205978394
1777498840788662784,0.004727172199636698,0.02937215939164162,-1.481090784072876
1777498840798859264,0.00479521881788969,0.02854101546108723,-1.483967781066895
1777498840809035776,0.004587670788168907,0.02764266543090343,-1.486713290214539
1777498840819192320,0.003990339115262032,0.02683540061116219,-1.489424824714661
1777498840829329152,0.003747304202988744,0.02626651152968407,-1.492096066474915
1777498840839446272,0.003244687570258975,0.02563325501978397,-1.494686365127563
1777498840849543680,0.002829702338203788,0.02509703300893307,-1.497334241867065
1777498840859622912,0.002662732265889645,0.02464633993804455,-1.499990105628967
1777498840869684224,0.002364741172641516,0.0242922268807888,-1.502781510353088
1777498840879725568,0.002666749758645892,0.0242324098944664,-1.505584716796875
1777498840889747456,0.00298658199608326,0.02407210879027843,-1.50842273235321
1777498840899750144,0.003356060944497585,0.02384915202856064,-1.511271476745605
1777498840909733632,0.004000380169600248,0.02369135990738869,-1.514127612113953
1777498840919697408,0.0045533562079072,0.02376902103424072,-1.516948461532593
1777498840929641472,0.00499144708737731,0.02396169304847717,-1.519734382629395
1777498840939566592,0.005517155863344669,0.02418866939842701,-1.522406578063965
1777498840949472512,0.00571418134495616,0.02405408024787903,-1.524990081787109
1777498840959359232,0.005714529193937778,0.02406884543597698,-1.527437925338745
1777498840969226752,0.005437726154923439,0.02410665713250637,-1.52981162071228
1777498840979074560,0.005302249453961849,0.0244741402566433,-1.532076239585876
1777498840988903168,0.005133233033120632,0.0246907826513052,-1.534271717071533
1777498840998712576,0.005163748748600483,0.02434197254478931,-1.536442637443542
1777498841008502784,0.004960917867720127,0.02371619455516338,-1.538505911827087
1777498841018506752,0.004505898337811232,0.02364780940115452,-1.540632963180542
1777498841028723968,0.004137411713600159,0.0246940478682518,-1.542785882949829
1777498841038920960,0.004704447463154793,0.02559859119355679,-1.544952869415283
1777498841049098496,0.005263087339699268,0.02540118247270584,-1.546983480453491
1777498841059257088,0.004695110023021698,0.02452196553349495,-1.548959493637085
1777498841069395968,0.004537913482636213,0.02459073439240456,-1.5509934425354
1777498841079515136,0.004607802722603083,0.02551966719329357,-1.553183078765869
1777498841089614848,0.00525698671117425,0.02621680498123169,-1.555252194404602
1777498841099694592,0.004677797667682171,0.02562627382576466,-1.557104349136353
1777498841109754880,0.00384044530801475,0.02481488324701786,-1.558858513832092
1777498841119795456,0.003726260270923376,0.02481940761208534,-1.560612559318542
1777498841129816832,0.003587497165426612,0.025010010227561,-1.562527656555176
1777498841139819264,0.003292407840490341,0.02520255744457245,-1.564444422721863
1777498841149801984,0.00266576511785388,0.02448950335383415,-1.566251754760742
1777498841159765248,0.002245085081085563,0.02365786582231522,-1.568170070648193
1777498841169709056,0.002120855962857604,0.02354334853589535,-1.570258617401123
1777498841179633152,0.002105189952999353,0.02333996444940567,-1.5724778175354
1777498841189538304,0.002135708229616284,0.02314502559602261,-1.574735045433044
1777498841199424256,0.002169219544157386,0.0224461667239666,-1.577000141143799
1777498841209291264,0.002214763080701232,0.0217000637203455,-1.579245805740356
1777498841219145728,0.002450124360620975,0.02125684544444084,-1.58159863948822
1777498841228980992,0.002807939657941461,0.02107397839426994,-1.583999395370483
1777498841238797824,0.003281384240835905,0.02056821621954441,-1.586421132087708
1777498841248594688,0.003750865580514073,0.01970044523477554,-1.58881151676178
1777498841258602496,0.003739576321095228,0.01883999444544315,-1.591257452964783
1777498841268820480,0.004431367386132479,0.0183742493391037,-1.59368109703064
1777498841279019008,0.004937367979437113,0.01803758926689625,-1.596122264862061
1777498841289198080,0.005366207100450993,0.01754062995314598,-1.598450541496277
1777498841299357696,0.005871622823178768,0.01681304723024368,-1.600594282150269
1777498841309497344,0.00622197100892663,0.01606866158545017,-1.602698802947998
1777498841319617024,0.006518257316201925,0.0156185096129775,-1.604681134223938
1777498841329717248,0.006401040591299534,0.01516570430248976,-1.606534719467163
1777498841339797760,0.006384667940437794,0.01494852267205715,-1.608247995376587
1777498841349858560,0.006228618323802948,0.01469163876026869,-1.609732747077942
1777498841359899904,0.005601359065622091,0.01431861333549023,-1.611079573631287
1777498841369922048,0.00554139306768775,0.01452295109629631,-1.612312316894531
1777498841379928064,0.005366848316043615,0.01476386468857527,-1.613573312759399
1777498841389914880,0.005453981459140778,0.01496096607297659,-1.614776730537415
1777498841399882240,0.005080528557300568,0.01486933697015047,-1.615695834159851
1777498841409830144,0.00492771016433835,0.01459177862852812,-1.616444945335388
1777498841419758592,0.004782949574291706,0.01452034991234541,-1.617222547531128
1777498841429667840,0.004399640485644341,0.01488719042390585,-1.618073225021362
1777498841439557632,0.004423705395311117,0.01562518440186977,-1.618972182273865
1777498841449428224,0.004881019704043865,0.01624239049851894,-1.619786739349365
1777498841459280128,0.005048784893006086,0.01622260734438896,-1.62034809589386
1777498841469112832,0.004737526644021273,0.0161628071218729,-1.620879411697388
1777498841478926592,0.004784324206411839,0.01678572222590446,-1.621357440948486
1777498841488720896,0.004730102606117725,0.01776580885052681,-1.621834516525269
1777498841498496768,0.004476715344935656,0.01871704682707787,-1.622309923171997
1777498841508715776,0.003703908994793892,0.01932593807578087,-1.622692108154297
1777498841518914816,0.002873439574614167,0.02003655768930912,-1.623000621795654
1777498841529094144,0.002476958092302084,0.02123937755823135,-1.62334680557251
1777498841539254016,0.002097443444654346,0.02258152328431606,-1.623761177062988
1777498841549394688,0.00185575510840863,0.02368555217981339,-1.624258041381836
1777498841559515648,0.001617314759641886,0.02481688000261784,-1.624887943267822
1777498841569617152,0.001893987064249814,0.02603090368211269,-1.625595927238464
1777498841579698688,0.002173987682908773,0.02726589702069759,-1.626343369483948
1777498841589761024,0.002426045015454292,0.02856127172708511,-1.627071261405945
1777498841599803392,0.002519916044548154,0.02927733771502972,-1.627804756164551
1777498841609826304,0.002728615421801805,0.03022127412259579,-1.628475308418274
1777498841619829760,0.002630404662340879,0.03115175850689411,-1.62913191318512
1777498841629813760,0.002747992984950542,0.03205166384577751,-1.629767537117004
1777498841639778560,0.002786286408081651,0.03257419914007187,-1.630329847335815
1777498841649723904,0.002657734323292971,0.03290724009275436,-1.630848050117493
1777498841659649792,0.002670743735507131,0.03300818055868149,-1.631354451179504
1777498841669555968,0.002647495828568935,0.03312825039029121,-1.631815552711487
1777498841679442688,0.002340212464332581,0.0330590233206749,-1.632316708564758
1777498841689313536,0.00256273103877902,0.03297137096524239,-1.632782220840454
1777498841699168512,0.002451682463288307,0.0322304479777813,-1.6331627368927
1777498841709004544,0.002204535296186805,0.03144355490803719,-1.633527994155884
1777498841718821376,0.002218925626948476,0.03062685765326023,-1.633868217468262
1777498841728619264,0.002026102971285582,0.02977002412080765,-1.634239435195923
1777498841738398208,0.002176987007260323,0.02876685373485088,-1.634563684463501
1777498841748619520,0.002395279239863157,0.02733744494616985,-1.634843826293945
1777498841758820864,0.002372508402913809,0.02590992115437984,-1.635161399841309
1777498841769003008,0.002670062705874443,0.02457723952829838,-1.635505676269531
1777498841779165440,0.002680475357919931,0.02335401624441147,-1.635921955108643
1777498841789308416,0.002477875677868724,0.02213909476995468,-1.636409282684326
1777498841799431680,0.001934538944624364,0.02065548114478588,-1.636724233627319
1777498841809535232,0.0002849234733730555,0.01951615139842033,-1.636934638023376
1777498841819619072,-0.0006644184468314052,0.01892634853720665,-1.637098789215088
1777498841829683456,-0.000575466372538358,0.01827854290604591,-1.637437224388123
1777498841839728128,-0.001016720896586776,0.01698169484734535,-1.637930989265442
1777498841849753344,-0.001479831524193287,0.01602423563599586,-1.638600587844849
1777498841859759360,-0.0009147756500169635,0.01570896431803703,-1.639430046081543
1777498841869749248,0.0004087519773747772,0.0158432312309742,-1.640525341033936
1777498841879719936,0.001619708375073969,0.01553928572684526,-1.641566038131714
1777498841889671168,0.002045087050646544,0.01453304477035999,-1.642462730407715
1777498841899603200,0.003360936883836985,0.01423443760722876,-1.643220543861389
1777498841909516032,0.003879161085933447,0.01395698264241219,-1.644012451171875
1777498841919409152,0.004503836389631033,0.01440732646733522,-1.644715070724487
1777498841929283072,0.004400485195219517,0.01394016854465008,-1.645195364952087
1777498841939137792,0.003755312878638506,0.013779710046947,-1.645452260971069
1777498841948973824,0.003617037087678909,0.01364973373711109,-1.645603179931641
1777498841958790656,0.003373469226062298,0.01365137007087469,-1.64567768573761
1777498841968588544,0.003101158887147903,0.01327927503734827,-1.645655155181885
1777498841978367488,0.002575224498286843,0.01285471767187119,-1.645504713058472
1777498841988593920,0.002169254701584578,0.01244755834341049,-1.645341634750366
1777498841998801152,0.00224603433161974,0.01252123061567545,-1.645207285881042
1777498842008988416,0.002154801972210407,0.01255003828555346,-1.645175695419312
1777498842019156736,0.002020565560087562,0.01276338659226894,-1.645200729370117
1777498842029305088,0.002216048305854201,0.0131112253293395,-1.645159959793091
1777498842039433984,0.002242730697616935,0.01380890514701605,-1.645106077194214
1777498842049543168,0.00245112064294517,0.01458919234573841,-1.645059585571289
1777498842059632896,0.002463303273543715,0.01528299693018198,-1.644920587539673
1777498842069702912,0.002038472797721624,0.01588046550750732,-1.644733190536499
1777498842079753728,0.001946748816408217,0.01683700829744339,-1.644498109817505
1777498842089785088,0.001793960109353065,0.01770486310124397,-1.644300580024719
1777498842099800064,0.001898999093100429,0.01859986037015915,-1.644200205802917
1777498842109797632,0.001976259984076023,0.01923711784183979,-1.644046902656555
1777498842119775488,0.001934549654833972,0.01983716152608395,-1.643895268440247
1777498842129734144,0.002153153298422694,0.02054436318576336,-1.643630146980286
1777498842139673344,0.002124601975083351,0.02100794948637486,-1.643255472183228
1777498842149593088,0.001974883722141385,0.02134375460445881,-1.642773509025574
1777498842159493632,0.001591124455444515,0.02137125842273235,-1.642164826393127
1777498842169374976,0.000692312081810087,0.02115566842257977,-1.641513586044312
1777498842179237120,0.0003533603739924729,0.02138957940042019,-1.640851497650146
1777498842189080576,-0.0001490199065301567,0.02118614502251148,-1.640285611152649
1777498842198904576,-0.0001397274900227785,0.02105590514838696,-1.639839768409729
1777498842208709632,-0.0003040805750060827,0.02041997388005257,-1.639433979988098
1777498842218495744,-0.0008777228649705648,0.01968636736273766,-1.638969898223877
1777498842228496640,-0.001367771532386541,0.01921248063445091,-1.638417840003967
1777498842238712576,-0.001744667417369783,0.01864169724285603,-1.637923955917358
1777498842248909312,-0.001886695041321218,0.01772107556462288,-1.6376131772995
1777498842259086592,-0.002206421922892332,0.01652092486619949,-1.637435913085938
1777498842269244160,-0.002142954617738724,0.01568827033042908,-1.637441158294678
1777498842279381760,-0.001767121721059084,0.01500265765935183,-1.63757061958313
1777498842289501440,-0.001639825524762273,0.01421500276774168,-1.637810707092285
1777498842299601664,-0.001082705683074892,0.01331442501395941,-1.637991547584534
1777498842309682432,-0.001042513409629464,0.01199946459382772,-1.638147830963135
1777498842319743488,-0.00086171057773754,0.01114906091243029,-1.638360738754272
1777498842329785344,-0.0007062922813929617,0.0102778822183609,-1.638616919517517
1777498842339807744,-0.0007892911089584231,0.00931241363286972,-1.638885021209717
1777498842349810688,-0.0007337664137594402,0.008378420956432819,-1.63911509513855
1777498842359794432,-0.0007978651556186378,0.007151959929615259,-1.639424562454224
1777498842369759488,-0.0003278782241977751,0.006429982837289572,-1.639755129814148
1777498842379705088,-0.000319170649163425,0.005593874957412481,-1.640209555625916
1777498842389631232,0.000269865442533046,0.004796938970685005,-1.640650749206543
1777498842399538176,0.0004159243544563651,0.003664832795038819,-1.64113175868988
1777498842409426688,0.0004040900676045567,0.002857647137716413,-1.641565203666687
1777498842419296000,0.0001516867050668225,0.001881723292171955,-1.641970753669739
1777498842429146112,-0.0004041467909701169,0.001185059314593673,-1.642337799072266
1777498842438977024,-0.0008021846297197044,0.0003194323799107224,-1.642711639404297
1777498842448794624,-0.001429975847713649,-0.0006143009522929788,-1.643180847167969
1777498842458596608,-0.001388197764754295,-0.001444289926439524,-1.643705248832703
1777498842468606464,-0.001225714921019971,-0.002311272080987692,-1.644353270530701
1777498842478823680,-0.0006914009572938085,-0.002957547549158335,-1.64508843421936
1777498842489021184,-0.0001165167414001189,-0.003803492058068514,-1.645923137664795
1777498842499199488,0.0007489948766306043,-0.004402374383062124,-1.646862149238586
1777498842509358080,0.001508085522800684,-0.004919040016829967,-1.647789359092712
1777498842519496704,0.001890149433165789,-0.005149577744305134,-1.648714542388916
1777498842529615872,0.002417637733742595,-0.005172118544578552,-1.649605870246887
1777498842539715072,0.00249608769081533,-0.005142269190400839,-1.650463104248047
1777498842549794816,0.002388443564996123,-0.005103689152747393,-1.651232242584229
1777498842559855104,0.002202109433710575,-0.004967018496245146,-1.651935815811157
1777498842569895936,0.001816740608774126,-0.004541484173387289,-1.652515888214111
1777498842579918080,0.001503606443293393,-0.004375676158815622,-1.653034210205078
1777498842589922048,0.001417739083990455,-0.003914495930075645,-1.653484702110291
1777498842599907840,0.001024448545649648,-0.004026663955301046,-1.653938055038452
1777498842609874176,0.0009072818211279809,-0.003702693618834019,-1.654408812522888
1777498842619821312,0.0009071453823707998,-0.003460738807916641,-1.65487003326416
1777498842629748992,0.0008272653794847429,-0.003081945003941655,-1.655306696891785
1777498842639657472,0.0009595822193659842,-0.003007917199283838,-1.655685424804688
1777498842649546240,0.001055533182807267,-0.002997231436893344,-1.656119585037231
1777498842659416064,0.001348057761788368,-0.002975147683173418,-1.656574964523315
1777498842669266432,0.001353831612505019,-0.003015560796484351,-1.656986832618713
1777498842679097856,0.001142171677201986,-0.002878014929592609,-1.657228589057922
1777498842688910080,0.0009395842789672315,-0.002911275019869208,-1.657262563705444
1777498842698703360,0.0008954476797953248,-0.00317104160785675,-1.657290458679199
1777498842708477696,0.0006825752789154649,-0.00351687241345644,-1.657357811927795
1777498842718695936,0.0004967456916347146,-0.003756751073524356,-1.657471299171448
1777498842728894464,0.0006891044322401285,-0.003772140247747302,-1.657578706741333
1777498842739073024,0.0007259552367031574,-0.004120686557143927,-1.657521486282349
1777498842749231616,0.0007452447898685932,-0.004655109718441963,-1.657310605049133
1777498842759372032,0.0005919977556914091,-0.005649159196764231,-1.656986236572266
1777498842769492736,0.0005001362878829241,-0.006176947616040707,-1.656618475914001
1777498842779593984,0.0003360064583830535,-0.006823955569416285,-1.656161189079285
1777498842789675776,-9.113385021919385e-05,-0.007469176314771175,-1.655744910240173
1777498842799737856,-0.000377566902898252,-0.008272550068795681,-1.655233144760132
1777498842809779968,-0.0005814151372760534,-0.009061835706233978,-1.654818534851074
1777498842819802368,-0.0006851717480458319,-0.00967753678560257,-1.654419541358948
1777498842829805312,-0.0005525090382434428,-0.01039567962288857,-1.654131650924683
1777498842839789312,-8.089989569270983e-05,-0.01083975564688444,-1.653871178627014
1777498842849753856,0.0003200506907887757,-0.0116431787610054,-1.653578639030457
1777498842859698944,0.0004549867007881403,-0.01217567455023527,-1.653318881988525
1777498842869624576,0.0008869057637639344,-0.01281893253326416,-1.652945756912231
1777498842879531008,0.001162682194262743,-0.01326194033026695,-1.652573227882385
1777498842889417728,0.001951659214682877,-0.01358062401413918,-1.6520676612854
1777498842899284992,0.001512168091721833,-0.01381808891892433,-1.651520133018494
1777498842909133056,0.002221452537924051,-0.01458412315696478,-1.65088939666748
1777498842918966784,0.00264722085557878,-0.01481388416141272,-1.650140762329102
1777498842928784384,0.002579485531896353,-0.01419171784073114,-1.649368166923523
1777498842938583040,0.002631200011819601,-0.01515186205506325,-1.648489713668823
1777498842948363008,0.002869064919650555,-0.01495582982897758,-1.647451400756836
1777498842958582272,0.002564743394032121,-0.01524440571665764,-1.64625871181488
1777498842968782080,0.001902191084809601,-0.01505683921277523,-1.64503014087677
1777498842978961664,0.001785202766768634,-0.01528594922274351,-1.643641591072083
1777498842989121536,0.001161732012405992,-0.01509371120482683,-1.642213940620422
1777498842999262464,0.0008650146191939712,-0.01526421215385199,-1.640922069549561
1777498843009384192,0.0006925354246050119,-0.01449816022068262,-1.639715313911438
1777498843019485952,0.0007259648991748691,-0.01408925279974937,-1.63854992389679
1777498843029568000,0.0003383577859494835,-0.01345636323094368,-1.637383937835693
1777498843039630592,9.41518519539386e-05,-0.01279648952186108,-1.636276125907898
1777498843049673472,-0.0002387370768701658,-0.01151191350072622,-1.635291934013367
1777498843059696896,-0.0004758737632073462,-0.009999043308198452,-1.634461522102356
1777498843069700864,-0.0005551774520426989,-0.008123371750116348,-1.633753538131714
1777498843079685632,-0.0006170769338496029,-0.006453488022089005,-1.633237719535828
1777498843089650944,-0.0006593705620616674,-0.004327056929469109,-1.632789969444275
1777498843099596544,-8.791418804321438e-05,-0.002375320997089148,-1.632348775863647
1777498843109523200,0.0006496659480035305,-0.0006025208858773112,-1.632146120071411
1777498843119430656,0.001244764076545835,0.0008307339739985764,-1.631900668144226
1777498843129318400,0.001738131977617741,0.00261404481716454,-1.631720900535583
1777498843139186688,0.002473953412845731,0.0046540810726583,-1.631543755531311
1777498843149035776,0.00277663697488606,0.006179435178637505,-1.631304144859314
1777498843158870272,0.002923283958807588,0.007501638028770685,-1.630892515182495
1777498843168689664,0.002350761089473963,0.008059787563979626,-1.630340218544006
1777498843178490112,0.001883101300336421,0.009166511707007885,-1.629736423492432
1777498843188271104,0.00152225443162024,0.0100467735901475,-1.629078984260559
1777498843198496512,0.001042220625095069,0.01050504669547081,-1.628413677215576
1777498843208702208,0.0004594537313096225,0.01040458306670189,-1.627690315246582
1777498843218888192,-6.102808583818842e-06,0.01020327769219875,-1.62709653377533
1777498843229054976,6.231856968952343e-05,0.0103070642799139,-1.62657904624939
1777498843239202304,-0.0002638897858560085,0.01011581998318434,-1.62616753578186
1777498843249329920,-0.000248344149440527,0.009674151428043842,-1.625828266143799
1777498843259437824,-0.0004007834650110453,0.008748650550842285,-1.625491738319397
1777498843269526784,-0.0005733935977332294,0.007875724695622921,-1.62522292137146
1777498843279596288,-0.0006140284822322428,0.0070423255674541,-1.625007033348083
1777498843289646592,-0.0006065826746635139,0.006242111325263977,-1.624901175498962
1777498843299676928,-0.0002193681430071592,0.005238552112132311,-1.624889373779297
1777498843309688320,6.896452396176755e-05,0.004010261967778206,-1.625074863433838
1777498843319680512,0.0006233403692021966,0.002986211329698563,-1.625329256057739
1777498843329653248,0.001334052067250013,0.002117081312462687,-1.625702023506165
1777498843339606784,0.001822704449295998,0.001250927452929318,-1.626031756401062
1777498843349540864,0.001845505088567734,0.0003193011216353625,-1.626259803771973
1777498843359455744,0.001939517445862293,-0.0005431804456748068,-1.626400589942932
1777498843369356800,0.001822128077037632,-0.001385640236549079,-1.626533389091492
1777498843379238656,0.001613813685253263,-0.002097838558256626,-1.626660704612732
1777498843389101056,0.001192008028738201,-0.002815100131556392,-1.626769065856934
1777498843398944512,0.001136134611442685,-0.003225831547752023,-1.626886367797852
1777498843408768512,0.0009407632169313729,-0.00381011120043695,-1.627074003219604
1777498843418573568,0.001232064212672412,-0.004200512077659369,-1.62734055519104
1777498843428359424,0.001361032482236624,-0.004624816123396158,-1.627651810646057
1777498843438585856,0.001531615504063666,-0.004906049463897943,-1.628044486045837
1777498843448792576,0.001645890879444778,-0.00494711846113205,-1.62849760055542
1777498843458980096,0.001816335250623524,-0.004905840381979942,-1.628990173339844
1777498843469147392,0.001979773165658116,-0.004707810934633017,-1.629526615142822
1777498843479294720,0.002183877397328615,-0.004719899035990238,-1.63000750541687
1777498843489422336,0.002560279332101345,-0.00456984480842948,-1.630433797836304
1777498843499530752,0.003014859044924378,-0.004636330530047417,-1.630855679512024
1777498843509618944,0.003566144965589046,-0.004443089012056589,-1.631269216537476
1777498843519687424,0.003872447647154331,-0.004582090303301811,-1.631738662719727
1777498843529736448,0.004194115754216909,-0.004096952266991138,-1.632168292999268
1777498843539767552,0.00401567667722702,-0.004141923040151596,-1.632564187049866
1777498843549780480,0.003710936987772584,-0.00368790072388947,-1.632751107215881
1777498843559774464,0.003195242723450065,-0.003711787518113852,-1.632754445075989
1777498843569749248,0.002923943102359772,-0.003436424536630511,-1.632723689079285
1777498843579705088,0.002193149877712131,-0.003535351250320673,-1.632786154747009
1777498843589641472,0.001647684024646878,-0.003009153297170997,-1.632918238639832
1777498843599558144,0.001813561655580997,-0.002503666561096907,-1.63311493396759
1777498843609455872,0.002141895703971386,-0.002062762854620814,-1.633221626281738
1777498843619334912,0.002217140747234225,-0.002025848487392068,-1.633325219154358
1777498843629194752,0.002567118965089321,-0.001768623827956617,-1.633453607559204
1777498843639035648,0.003172134282067418,-0.00139231828507036,-1.63358747959137
1777498843648857088,0.003476963844150305,-0.001004563877359033,-1.63365626335144
1777498843658659584,0.003331835614517331,-0.0009681851370260119,-1.633697986602783
1777498843668443136,0.003231724258512259,-0.0007681602146476507,-1.633633613586426
1777498843678443264,0.003097067819908261,-0.0007573541952297091,-1.63353419303894
1777498843688659456,0.002959622768685222,-0.0005060757393948734,-1.633416056632996
1777498843698855680,0.002733427099883556,-0.000514060549903661,-1.633169651031494
1777498843709032704,0.002782683819532394,-0.0005104528972879052,-1.632895708084106
1777498843719189760,0.002802144503220916,-0.0006990133551880717,-1.632544875144958
1777498843729327360,0.002706112340092659,-0.0008359477506019175,-1.632216334342957
1777498843739445248,0.002845917828381062,-0.0009513827390037477,-1.63190746307373
1777498843749543680,0.002925715642049909,-0.001207366003654897,-1.631605744361877
1777498843759622400,0.003095713211223483,-0.001605888945050538,-1.631292104721069
1777498843769681408,0.00327408011071384,-0.001976500498130918,-1.630992889404297
1777498843779722752,0.003569601569324732,-0.002411562483757734,-1.63065242767334
1777498843789745664,0.003979376051574945,-0.002886562841013074,-1.630296587944031
1777498843799749376,0.004182320553809404,-0.003605583915486932,-1.629909992218018
1777498843809733632,0.004455535672605038,-0.004418522585183382,-1.62948477268219
1777498843819698432,0.004544703289866447,-0.005222982261329889,-1.629002928733826
1777498843829643776,0.004422265570610762,-0.006013223435729742,-1.628437757492065
1777498843839570176,0.004314109217375517,-0.006801574025303125,-1.627803564071655
1777498843849476864,0.004197230096906424,-0.007784013636410236,-1.627141237258911
1777498843859364352,0.003928622230887413,-0.008674550801515579,-1.626466035842896
1777498843869233408,0.003815383883193135,-0.009552109986543655,-1.625822782516479
1777498843879082752,0.003726931288838387,-0.01020870450884104,-1.625188112258911
1777498843888912896,0.003687454620376229,-0.01084647141396999,-1.624584078788757
1777498843898723584,0.003702674992382526,-0.01148683857172728,-1.623948574066162
1777498843908515328,0.003740898566320539,-0.01219642255455256,-1.623387694358826
1777498843918520320,0.003788351779803634,-0.01267165597528219,-1.622892618179321
1777498843928738048,0.003892446868121624,-0.01339129544794559,-1.622354626655579
1777498843938935808,0.004026323556900024,-0.01347445137798786,-1.621850848197937
1777498843949114368,0.004203430842608213,-0.01374087110161781,-1.621303677558899
1777498843959272960,0.004370647482573986,-0.01358903851360083,-1.620765924453735
1777498843969412608,0.004928091075271368,-0.01359952799975872,-1.620392084121704
1777498843979532288,0.005331309977918863,-0.01354670245200396,-1.619982242584229
1777498843989632512,0.005785939283668995,-0.01336879935115576,-1.619461536407471
1777498843999713280,0.006465541664510965,-0.01300568878650665,-1.618743419647217
1777498844009774336,0.006236925255507231,-0.01308202557265759,-1.617864608764648
1777498844019817728,0.006299296859651804,-0.01294905133545399,-1.616834878921509
1777498844029842944,0.005782207474112511,-0.01270757801830769,-1.615795493125916
1777498844039848960,0.005373386666178703,-0.01257084123790264,-1.614768505096436
1777498844049835520,0.004995164461433887,-0.01227317005395889,-1.613734483718872
1777498844059802368,0.004314228426665068,-0.01204506773501635,-1.612590551376343
1777498844069750016,0.003658790839836001,-0.01154008787125349,-1.611316561698914
1777498844079678464,0.003284001257270575,-0.01094611175358295,-1.609930634498596
1777498844089586944,0.003184198867529631,-0.01057388354092836,-1.608613014221191
1777498844099476736,0.002670980524271727,-0.0102190813049674,-1.607418417930603
1777498844109347584,0.002176871988922358,-0.009356959722936153,-1.606357336044312
1777498844119198720,0.002013693563640118,-0.008017010055482388,-1.605516672134399
1777498844129030912,0.002007007831707597,-0.006600983906537294,-1.604687213897705
1777498844138843392,0.001848224317654967,-0.005550931673496962,-1.603822588920593
1777498844148636928,0.00169113592710346,-0.004356068093329668,-1.602924585342407
1777498844158643200,0.001590660307556391,-0.003204827662557364,-1.602065563201904
1777498844168861952,0.001803161459974945,-0.001513325609266758,-1.601355791091919
1777498844179061504,0.002065240172669291,-0.0002627896901685745,-1.600629687309265
1777498844189241600,0.00189688487444073,0.001123783644288778,-1.599950909614563
1777498844199401728,0.002176234964281321,0.002462915377691388,-1.599360108375549
1777498844209542656,0.002462222008034587,0.004248419310897589,-1.598865866661072
1777498844219663616,0.00266908248886466,0.005495287477970123,-1.59836483001709
1777498844229765120,0.002905257744714618,0.006947294343262911,-1.597787857055664
1777498844239847936,0.002785245887935162,0.007712362334132195,-1.597145557403564
1777498844249912576,0.002758471062406898,0.009083508513867855,-1.596518993377686
1777498844259957760,0.002682626713067293,0.009931277483701706,-1.59586238861084
1777498844269983232,0.002469164086505771,0.01082554738968611,-1.595148921012878
1777498844279989504,0.002012307289987803,0.01118649914860725,-1.594356417655945
1777498844289976064,0.001611838117241859,0.0115104615688324,-1.593558192253113
1777498844299943168,0.001390556688420475,0.01171374414116144,-1.592817544937134
1777498844309890816,0.001051528728567064,0.01165667548775673,-1.5920569896698
1777498844319819520,0.0007082307711243629,0.0114657087251544,-1.59134316444397
1777498844329729024,0.0006610634154640138,0.01111711282283068,-1.59075391292572
1777498844339619072,0.0005851121968589723,0.01083097327500582,-1.590237498283386
1777498844349490176,0.0006340905674733222,0.01028520613908768,-1.58977484703064
1777498844359341824,0.0007890783599577844,0.009629023261368275,-1.589316010475159
1777498844369174528,0.0007583225960843265,0.008735823445022106,-1.588911056518555
1777498844378987776,0.0008966139866970479,0.007848368957638741,-1.588539242744446
1777498844388782080,0.001135058468207717,0.007016812916845083,-1.588249087333679
1777498844398557952,0.001117649837397039,0.005928379017859697,-1.587996602058411
1777498844408777728,0.001176124555058777,0.005201666615903378,-1.587783694267273
1777498844418977792,0.001088435994461179,0.004330179654061794,-1.58763325214386
1777498844429158144,0.001083104521967471,0.003671046579256654,-1.587507486343384
1777498844439319552,0.0009301026584580541,0.002993855625391006,-1.587434649467468
1777498844449461248,0.0009181785862892866,0.002291475655511022,-1.587369561195374
1777498844459583488,0.001004703226499259,0.001909399754367769,-1.587381720542908
1777498844469685760,0.001161930849775672,0.001320480252616107,-1.587465167045593
1777498844479769088,0.001428442541509867,0.0008935669320635498,-1.587620973587036
1777498844489832704,0.001677808118984103,0.000607700610999018,-1.587824106216431
1777498844499876608,0.0020089081954211,0.0002800913352984935,-1.588028311729431
1777498844509900800,0.002195286331698298,2.128025516867638e-05,-1.588213086128235
1777498844519906560,0.002291293814778328,-0.0001862747594714165,-1.588353872299194
1777498844529892864,0.00251960544846952,-0.0003293537592981011,-1.588466048240662
1777498844539859456,0.002743705874308944,-0.0005684588686563075,-1.588598251342773
1777498844549810688,0.003038058057427406,-0.0007301410078071058,-1.588660478591919
1777498844559742464,0.003057329216971993,-0.001091964077204466,-1.588644862174988
1777498844569655040,0.002650575246661901,-0.001260261982679367,-1.588601469993591
1777498844579547904,0.002368624787777662,-0.001387242809869349,-1.588491201400757
1777498844589421824,0.001939345966093242,-0.001664387644268572,-1.588314414024353
1777498844599276544,0.001491090981289744,-0.002003667876124382,-1.58808422088623
1777498844609112064,0.001013799104839563,-0.002316384110599756,-1.587896943092346
1777498844618928128,0.0006087376968935132,-0.002542655449360609,-1.58775782585144
1777498844628726016,0.0004326622292865068,-0.002658327575773001,-1.587688326835632
1777498844638504704,0.0002514342486392707,-0.002844538306817412,-1.587678194046021
1777498844648724736,8.444132254226133e-05,-0.003072686959058046,-1.587708711624146
1777498844658924800,0.0001172199554275721,-0.003372822888195515,-1.587653994560242
1777498844669105408,0.0002264836366521195,-0.003738249884918332,-1.587533473968506
1777498844679266304,9.518954175291583e-05,-0.004400691948831081,-1.587382197380066
1777498844689407488,-7.491138967452571e-05,-0.004967346787452698,-1.587377309799194
1777498844699529216,-0.0001784622436389327,-0.005228034220635891,-1.58749783039093
1777498844709631232,-6.098781159380451e-05,-0.005276494193822145,-1.587705135345459
1777498844719713792,0.0001277800329262391,-0.005422127898782492,-1.587918162345886
1777498844729776640,-3.546046355040744e-05,-0.005760903470218182,-1.588078379631042
1777498844739820032,-0.0001289989158976823,-0.006037628743797541,-1.588212370872498
1777498844749843968,-5.594226968241856e-05,-0.005929489620029926,-1.588280558586121
1777498844759848704,-0.0001305074692936614,-0.006054515950381756,-1.588293075561523
1777498844769834240,-0.0001187897432828322,-0.006282773334532976,-1.58830201625824
1777498844779800320,-3.787912646657787e-05,-0.006655877456068993,-1.588338851928711
1777498844789748736,0.0001393690326949582,-0.006948502268642187,-1.588461637496948
1777498844799679488,0.00060225126799196,-0.007068301551043987,-1.588643908500671
1777498844809590784,0.0008470905013382435,-0.007293500937521458,-1.588798046112061
1777498844819482880,0.001058127614669502,-0.007616821210831404,-1.588869333267212
1777498844829355776,0.001219801371917129,-0.007984540425240993,-1.588820695877075
1777498844839209984,0.001189866103231907,-0.008392710238695145,-1.588643908500671
1777498844849044736,0.001111772144213319,-0.008515012450516224,-1.588372349739075
1777498844858860544,0.001089250668883324,-0.008935293182730675,-1.588039994239807
1777498844868657408,0.001046196673996747,-0.009289524517953396,-1.587605237960815
1777498844878435328,0.0008482476114295423,-0.009696993976831436,-1.587139964103699
1777498844888661760,0.0006122193299233913,-0.00986865721642971,-1.586661100387573
1777498844898868224,0.0005527417524717748,-0.009956032037734985,-1.586241722106934
1777498844909054720,0.0005946877645328641,-0.01018230896443129,-1.585818767547607
1777498844919222272,0.0006157829775474966,-0.01042594853788614,-1.585350513458252
1777498844929370112,0.0006169647094793618,-0.01054287608712912,-1.584815621376038
1777498844939497984,0.0008967197500169277,-0.01048291008919477,-1.584257960319519
1777498844949606144,0.001172601478174329,-0.01046978123486042,-1.583686947822571
1777498844959695104,0.001503950683400035,-0.01074217166751623,-1.583037614822388
1777498844969764352,0.001714519108645618,-0.01065460778772831,-1.582362532615662
1777498844979813888,0.001841346034780145,-0.01059756707400084,-1.581718444824219
1777498844989843712,0.001950875157490373,-0.01033438183367252,-1.581034779548645
1777498844999857408,0.001701991423033178,-0.01030984800308943,-1.580286145210266
1777498845009851648,0.001156473415903747,-0.01028002239763737,-1.579419374465942
1777498845019826432,0.0005735387676395476,-0.01018281560391188,-1.578519821166992
1777498845029781760,6.742320692865178e-05,-0.009997276589274406,-1.577596783638
1777498845039718144,-0.0003264399128966033,-0.01004157774150372,-1.576635718345642
1777498845049635072,-0.0008486809092573822,-0.01016611885279417,-1.575729250907898
1777498845059532288,-0.001299126306548715,-0.01042637880891562,-1.574867367744446
1777498845069410560,-0.001617035246454179,-0.01041287090629339,-1.574099063873291
1777498845079269888,-0.001825583633035421,-0.01054593455046415,-1.573403358459473
1777498845089110016,-0.001846628962084651,-0.01074453163892031,-1.572758316993713
1777498845098930944,-0.001908112200908363,-0.01105302851647139,-1.572184324264526
1777498845108732928,-0.002055732533335686,-0.01126670558005571,-1.57166051864624
1777498845118515456,-0.001995163038372993,-0.011203832924366,-1.571213126182556
1777498845128515072,-0.002056051045656204,-0.01114820782095194,-1.570845127105713
1777498845138731776,-0.002249646233394742,-0.0111840795725584,-1.57054603099823
1777498845148928768,-0.002410262590274215,-0.01116361562162638,-1.570321083068848
1777498845159106048,-0.002352662151679397,-0.01103007420897484,-1.570152997970581
1777498845169263360,-0.002231339225545526,-0.01100827939808369,-1.570093512535095
1777498845179400960,-0.00223189196549356,-0.01112929731607437,-1.570099711418152
1777498845189518848,-0.002371231094002724,-0.01114719640463591,-1.570192933082581
1777498845199618048,-0.002549788448959589,-0.01123129297047853,-1.570358037948608
1777498845209698048,-0.002854506950825453,-0.01128369569778442,-1.570581078529358
1777498845219758592,-0.002987946150824428,-0.01146327424794436,-1.570860862731934
1777498845229799424,-0.00309953885152936,-0.01164470799267292,-1.571193933486938
1777498845239821056,-0.003049418097361922,-0.01194701436907053,-1.571591973304749
1777498845249822720,-0.002947923727333546,-0.01217128615826368,-1.572035431861877
1777498845259804928,-0.002818822860717773,-0.01249045599251986,-1.572504043579102
1777498845269767680,-0.00263471994549036,-0.01282627042382956,-1.572981238365173
1777498845279710976,-0.002250212710350752,-0.01332099735736847,-1.573428750038147
1777498845289635072,-0.001834022346884012,-0.01398101821541786,-1.573871254920959
1777498845299539712,-0.001489730668254197,-0.01429485157132149,-1.574280142784119
1777498845309425152,-0.0008266853983514011,-0.01392601616680622,-1.574617266654968
1777498845319291136,-0.0008359511266462505,-0.01401343010365963,-1.574814796447754
1777498845329137664,-0.001385807758197188,-0.01430817320942879,-1.574846386909485
1777498845338964992,-0.001402959693223238,-0.01415714155882597,-1.574724555015564
1777498845348772864,-0.001263625919818878,-0.01349494606256485,-1.574722647666931
1777498845358562304,-0.001446595182642341,-0.01319466345012188,-1.574707508087158
1777498845368566272,-0.001839566510170698,-0.01378914806991816,-1.574558615684509
1777498845378784512,-0.001912833540700376,-0.01440575812011957,-1.574390649795532
1777498845388982784,-0.001470772549510002,-0.01447354722768068,-1.574305891990662
1777498845399162112,-0.001048737438395619,-0.01451565325260162,-1.574336051940918
1777498845409321728,-0.0005635648849420249,-0.01460725627839565,-1.574397683143616
1777498845419461376,-0.0009410592610947788,-0.01495986897498369,-1.574493050575256
1777498845429581568,-0.0009268533322028816,-0.01503689866513014,-1.574586272239685
1777498845439682304,-0.0007142624817788601,-0.01493131928145885,-1.574721574783325
1777498845449763584,-0.0004176957299932837,-0.01468664687126875,-1.574798822402954
1777498845459825152,-0.0004271560173947364,-0.01487928535789251,-1.574815034866333
1777498845469867008,-0.0005808714777231216,-0.01534274406731129,-1.574830174446106
1777498845479891968,-0.000691150373313576,-0.01544019021093845,-1.574880361557007
1777498845489899008,-0.000523346709087491,-0.01512026134878397,-1.574956655502319
1777498845499886336,-0.000414396432461217,-0.01495508290827274,-1.575044870376587
1777498845509854208,-0.0005718390457332134,-0.01497757621109486,-1.575119376182556
1777498845519802624,-0.0005892326589673758,-0.01525728870183229,-1.575180649757385
1777498845529731840,-0.0006382594583556056,-0.01531416550278664,-1.575266122817993
1777498845539641344,-0.000609364069532603,-0.01531417854130268,-1.575389504432678
1777498845549531392,-0.0005343371303752065,-0.01517929881811142,-1.57555615901947
1777498845559402496,-0.0005620146985165775,-0.01529635768383741,-1.575732707977295
1777498845569254400,-0.0007761190645396709,-0.01536806952208281,-1.575919151306152
1777498845579086848,-0.0008893931517377496,-0.0154211912304163,-1.576130867004395
1777498845588900096,-0.0009134940337389708,-0.0153218861669302,-1.576375007629395
1777498845598694400,-0.0009024031460285187,-0.01532771252095699,-1.576617240905762
1777498845608469504,-0.000996881746686995,-0.01543501578271389,-1.57685375213623
1777498845618687744,-0.001188441179692745,-0.01554765366017818,-1.577112555503845
1777498845628886272,-0.001276790513657033,-0.0155200632289052,-1.577400684356689
1777498845639065344,-0.00132465607021004,-0.0154406214132905,-1.577690839767456
1777498845649225216,-0.001419532229192555,-0.01545391697436571,-1.577957510948181
1777498845659365120,-0.001577908755280077,-0.01559644471853971,-1.578173756599426
1777498845669485824,-0.001906356774270535,-0.01571409963071346,-1.578423380851746
1777498845679586816,-0.002050951356068254,-0.01564035378396511,-1.578814506530762
1777498845689668608,-0.001829010550864041,-0.01549128908663988,-1.579229235649109
1777498845699730688,-0.00196105451323092,-0.01556687522679567,-1.579521059989929
1777498845709772800,-0.00212273676879704,-0.0157637782394886,-1.579697251319885
1777498845719797504,-0.00209940318018198,-0.01578287035226822,-1.579830527305603
1777498845729804288,-0.002138817682862282,-0.01569252833724022,-1.579946517944336
1777498845739791360,-0.002210420556366444,-0.01565069891512394,-1.580045819282532
1777498845749759744,-0.002230944111943245,-0.01571911387145519,-1.580079317092896
1777498845759708416,-0.002266157884150743,-0.01571749709546566,-1.580057263374329
1777498845769638144,-0.002176927868276834,-0.01573054678738117,-1.579983115196228
1777498845779548416,-0.002082508290186524,-0.01567308977246284,-1.579886794090271
1777498845789439488,-0.002110991394147277,-0.01576452329754829,-1.579748868942261
1777498845799311360,-0.002138170646503568,-0.01579933613538742,-1.579581499099731
1777498845809164544,-0.002106836764141917,-0.01578029431402683,-1.579442739486694
1777498845818998272,-0.002004583831876516,-0.01569932140409946,-1.579342126846313
1777498845828813056,-0.001955752493813634,-0.01572793908417225,-1.579232811927795
1777498845838608640,-0.001997314859181643,-0.0157950147986412,-1.579098105430603
1777498845848384512,-0.001985096372663975,-0.01581894047558308,-1.578982591629028
1777498845858603520,-0.001896669855341315,-0.01576509326696396,-1.578906774520874
1777498845868802816,-0.001881650765426457,-0.01577860116958618,-1.578859329223633
1777498845878982656,-0.001916563487611711,-0.01580899022519588,-1.578827619552612
1777498845889142784,-0.001926864846609533,-0.01582126878201962,-1.578832745552063
1777498845899283968,-0.001894128043204546,-0.01578254625201225,-1.57887852191925
1777498845909405440,-0.00187877519056201,-0.01578596979379654,-1.578940868377686
1777498845919507200,-0.001923574251122773,-0.01581635698676109,-1.579004526138306
1777498845929589504,-0.001962095499038696,-0.01583184115588665,-1.579080104827881
1777498845939652352,-0.001964192604646087,-0.01579946279525757,-1.57916259765625
1777498845949695744,-0.001974860904738307,-0.01577330753207207,-1.579237461090088
1777498845959719424,-0.001984557136893272,-0.01578731648623943,-1.579312443733215
1777498845969723648,-0.001990237506106496,-0.01579541526734829,-1.579370021820068
1777498845979708928,-0.001990306423977017,-0.01579601690173149,-1.579403281211853
1777498845989675008,-0.001988394651561975,-0.01577659882605076,-1.579412221908569
1777498845999621888,-0.001988452160730958,-0.0157675351947546,-1.579390168190002
1777498846009549312,-0.001981752691790462,-0.01577231660485268,-1.579367160797119
1777498846019457280,-0.001963313668966293,-0.01578087173402309,-1.579329490661621
1777498846029346304,-0.001950607285834849,-0.01578093133866787,-1.579272747039795
1777498846039218688,-0.001930625410750508,-0.01577481254935265,-1.579214930534363
1777498846049074688,-0.00190293591003865,-0.01577693223953247,-1.579161882400513
1777498846058911232,-0.001893923617899418,-0.01578556559979916,-1.579108238220215
1777498846068729088,-0.001890687039121985,-0.01578628644347191,-1.579058408737183
1777498846078527744,-0.001893305568955839,-0.01578390412032604,-1.579026103019714
1777498846088307456,-0.001886418205685914,-0.01578003913164139,-1.579016089439392
1777498846098532864,-0.001892409054562449,-0.01579361781477928,-1.579025030136108
1777498846108738304,-0.001896456931717694,-0.01579672284424305,-1.579044342041016
1777498846118924288,-0.001909459009766579,-0.01579434238374233,-1.579073786735535
1777498846129090816,-0.001926191267557442,-0.0157842468470335,-1.579106330871582
1777498846139238144,-0.001939271111041307,-0.01578409224748611,-1.579149603843689
1777498846149365504,-0.001951944315806031,-0.01579101756215096,-1.579190611839294
1777498846159473408,-0.001964113442227244,-0.0157970767468214,-1.579227805137634
1777498846169561344,-0.001971025252714753,-0.01579003408551216,-1.579259872436523
1777498846179630080,-0.001976101426407695,-0.0157841332256794,-1.579280614852905
1777498846189679104,-0.001982183195650578,-0.01578307710587978,-1.579279065132141
1777498846199708672,-0.001974656945094466,-0.01578799821436405,-1.579272627830505
1777498846209719040,-0.001968113007023931,-0.01579991169273853,-1.579251050949097
1777498846219710208,-0.001961755566298962,-0.01580276899039745,-1.579220414161682
1777498846229681920,-0.001950593432411551,-0.01580061390995979,-1.579183578491211
1777498846239634176,-0.001941308146342635,-0.01579811051487923,-1.579145312309265
1777498846249566976,-0.001930455677211285,-0.01580083929002285,-1.57910943031311
1777498846259480576,-0.001920121139846742,-0.01580833271145821,-1.579079270362854
1777498846269374720,-0.001910538296215236,-0.01580287143588066,-1.579062461853027
1777498846279249664,-0.001900743925943971,-0.01579759828746319,-1.579044699668884
1777498846289105664,-0.001905186451040208,-0.01579433307051659,-1.57904589176178
1777498846298943232,-0.001899514929391444,-0.01579795032739639,-1.579057693481445
1777498846308761600,-0.001903373748064041,-0.01578915864229202,-1.579080104827881
1777498846318561024,-0.001913581043481827,-0.01579381711781025,-1.579107046127319
1777498846328340992,-0.001921608345583081,-0.01579609327018261,-1.579138398170471
1777498846338567680,-0.001924765412695706,-0.01579202711582184,-1.579168677330017
1777498846348774656,-0.001934342086315155,-0.01579969935119152,-1.579193472862244
1777498846358962432,-0.001951517537236214,-0.01580330356955528,-1.579210877418518
1777498846369130240,-0.001952482969500124,-0.01580172032117844,-1.579225182533264
1777498846379278080,-0.001961305271834135,-0.01580075547099113,-1.579228162765503
1777498846389406464,-0.001957412343472242,-0.01580854505300522,-1.579223036766052
1777498846399515392,-0.001957300119102001,-0.01582110859453678,-1.579209089279175
1777498846409606400,-0.001948238117620349,-0.01582112163305283,-1.579187989234924
1777498846419677952,-0.001946675009094179,-0.01582116074860096,-1.57915735244751
1777498846429730304,-0.001938302186317742,-0.01582112908363342,-1.579127788543701
1777498846439762944,-0.001928107114508748,-0.01582502387464046,-1.579098463058472
1777498846449776640,-0.001912935520522296,-0.0158253125846386,-1.579068183898926
1777498846459770368,-0.001901959767565131,-0.01582443155348301,-1.579046607017517
1777498846469744640,-0.001900584320537746,-0.01581708155572414,-1.579030871391296
1777498846479699968,-0.001892648520879447,-0.01581144146621227,-1.579036951065063
1777498846489636608,-0.001889748498797417,-0.01581046357750893,-1.579043388366699
1777498846499553792,-0.001885577803477645,-0.01580461487174034,-1.57905900478363
1777498846509451776,-0.001887135906144977,-0.01579876430332661,-1.579077959060669
1777498846519330560,-0.001898580696433783,-0.01579868607223034,-1.579099655151367
1777498846529189888,-0.001914483844302595,-0.01580187678337097,-1.579128503799438
1777498846539030272,-0.001922754454426467,-0.01580951176583767,-1.579157948493958
1777498846548851200,-0.001931844279170036,-0.01581048220396042,-1.579174160957336
1777498846558653184,-0.001947423559613526,-0.01580617390573025,-1.57918918132782
1777498846568437760,-0.001947427517734468,-0.01581439003348351,-1.579192161560059
1777498846578438144,-0.001942853326909244,-0.01582177355885506,-1.579189777374268
1777498846588653568,-0.001942496513947845,-0.01582192070782185,-1.579184532165527
1777498846598850048,-0.001938144327141345,-0.01582085527479649,-1.579168915748596
1777498846609026560,-0.001929009449668229,-0.01581584289669991,-1.579145789146423
1777498846619183360,-0.001927300356328487,-0.01582064479589462,-1.579121708869934
1777498846629320448,-0.001920965034514666,-0.01582377217710018,-1.579102396965027
1777498846639439872,-0.001910475897602737,-0.01581977866590023,-1.579081296920776
1777498846649539328,-0.00190029211807996,-0.01581345684826374,-1.579064130783081
1777498846659619584,-0.001901942072436213,-0.01580971665680408,-1.579051971435547
1777498846669680128,-0.001900905277580023,-0.01580767706036568,-1.579054713249207
1777498846679721472,-0.001897460897453129,-0.01580920070409775,-1.579058170318604
1777498846689743360,-0.00190056546125561,-0.01580919325351715,-1.579063296318054
1777498846699746304,-0.001906181685626507,-0.01580812409520149,-1.579079389572144
1777498846709729792,-0.001906407531350851,-0.01580928452312946,-1.579098463058472
1777498846719694848,-0.001918176305480301,-0.01580958627164364,-1.57911205291748
1777498846729640192,-0.001924702664837241,-0.0158106442540884,-1.579126119613647
1777498846739566080,-0.001932673854753375,-0.01581272855401039,-1.579140543937683
1777498846749473024,-0.001933093881234527,-0.01581268757581711,-1.579147815704346
1777498846759360512,-0.001934709609486163,-0.01581745967268944,-1.579147934913635
1777498846769228800,-0.001936113578267395,-0.01581570692360401,-1.579145193099976
1777498846779077888,-0.001926323166117072,-0.01581648550927639,-1.579137802124023
1777498846788907776,-0.001921832910738885,-0.01581322215497494,-1.579127907752991
1777498846798724864,-0.001919063623063266,-0.01581221632659435,-1.579112529754639
1777498846808523264,-0.001911100698634982,-0.01581128127872944,-1.5790935754776
1777498846818531328,-0.001906800782307982,-0.01581130549311638,-1.57908034324646
1777498846828748032,-0.001897851354442537,-0.01581533625721931,-1.57906711101532
1777498846838945024,-0.001888999482616782,-0.0158061645925045,-1.579058289527893
1777498846849122048,-0.001887455699034035,-0.01580813527107239,-1.579051733016968
1777498846859278848,-0.001884987461380661,-0.0158133078366518,-1.579049348831177
1777498846869416192,-0.001885744393803179,-0.01581676490604877,-1.579050183296204
1777498846879534848,-0.001889894483610988,-0.0158188734203577,-1.579059600830078
1777498846889635584,-0.001896606525406241,-0.01581554859876633,-1.579074263572693
1777498846899716864,-0.001898637739941478,-0.0158196035772562,-1.579083919525146
1777498846909778432,-0.001900293864309788,-0.01582335121929646,-1.579101324081421
1777498846919820800,-0.0019069166155532,-0.01582293212413788,-1.579107522964478
1777498846929843712,-0.001910518854856491,-0.0158199705183506,-1.57911217212677
1777498846939847168,-0.001909692422486842,-0.01582573540508747,-1.579116344451904
1777498846949831168,-0.001905184704810381,-0.01582979783415794,-1.57910943031311
1777498846959796224,-0.001900043338537216,-0.01582636497914791,-1.579101800918579
1777498846969742336,-0.001895399298518896,-0.01582645066082478,-1.579097151756287
1777498846979669248,-0.001890390645712614,-0.01582190580666065,-1.579084157943726
1777498846989576704,-0.001884467783384025,-0.01581731997430325,-1.579076409339905
1777498846999464704,-0.001878291252069175,-0.01581690646708012,-1.579060673713684
1777498847009333760,-0.001876092050224543,-0.01581338234245777,-1.579057455062866
1777498847019183360,-0.001877085771411657,-0.01580702513456345,-1.579051375389099
1777498847029014016,-0.001866605598479509,-0.01580489426851273,-1.579052925109863
1777498847038825984,-0.001868234830908477,-0.0157961118966341,-1.579053044319153
1777498847048620032,-0.001870765001513064,-0.01579247787594795,-1.579058527946472
1777498847058626304,-0.001879927585832775,-0.0157907884567976,-1.579064607620239
1777498847068844288,-0.00188254495151341,-0.01578903198242188,-1.579069375991821
1777498847079042304,-0.001877618371509016,-0.01578567922115326,-1.57907497882843
1777498847089220864,-0.001882701530121267,-0.01578888297080994,-1.579084515571594
1777498847099379968,-0.001880230149254203,-0.01578422077000141,-1.579092264175415
1777498847109519616,-0.001883015735074878,-0.01578445918858051,-1.579097509384155
1777498847119639296,-0.001882479060441256,-0.0157814659178257,-1.57909882068634
1777498847129739520,-0.001881126663647592,-0.01578604988753796,-1.579097986221313
1777498847139820288,-0.001882656011730433,-0.01577787846326828,-1.579095602035522
1777498847149881600,-0.001876835245639086,-0.01577977277338505,-1.5790935754776
1777498847159923200,-0.001876236870884895,-0.01577726565301418,-1.57909107208252
1777498847169945344,-0.001878089853562415,-0.01577547751367092,-1.579085111618042
1777498847179948288,-0.001879600691609085,-0.01577665284276009,-1.579079031944275
1777498847189935104,-0.001870394800789654,-0.01577814109623432,-1.579074263572693
1777498847199902464,-0.001873684581369162,-0.01578931696712971,-1.579069375991821
1777498847209850368,-0.001864153076894581,-0.01578970067203045,-1.579068303108215
1777498847219778816,-0.0018658556509763,-0.01578845456242561,-1.579067707061768
1777498847229687808,-0.00187240238301456,-0.01579039357602596,-1.579071521759033
1777498847239577344,-0.001874351408332586,-0.0157917682081461,-1.579077959060669
1777498847249447936,-0.001869282801635563,-0.01579735241830349,-1.579082131385803
1777498847259299072,-0.001868745894171298,-0.01578893326222897,-1.579085946083069
1777498847269131520,-0.001869180472567677,-0.0157877691090107,-1.579090476036072
1777498847278944512,-0.001866221660748124,-0.01578342355787754,-1.579092741012573
1777498847288738304,-0.001859676209278405,-0.01577889174222946,-1.579092860221863
1777498847298513152,-0.001862126518972218,-0.01578301936388016,-1.579089522361755
1777498847308732672,-0.00186365086119622,-0.01578363962471485,-1.579087972640991
1777498847318932224,-0.001861828379333019,-0.0157819427549839,-1.579087495803833
1777498847329112064,-0.001856718328781426,-0.01578293740749359,-1.579079151153564
1777498847339271680,-0.001859345124103129,-0.01578469388186932,-1.579069375991821
1777498847349413376,-0.00185972882900387,-0.01578253135085106,-1.579065799713135
1777498847359535104,-0.001858582138083875,-0.01577744446694851,-1.57906699180603
1777498847369637376,-0.001859000883996487,-0.0157800056040287,-1.579058647155762
1777498847379719936,-0.001858001807704568,-0.01577827706933022,-1.579058885574341
1777498847389782784,-0.001854730653576553,-0.01578784920275211,-1.57905900478363
1777498847399825664,-0.001854873145930469,-0.0157871562987566,-1.579060673713684
1777498847409849088,-0.001849822583608329,-0.01578853651881218,-1.579063057899475
1777498847419853568,-0.001844448619522154,-0.01579055190086365,-1.579061269760132
1777498847429839104,-0.001846884493716061,-0.01579261757433414,-1.579063653945923
1777498847439804928,-0.00185137358494103,-0.01579690724611282,-1.579064965248108
1777498847449751552,-0.001850081607699394,-0.01579485833644867,-1.579059958457947
1777498847459678464,-0.001844653044827282,-0.01578954420983791,-1.579060792922974
1777498847469585920,-0.001839034957811236,-0.01578782685101032,-1.579060554504395
1777498847479473920,-0.001836897223256528,-0.01578854955732822,-1.579055070877075
1777498847489342720,-0.001840508077293634,-0.01578813791275024,-1.579049825668335
1777498847499192320,-0.001839375821873546,-0.01578450575470924,-1.579044222831726
1777498847509027840,-0.001839751261286438,-0.01578521355986595,-1.579047083854675
1777498847518847744,-0.001848843414336443,-0.01578029058873653,-1.579042553901672
1777498847528648704,-0.001850972766987979,-0.0157838836312294,-1.579039812088013
1777498847538430720,-0.001850132597610354,-0.01578703336417675,-1.579036235809326
1777498847548650496,-0.001849639695137739,-0.01579255238175392,-1.579036593437195
1777498847558851072,-0.001844382379204035,-0.01580300554633141,-1.579038381576538
1777498847569031680,-0.001838068128563464,-0.01580744609236717,-1.579038023948669
1777498847579193344,-0.001835104427300394,-0.01581154763698578,-1.579042077064514
1777498847589335552,-0.001828004838898778,-0.01580854691565037,-1.579048156738281
1777498847599458304,-0.001823765924200416,-0.01580998860299587,-1.579048871994019
1777498847609561088,-0.001819755299948156,-0.01581531576812267,-1.579049587249756
1777498847619644928,-0.001814059680327773,-0.01581648178398609,-1.579047560691833
1777498847629709312,-0.001809445326216519,-0.01581544242799282,-1.579049944877625
1777498847639754240,-0.00180441455449909,-0.01581285148859024,-1.579049110412598
1777498847649779712,-0.001805996405892074,-0.0158100537955761,-1.579052805900574
1777498847659785984,-0.001799989258870482,-0.01581443473696709,-1.579051971435547
1777498847669772288,-0.00179582741111517,-0.01582244038581848,-1.579046726226807
1777498847679739136,-0.001797849661670625,-0.01582675613462925,-1.579046726226807
1777498847689690880,-0.001790836802683771,-0.01583078876137733,-1.579046845436096
1777498847699623424,-0.001789555768482387,-0.01583581231534481,-1.579044818878174
1777498847709536256,-0.001787899876944721,-0.01584084145724773,-1.579045295715332
1777498847719429888,-0.001789084635674953,-0.01583983562886715,-1.579042077064514
1777498847729304320,-0.001792470924556255,-0.01584228500723839,-1.579036951065063
1777498847739159808,-0.001792316208593547,-0.0158386267721653,-1.579035997390747
1777498847748995584,-0.001800813945010304,-0.01584075763821602,-1.57903778553009
1777498847758812416,-0.001802042475901544,-0.01584125310182571,-1.579038977622986
1777498847768610560,-0.001797574339434505,-0.01583950780332088,-1.57904314994812
1777498847778389504,-0.001796762924641371,-0.01583853363990784,-1.579041719436646
1777498847788615680,-0.001797729404643178,-0.01584085263311863,-1.579039692878723
1777498847798821888,-0.001799547695554793,-0.01584242656826973,-1.579042196273804
1777498847809008128,-0.001802892540581524,-0.01584345102310181,-1.579044222831726
1777498847819175936,-0.001807222375646234,-0.01584825664758682,-1.579044938087463
1777498847829323776,-0.001806199201382697,-0.01584929227828979,-1.579044461250305
1777498847839451392,-0.001805246691219509,-0.01584718190133572,-1.579042553901672
1777498847849559808,-0.001801184145733714,-0.01585426367819309,-1.579041004180908
1777498847859648256,-0.001799920573830605,-0.01585537195205688,-1.579040169715881
1777498847869717504,-0.001804040046408772,-0.01585999876260757,-1.579035758972168
1777498847879767296,-0.001800300902687013,-0.01586169749498367,-1.579033017158508
1777498847889797376,-0.001791385351680219,-0.01585966907441616,-1.579031109809875
1777498847899808256,-0.00179502903483808,-0.01586820557713509,-1.579031109809875
1777498847909799936,-0.001793914590962231,-0.01586760953068733,-1.579024910926819
1777498847919773184,-0.001796534634195268,-0.01586509682238102,-1.57902204990387
1777498847929728768,-0.001793950446881354,-0.01586916111409664,-1.579023361206055
1777498847939665152,-0.001797525910660625,-0.01586952060461044,-1.579023838043213
1777498847949581824,-0.001798800309188664,-0.01586354337632656,-1.579027771949768
1777498847959480832,-0.001796350232325494,-0.01586613245308399,-1.57902979850769
1777498847969360384,-0.001798687735572457,-0.01586792431771755,-1.579030156135559
1777498847979220736,-0.001798814511857927,-0.01586958207190037,-1.579032182693481
1777498847989061888,-0.001794620649889112,-0.01586927473545074,-1.579033851623535
1777498847998884096,-0.001792143564671278,-0.01587412506341934,-1.579033613204956
1777498848008687872,-0.001792350900359452,-0.01587781682610512,-1.579031467437744
1777498848018472192,-0.001787110581062734,-0.0158808920532465,-1.579029679298401
1777498848028472320,-0.001787076704204082,-0.0158817283809185,-1.579025030136108
1777498848038687744,-0.001796187716536224,-0.0158823523670435,-1.57902467250824
1777498848048883968,-0.001791547518223524,-0.01587934046983719,-1.579025387763977
1777498848059060992,-0.001789853209629655,-0.0158806536346674,-1.579022645950317
1777498848069218048,-0.001787501270882785,-0.01587891951203346,-1.579021811485291
1777498848079355392,-0.001782801700755954,-0.01588148064911366,-1.579024910926819
1777498848089473280,-0.00178046862129122,-0.01588333025574684,-1.579023599624634
1777498848099572736,-0.001776500721462071,-0.01588128507137299,-1.579024314880371
1777498848109652992,-0.001775862416252494,-0.01588623784482479,-1.579025983810425
1777498848119713536,-0.001772841322235763,-0.0158891323953867,-1.579030513763428
1777498848129754880,-0.001776324934326112,-0.01588945649564266,-1.579034566879272
1777498848139777280,-0.001771694864146411,-0.01589207164943218,-1.57904040813446
1777498848149779968,-0.001771220122464001,-0.0158902145922184,-1.579039573669434
1777498848159763200,-0.001767619512975216,-0.01588862761855125,-1.579039096832275
1777498848169726976,-0.001762108644470572,-0.01589086838066578,-1.579040765762329
1777498848179672320,-0.00175531511195004,-0.01588812842965126,-1.579037308692932
1777498848189598464,-0.001758446567691863,-0.01588479056954384,-1.579033851623535
1777498848199505152,-0.001755127450451255,-0.01588651165366173,-1.579031705856323
1777498848209392640,-0.001745559624396265,-0.01588578335940838,-1.579035520553589
1777498848219260928,-0.001742969732731581,-0.01588604226708412,-1.579029321670532
1777498848229110016,-0.001739982631988823,-0.01588765159249306,-1.579026699066162
1777498848238943232,-0.0017403430538252,-0.0158862080425024,-1.57902193069458
1777498848248760320,-0.001738569233566523,-0.01588943414390087,-1.579018712043762
1777498848258558464,-0.001733259181492031,-0.01588623039424419,-1.5790194272995
1777498848268566016,-0.001732037053443491,-0.01588207483291626,-1.579025983810425
1777498848278782976,-0.001734678167849779,-0.01588137075304985,-1.579022645950317
1777498848288980224,-0.001742075313813984,-0.01587833277881145,-1.57902979850769
1777498848299158272,-0.001744676381349564,-0.01587785966694355,-1.579030394554138
1777498848309316352,-0.001744328998029232,-0.01588132604956627,-1.57902717590332
1777498848319454464,-0.001743878121487796,-0.01587812043726444,-1.579022526741028
1777498848329573120,-0.00174608628731221,-0.01588183641433716,-1.579020619392395
1777498848339672064,-0.001744480920024216,-0.01588266529142857,-1.5790194272995
1777498848349751296,-0.001744317938573658,-0.01588515192270279,-1.579020619392395
1777498848359810816,-0.001741890097036958,-0.01588444784283638,-1.579017519950867
1777498848369850624,-0.00174670061096549,-0.01588027365505695,-1.5790194272995
1777498848379871232,-0.001744985347613692,-0.01587947085499763,-1.579015493392944
1777498848389872384,-0.001743982429616153,-0.01587672717869282,-1.579014539718628
1777498848399853824,-0.001738948514685035,-0.01588158309459686,-1.579015254974365
1777498848409815808,-0.001734474906697869,-0.01587903685867786,-1.579015016555786
1777498848419760896,-0.001734504126943648,-0.01588929444551468,-1.579017162322998
1777498848429688832,-0.001736658741720021,-0.01589476689696312,-1.57902467250824
1777498848439597568,-0.001736894948408008,-0.0158997867256403,-1.579031348228455
1777498848449487104,-0.001739565865136683,-0.01590576581656933,-1.579029321670532
1777498848459357440,-0.001745014451444149,-0.01590552367269993,-1.579030632972717
1777498848469208576,-0.001741564250551164,-0.01590641960501671,-1.579026818275452
1777498848479040512,-0.001744790817610919,-0.01590656116604805,-1.579027652740479
1777498848488853248,-0.001742466236464679,-0.01591847836971283,-1.579026579856873
1777498848498647296,-0.001740949111990631,-0.01592725142836571,-1.579025268554688
1777498848508653568,-0.001735478639602661,-0.01592935621738434,-1.579023122787476
1777498848518871296,-0.001737814745865762,-0.01592831686139107,-1.579022645950317
1777498848529069312,-0.001737358747050166,-0.01592954248189926,-1.579020619392395
1777498848539247872,-0.001739699277095497,-0.01592991501092911,-1.579020261764526
1777498848549407488,-0.001737824757583439,-0.01592408679425716,-1.579020023345947
1777498848559547392,-0.001736899488605559,-0.01592536084353924,-1.579020380973816
1777498848569667840,-0.001738040358759463,-0.01592393778264523,-1.579019069671631
1777498848579768832,-0.001739985891617835,-0.01592342182993889,-1.579019069671631
1777498848589850880,-0.001740669715218246,-0.01592735759913921,-1.579024314880371
1777498848599913472,-0.001743877655826509,-0.01592914573848248,-1.579027414321899
1777498848609956352,-0.001746109570376575,-0.01593086495995522,-1.579028010368347
1777498848619980032,-0.00174757291097194,-0.01593373529613018,-1.57902991771698
1777498848629984512,-0.001747490954585373,-0.01593303680419922,-1.57903003692627
1777498848639969536,-0.00174335204064846,-0.01593851111829281,-1.579031944274902
1777498848649937664,-0.001738761900924146,-0.01593728363513947,-1.579031229019165
1777498848659888384,-0.001731224940158427,-0.01593880541622639,-1.579028367996216
1777498848669819648,-0.001725835958495736,-0.01593485102057457,-1.579023241996765
1777498848679731712,-0.001722141751088202,-0.01593259908258915,-1.579018115997314
1777498848689624576,-0.001717119244858623,-0.01592991873621941,-1.579013586044312
1777498848699498496,-0.001715230639092624,-0.01592675969004631,-1.579011917114258
1777498848709353216,-0.001711060525849462,-0.01592483557760715,-1.579007029533386
1777498848719188992,-0.001712026540189981,-0.01592910662293434,-1.579013824462891
1777498848729005824,-0.001716123544611037,-0.01593019068241119,-1.579020500183105
1777498848738804224,-0.001711730379611254,-0.01592838577926159,-1.579016923904419
1777498848748583424,-0.001713573350571096,-0.01593110710382462,-1.579018831253052
1777498848758802176,-0.001710891840048134,-0.01593605242669582,-1.579015254974365
1777498848769000960,-0.001710352022200823,-0.01593795046210289,-1.579010963439941
1777498848779181056,-0.001712038065306842,-0.01593985594809055,-1.579012513160706
1777498848789341696,-0.001713984762318432,-0.01594078913331032,-1.579016923904419
1777498848799482624,-0.001719458377920091,-0.01594006083905697,-1.579018235206604
1777498848809603584,-0.001717316685244441,-0.01594694517552853,-1.579014539718628
1777498848819705088,-0.001712261117063463,-0.01595696993172169,-1.579008221626282
1777498848829787136,-0.001707941293716431,-0.01596260815858841,-1.579007744789124
1777498848839849472,-0.001715062302537262,-0.01596866734325886,-1.579004764556885
1777498848849892096,-0.001716184429824352,-0.01597550511360168,-1.579001903533936
1777498848859915520,-0.001714879996143281,-0.01597907394170761,-1.579000234603882
1777498848869919488,-0.001711991149932146,-0.01597793214023113,-1.57900071144104
1777498848879903744,-0.001716219703666866,-0.01597484759986401,-1.579001426696777
1777498848889871616,-0.001713813398964703,-0.01597522012889385,-1.578999280929565
1777498848899820288,-0.001715090125799179,-0.01598181948065758,-1.578996419906616
1777498848909750016,-0.001714141108095646,-0.01598642952740192,-1.578995823860168
1777498848919660288,-0.001713427598588169,-0.01598465070128441,-1.578997850418091
1777498848929552384,-0.00170392170548439,-0.01598772779107094,-1.578999161720276
1777498848939424768,-0.001704018679447472,-0.01599097438156605,-1.57900059223175
1777498848949278208,-0.001707102521322668,-0.01600121147930622,-1.579001307487488
1777498848959112448,-0.001705971662886441,-0.01599529385566711,-1.578998565673828
1777498848968928256,-0.001708404161036015,-0.01599718071520329,-1.57899534702301
1777498848978724864,-0.00170721102040261,-0.01599744334816933,-1.578995108604431
1777498848988502528,-0.001708504161797464,-0.01599187590181828,-1.578994393348694
1777498848998722816,-0.001707873656414449,-0.01599732600152493,-1.578993201255798
1777498849008922880,-0.001710136188194156,-0.01599590294063091,-1.578990340232849
1777498849019103232,-0.001714950893074274,-0.01599980145692825,-1.578988432884216
1777498849029264896,-0.001713975216262043,-0.01599913835525513,-1.578987121582031
1777498849039406592,-0.001712700468488038,-0.0159949604421854,-1.578988313674927
1777498849049528576,-0.001718662795610726,-0.01600244082510471,-1.578988075256348
1777498849059631104,-0.001712837140075862,-0.01600293442606926,-1.578986406326294
1777498849069714176,-0.001715408288873732,-0.01600122824311256,-1.578991174697876
1777498849079777536,-0.001718398416414857,-0.01599210128188133,-1.578990578651428
1777498849089821440,-0.001719939173199236,-0.0159907154738903,-1.578988194465637
1777498849099845376,-0.001719114719890058,-0.0159915816038847,-1.578991889953613
1777498849109850624,-0.001718122744932771,-0.01599259488284588,-1.578993439674377
1777498849119836416,-0.001713325385935605,-0.0159925427287817,-1.578994989395142
1777498849129804288,-0.001708635361865163,-0.01599065959453583,-1.578990936279297
1777498849139754496,-0.00169641466345638,-0.0159904770553112,-1.57899010181427
1777498849149685248,-0.001699729007668793,-0.01599049754440784,-1.578987836837769
1777498849159596800,-0.001690493663772941,-0.01598761230707169,-1.578982353210449
1777498849169488896,-0.001683485694229603,-0.01598659530282021,-1.578981518745422
1777498849179361792,-0.001685463823378086,-0.01598479226231575,-1.578981995582581
1777498849189215232,-0.001687899231910706,-0.01598709635436535,-1.578979849815369
1777498849199049472,-0.001691575162112713,-0.0159857701510191,-1.578977346420288
1777498849208864512,-0.001693713711574674,-0.01598784141242504,-1.578979134559631
1777498849218660352,-0.00169216247741133,-0.0159903597086668,-1.578982830047607
1777498849228437248,-0.00169506692327559,-0.01599556766450405,-1.578983545303345
1777498849238663168,-0.001699001062661409,-0.01599057950079441,-1.578985095024109
1777498849248869632,-0.001698185340501368,-0.01599636115133762,-1.578988075256348
1777498849259056384,-0.001694775652140379,-0.01600135862827301,-1.578989744186401
1777498849269223168,-0.001693833037279546,-0.01600472070276737,-1.578990459442139
1777498849279370496,-0.001696072285994887,-0.01600605808198452,-1.578984498977661
1777498849289497856,-0.001694114063866436,-0.01600906252861023,-1.578987717628479
1777498849299606528,-0.001693068887107074,-0.01600777357816696,-1.578985929489136
1777498849309696256,-0.001696172403171659,-0.01600690372288227,-1.578981280326843
1777498849319766784,-0.001694788807071745,-0.01600596494972706,-1.578982353210449
1777498849329817600,-0.001694560516625643,-0.01600533351302147,-1.578981161117554
1777498849339849216,-0.001697414787486196,-0.01600758172571659,-1.578982472419739
1777498849349861632,-0.001700795139186084,-0.01601248048245907,-1.57897961139679
1777498849359854848,-0.001696231192909181,-0.01600924879312515,-1.578980922698975
1777498849369828352,-0.00170217826962471,-0.01600899919867516,-1.578976273536682
1777498849379784192,-0.001698068343102932,-0.01601107232272625,-1.57898485660553
1777498849389721088,-0.001696675084531307,-0.01601342670619488,-1.578987598419189
1777498849399638528,-0.001688512624241412,-0.01600985415279865,-1.578991293907166
1777498849409536768,-0.001690604956820607,-0.01600353792309761,-1.578996181488037
1777498849419415552,-0.00168635742738843,-0.01599508710205555,-1.578991293907166
1777498849429276160,-0.001691006822511554,-0.01599737070500851,-1.578994989395142
1777498849439117568,-0.001693573780357838,-0.01599620655179024,-1.578994393348694
1777498849448940032,-0.00169853784609586,-0.01599694229662418,-1.578993558883667
1777498849458744064,-0.001704555936157703,-0.0159959439188242,-1.578993201255798
1777498849468536064,-0.001701853354461491,-0.01599604822695255,-1.57899284362793
1777498849478540288,-0.001700440770946443,-0.01599795185029507,-1.578991651535034
1777498849488755456,-0.001694667036645114,-0.01599984057247639,-1.578992247581482
1777498849498951168,-0.001695341896265745,-0.01600132510066032,-1.578986167907715
1777498849509127168,-0.001696937833912671,-0.01599665358662605,-1.578989028930664
1777498849519283456,-0.001698021776974201,-0.01599406264722347,-1.578990459442139
1777498849529420288,-0.001698474981822073,-0.01599842496216297,-1.578990459442139
1777498849539538944,-0.001697680447250605,-0.01599926315248013,-1.57899010181427
1777498849549638400,-0.001705688540823758,-0.01599652133882046,-1.578987956047058
1777498849559718144,-0.001699223998002708,-0.01598780229687691,-1.578989028930664
1777498849569778176,-0.001703443005681038,-0.01598739810287952,-1.578992009162903
1777498849579819008,-0.001704125083051622,-0.01599596254527569,-1.578993320465088
1777498849589839616,-0.001701508648693562,-0.01599722914397717,-1.578994393348694
1777498849599841024,-0.001702198293060064,-0.0159921757876873,-1.578992366790771
1777498849609822720,-0.001699680578894913,-0.01599258743226528,-1.578989028930664
1777498849619785472,-0.00170310924295336,-0.01599309407174587,-1.578986883163452
1777498849629728512,-0.00170165067538619,-0.01599782146513462,-1.5789794921875
1777498849639652096,-0.001697235973551869,-0.01600055582821369,-1.578980326652527
1777498849649556224,-0.001696661813184619,-0.01600221917033195,-1.578980088233948
1777498849659441152,-0.001690420205704868,-0.01600508019328117,-1.578978061676025
1777498849669306624,-0.001691706827841699,-0.01601533964276314,-1.578978657722473
1777498849679152896,-0.001690209493972361,-0.01601757109165192,-1.578985095024109
1777498849688979968,-0.001685741939581931,-0.01602303236722946,-1.578985452651978
1777498849698789120,-0.001681415131315589,-0.01602695882320404,-1.578980326652527
1777498849708578816,-0.001679126056842506,-0.01602738164365292,-1.578983068466187
1777498849718581760,-0.001682115136645734,-0.01602374948561192,-1.578984975814819
1777498849728797952,-0.001683013630099595,-0.01601565629243851,-1.578985095024109
1777498849738994176,-0.001684903050772846,-0.01601909287273884,-1.57898473739624
1777498849749170944,-0.001683702692389488,-0.01601977646350861,-1.578985095024109
1777498849759328512,-0.001687182812020183,-0.0160177405923605,-1.578991055488586
1777498849769466112,-0.001686708768829703,-0.01602202653884888,-1.578991413116455
1777498849779584000,-0.001692767487838864,-0.01602392084896564,-1.578991413116455
1777498849789682176,-0.001687673386186361,-0.01602605171501637,-1.578992009162903
1777498849799761152,-0.001689813332632184,-0.01602339558303356,-1.578993558883667
1777498849809819904,-0.001681580441072583,-0.01602689735591412,-1.578997731208801
1777498849819859712,-0.001680853660218418,-0.01603131741285324,-1.578994393348694
1777498849829880064,-0.001681993715465069,-0.01602953299880028,-1.578998804092407
1777498849839880960,-0.001690780511125922,-0.01603515446186066,-1.579001903533936
1777498849849862400,-0.001691623474471271,-0.01603398658335209,-1.578998446464539
1777498849859824128,-0.001692917314358056,-0.016038678586483,-1.579003095626831
1777498849869766656,-0.001696612569503486,-0.01604351028800011,-1.578996419906616
1777498849879689472,-0.001698161591775715,-0.01604976691305637,-1.578994989395142
1777498849889592832,-0.001698079635389149,-0.01605114154517651,-1.579000234603882
1777498849899479552,-0.001697412226349115,-0.01605090498924255,-1.579007267951965
1777498849909349632,-0.001692229998297989,-0.01604385487735271,-1.579004883766174
1777498849919200512,-0.001687648124061525,-0.01603770069777966,-1.579005599021912
1777498849929031936,-0.001680437941104174,-0.01604072563350201,-1.579007863998413
1777498849938844416,-0.001675401697866619,-0.01604241505265236,-1.579008460044861
1777498849948637696,-0.001673585502430797,-0.0160455834120512,-1.579004645347595
1777498849958643712,-0.001670305849984288,-0.01604456081986427,-1.579004406929016
1777498849968862208,-0.001675883890129626,-0.01604676991701126,-1.579001545906067
1777498849979061504,-0.001672050915658474,-0.01604386977851391,-1.579003572463989
1777498849989241088,-0.001681601046584547,-0.01604651659727097,-1.5790034532547
1777498849999400960,-0.001681083114817739,-0.01604513451457024,-1.579006195068359
1777498850009540864,-0.001675864565186203,-0.01604251377284527,-1.579004883766174
1777498850019661312,-0.001673672231845558,-0.01604802906513214,-1.579008340835571
1777498850029762304,-0.00167589692864567,-0.01604954525828362,-1.579011559486389
1777498850039845632,-0.001679692533798516,-0.0160498172044754,-1.579011797904968
1777498850049909248,-0.001680871471762657,-0.01605435274541378,-1.579010725021362
1777498850059953152,-0.001677796710282564,-0.01605361886322498,-1.579010605812073
1777498850069977600,-0.001677413936704397,-0.01605204120278358,-1.579012036323547
1777498850079982848,-0.001673124614171684,-0.01605321653187275,-1.579009056091309
1777498850089968384,-0.001676467480137944,-0.01605099439620972,-1.5790114402771
1777498850099934464,-0.001677362713962793,-0.01605206355452538,-1.57900869846344
1777498850109881088,-0.001677174703218043,-0.01605791039764881,-1.579006791114807
1777498850119808768,-0.001678101951256394,-0.01605866849422455,-1.579003572463989
1777498850129717248,-0.001678987755440176,-0.01605898328125477,-1.579004287719727
1777498850139606272,-0.001677511376328766,-0.01605728082358837,-1.579006314277649
1777498850149476096,-0.001677211024798453,-0.01606029830873013,-1.579008221626282
1777498850159326464,-0.001674257800914347,-0.01605729758739471,-1.579009652137756
1777498850169157376,-0.001673299819231033,-0.01605653017759323,-1.5790114402771
1777498850178969088,-0.001674330094829202,-0.01605876907706261,-1.579013228416443
1777498850188761600,-0.001671841135248542,-0.01605620048940182,-1.579009771347046
1777498850198536448,-0.001674103201366961,-0.0160553902387619,-1.579011917114258
1777498850208755456,-0.001669971272349358,-0.01605629175901413,-1.579011678695679
1777498850218955008,-0.001665694289840758,-0.01605417393147945,-1.579012036323547
1777498850229134592,-0.001661185291595757,-0.01605621352791786,-1.579013228416443
1777498850239294208,-0.001659033237956464,-0.0160582922399044,-1.579009175300598
1777498850249435136,-0.001660990179516375,-0.01605711318552494,-1.579009175300598
1777498850259556864,-0.001663130125962198,-0.01605802588164806,-1.579005241394043
1777498850269658624,-0.00166806171182543,-0.01605295576155186,-1.579008340835571
1777498850279740672,-0.001668759970925748,-0.0160556323826313,-1.579007506370544
1777498850289803776,-0.001669697812758386,-0.01605295203626156,-1.579007863998413
1777498850299847168,-0.001670566503889859,-0.01605510152876377,-1.579006433486938
1777498850309871104,-0.001674472936429083,-0.01605646684765816,-1.579009890556335
1777498850319875584,-0.001679371926002204,-0.01605451665818691,-1.579010844230652
1777498850329860864,-0.001675364794209599,-0.01605531945824623,-1.579011797904968
1777498850339826688,-0.001670253928750753,-0.01605724170804024,-1.579009532928467
1777498850349773312,-0.001673928578384221,-0.01605444028973579,-1.579009056091309
1777498850359700480,-0.001675667008385062,-0.01605070568621159,-1.579007863998413
1777498850369608448,-0.001677282154560089,-0.01605446636676788,-1.579003930091858
1777498850379496704,-0.001669119228608906,-0.0160493478178978,-1.579002737998962
1777498850389365760,-0.001664738054387271,-0.01604592613875866,-1.579005360603333
1777498850399215616,-0.001658730092458427,-0.01604385487735271,-1.579004287719727
1777498850409050880,-0.001652611768804491,-0.01604793779551983,-1.5790034532547
1777498850418870272,-0.001645906828343868,-0.01604609936475754,-1.578999280929565
1777498850428670720,-0.001644732314161956,-0.01605044864118099,-1.579001784324646
1777498850438451712,-0.001641283743083477,-0.01605416834354401,-1.579002499580383
1777498850448677120,-0.001639936701394618,-0.01604913547635078,-1.579005002975464
1777498850458882816,-0.001641411217860878,-0.01604889333248138,-1.579007744789124
1777498850469068544,-0.001634328975342214,-0.01605582423508167,-1.579006195068359
1777498850479234816,-0.001630223006941378,-0.01604984700679779,-1.579003691673279
1777498850489381888,-0.001627594814635813,-0.01604754291474819,-1.579001307487488
1777498850499509248,-0.001629430335015059,-0.01604986563324928,-1.578999757766724
1777498850509617152,-0.001630221493542194,-0.01604435592889786,-1.57900083065033
1777498850519705600,-0.00162578362505883,-0.01604604721069336,-1.578999280929565
1777498850529774080,-0.001626122393645346,-0.01605167426168919,-1.578998684883118
1777498850539823360,-0.001625816919840872,-0.016053332015872,-1.578994035720825
1777498850549852928,-0.001624265569262207,-0.01605428941547871,-1.578993082046509
1777498850559863296,-0.001624904340133071,-0.01606119237840176,-1.578993797302246
1777498850569856000,-0.001616441761143506,-0.01606336794793606,-1.57899272441864
1777498850579830784,-0.001619009883143008,-0.01606389321386814,-1.578989744186401
1777498850589786624,-0.001614112756215036,-0.01606432162225246,-1.578988075256348
1777498850599722752,-0.00160997430793941,-0.01606318354606628,-1.578985810279846
1777498850609639680,-0.001611598068848252,-0.0160667896270752,-1.578991174697876
1777498850619537408,-0.001610244857147336,-0.01606354117393494,-1.578993320465088
1777498850629416192,-0.001610546605661511,-0.01606009900569916,-1.578994154930115
1777498850639275520,-0.001608985010534525,-0.01605802774429321,-1.578997611999512
1777498850649116160,-0.001610788400284946,-0.01606379263103008,-1.578999161720276
1777498850658937600,-0.001612500986084342,-0.01606917567551136,-1.579001188278198
1777498850668739840,-0.001613945700228214,-0.01606829278171062,-1.57899808883667
1777498850678522880,-0.001610775478184223,-0.01606676541268826,-1.578994750976562
1777498850688748288,-0.001620335737243295,-0.01607009023427963,-1.578995585441589
1777498850698954240,-0.001622035983018577,-0.01606454327702522,-1.578992962837219
1777498850709139968,-0.00162097264546901,-0.01605983078479767,-1.578991055488586
1777498850719305984,-0.00161898706573993,-0.01606502197682858,-1.578987717628479
1777498850729451776,-0.001618034788407385,-0.0160676185041666,-1.578987002372742
1777498850739579392,-0.001615634188055992,-0.01606364920735359,-1.578989505767822
1777498850749687808,-0.001624173717573285,-0.01606536470353603,-1.578989744186401
1777498850759776512,-0.001625652192160487,-0.01606185548007488,-1.578991532325745
1777498850769845504,-0.001623888500034809,-0.01605679653584957,-1.5789954662323
1777498850779895296,-0.001625859644263983,-0.01605135761201382,-1.578997254371643
1777498850789925376,-0.001624370808713138,-0.01605086214840412,-1.578995823860168
1777498850799936000,-0.001620922703295946,-0.01605390757322311,-1.578991293907166
1777498850809926912,-0.001614885288290679,-0.01605654880404472,-1.578993558883667
1777498850819898880,-0.001622197451069951,-0.01605896651744843,-1.578995108604431
1777498850829851648,-0.001617037458345294,-0.01606219448149204,-1.578993201255798
1777498850839784704,-0.001617023488506675,-0.01606212742626667,-1.578990697860718
1777498850849698560,-0.001611858955584466,-0.01606801711022854,-1.578991889953613
1777498850859592960,-0.001611685380339622,-0.01607578992843628,-1.578993558883667
1777498850869468160,-0.001606853562407196,-0.01608018390834332,-1.578991651535034
1777498850879323648,-0.00160414760466665,-0.01607763208448887,-1.578991293907166
1777498850889159936,-0.001599884941242635,-0.0160783939063549,-1.57899284362793
1777498850898977792,-0.001596991089172661,-0.01608435995876789,-1.57898736000061
1777498850908777216,-0.001593654276803136,-0.01608761586248875,-1.578988552093506
1777498850918557696,-0.001594625297002494,-0.01608865521848202,-1.578986525535583
1777498850928556032,-0.001589668681845069,-0.01608956046402454,-1.578986406326294
1777498850938771712,-0.001586323487572372,-0.01609332114458084,-1.578989028930664
1777498850948967680,-0.001590959145687521,-0.01609119214117527,-1.578993082046509
1777498850959143680,-0.001581992255523801,-0.01609541289508343,-1.578989505767822
1777498850969299712,-0.001580884680151939,-0.01609359867870808,-1.578991532325745
1777498850979435776,-0.001583375968039036,-0.01609618216753006,-1.578991055488586
1777498850989552384,-0.001586001715622842,-0.0160992331802845,-1.578990340232849
1777498850999649280,-0.001585450023412704,-0.01610103435814381,-1.578991174697876
1777498851009727488,-0.001583980629220605,-0.01610276475548744,-1.578990697860718
1777498851019787264,-0.001581402262672782,-0.01610259339213371,-1.578991174697876
1777498851029827584,-0.001577945542521775,-0.01609634235501289,-1.578988909721375
1777498851039848192,-0.001583887031301856,-0.01610042527318001,-1.578992366790771
1777498851049849856,-0.001588662853464484,-0.01609949581325054,-1.578987598419189
1777498851059832320,-0.001592582906596363,-0.01609848253428936,-1.578988313674927
1777498851069795328,-0.001595217152498662,-0.01610085740685463,-1.578989148139954
1777498851079738880,-0.001590207568369806,-0.01609595119953156,-1.578995585441589
1777498851089663232,-0.001586760627105832,-0.01610743626952171,-1.57899284362793
1777498851099568128,-0.001586343394592404,-0.01610977575182915,-1.578995704650879
1777498851109454080,-0.00158976239617914,-0.01611103303730488,-1.578995704650879
1777498851119320576,-0.001594820059835911,-0.01610810495913029,-1.578991413116455
1777498851129167872,-0.00159328687004745,-0.01610982045531273,-1.57899284362793
1777498851138995968,-0.001590266707353294,-0.01611255668103695,-1.57899796962738
1777498851148805120,-0.001589338527992368,-0.01611039415001869,-1.57899534702301
1777498851158594816,-0.001590693718753755,-0.01611057855188847,-1.57899272441864
1777498851168598528,-0.001589955063536763,-0.01610881835222244,-1.578987956047058
1777498851178815488,-0.001581407035700977,-0.0161066148430109,-1.578990340232849
1777498851189012736,-0.001578678959049284,-0.01611091196537018,-1.578987121582031
1777498851199190272,-0.001578000956214964,-0.01611224189400673,-1.578988671302795
1777498851209349120,-0.001577529008500278,-0.0161101408302784,-1.578988790512085
1777498851219488000,-0.001580107607878745,-0.01610758155584335,-1.578992128372192
1777498851229607168,-0.001580054056830704,-0.01610804162919521,-1.578992486000061
1777498851239706624,-0.00157665996812284,-0.0161052942276001,-1.578994154930115
1777498851249786624,-0.001580395619384944,-0.01611353084445,-1.578999400138855
1777498851259847168,-0.00158388027921319,-0.01611159183084965,-1.579002976417542
1777498851269888256,-0.001583109959028661,-0.01611225306987762,-1.579001188278198
1777498851279909376,-0.001579303876496851,-0.01610754430294037,-1.579001188278198
1777498851289911552,-0.001580858835950494,-0.01610674522817135,-1.579008221626282
1777498851299894272,-0.001580079086124897,-0.01609960943460464,-1.579011917114258
1777498851309857536,-0.001586823957040906,-0.01610415615141392,-1.579006433486938
1777498851319801344,-0.001593297929503024,-0.01610583811998367,-1.57900071144104
1777498851329725440,-0.001592311076819897,-0.01610323414206505,-1.579003691673279
1777498851339630080,-0.001595268025994301,-0.01610792800784111,-1.579003095626831
1777498851349515520,-0.001593087567016482,-0.01610999926924706,-1.578997254371643
1777498851359381504,-0.001594237750396132,-0.01610557548701763,-1.578999161720276
1777498851369236224,-0.001595695735886693,-0.01611433178186417,-1.578994393348694
1777498851379071488,-0.001590103493072093,-0.01612045243382454,-1.578989505767822
1777498851388887808,-0.001588202430866659,-0.01612043939530849,-1.578986883163452
1777498851398684928,-0.001584114274010062,-0.01611897349357605,-1.578991889953613
1777498851408692992,-0.00158225407358259,-0.01611790060997009,-1.578988075256348
1777498851418911232,-0.001580525655299425,-0.01611739210784435,-1.578987598419189
1777498851429109760,-0.001580242067575455,-0.0161163154989481,-1.578988552093506
1777498851439289600,-0.001580131356604397,-0.01611961051821709,-1.578988909721375
1777498851449449728,-0.001579004689119756,-0.01611939072608948,-1.57898736000061
1777498851459589888,-0.001574428635649383,-0.01612579822540283,-1.578992962837219
1777498851469710592,-0.001572779146954417,-0.01612755842506886,-1.578996300697327
1777498851479812352,-0.001566010527312756,-0.01612648367881775,-1.578999638557434
1777498851489894400,-0.001569484011270106,-0.01612750254571438,-1.578999876976013
1777498851499957760,-0.001567563274875283,-0.01613112352788448,-1.578999280929565
1777498851510002688,-0.001571879955008626,-0.01613168977200985,-1.57900083065033
1777498851520028416,-0.001570924767293036,-0.01613248139619827,-1.579001069068909
1777498851530034432,-0.001569520565681159,-0.01613412611186504,-1.578999519348145
1777498851540021504,-0.001567960367538035,-0.01613983884453773,-1.578996419906616
1777498851549989120,-0.001566270599141717,-0.01613641157746315,-1.578994870185852
1777498851559937280,-0.001565857441164553,-0.01613465696573257,-1.578995585441589
1777498851569866240,-0.001567085739225149,-0.01614227890968323,-1.578991174697876
1777498851579776256,-0.001565041719004512,-0.0161451194435358,-1.578989148139954
1777498851589667584,-0.001566856633871794,-0.01614199206233025,-1.578990340232849
1777498851599539200,-0.001568452920764685,-0.01613967306911945,-1.578992366790771
1777498851609391872,-0.00156727246940136,-0.01614028215408325,-1.578994154930115
1777498851619225088,-0.001573999761603773,-0.01614342071115971,-1.57899796962738
1777498851629039616,-0.001568638137541711,-0.01615368947386742,-1.579001069068909
1777498851638835200,-0.001567413099110126,-0.01615539193153381,-1.578995704650879
1777498851648611584,-0.001565288752317429,-0.01614834554493427,-1.578992486000061
1777498851658829824,-0.001558503601700068,-0.01615049503743649,-1.57898998260498
1777498851669028352,-0.001562099787406623,-0.0161462314426899,-1.578986048698425
1777498851679206912,-0.001559447031468153,-0.01614452339708805,-1.578981995582581
1777498851689366528,-0.00155885424464941,-0.01614806428551674,-1.578982949256897
1777498851699506688,-0.00156046892516315,-0.01615059189498425,-1.57897961139679
1777498851709626880,-0.001553266192786396,-0.01615457236766815,-1.57897937297821
1777498851719727872,-0.00155125476885587,-0.01615553162992001,-1.578978061676025
1777498851729809408,-0.001546424115076661,-0.01615518890321255,-1.578982830047607
1777498851739871232,-0.001545952167361975,-0.01614613085985184,-1.578977227210999
1777498851749913088,-0.001548788510262966,-0.01614849455654621,-1.57897412776947
1777498851759935232,-0.001549103180877864,-0.01614684239029884,-1.578972816467285
1777498851769938432,-0.001546433777548373,-0.01614946499466896,-1.578971385955811
1777498851779922432,-0.001541003119200468,-0.01615324430167675,-1.578975319862366
1777498851789887232,-0.001540779136121273,-0.01615391857922077,-1.578975677490234
1777498851799832576,-0.001537125091999769,-0.0161577221006155,-1.578980207443237
1777498851809758464,-0.00153899216093123,-0.01615937240421772,-1.578978300094604
1777498851819665152,-0.00154305633623153,-0.01616393961012363,-1.578979134559631
1777498851829552640,-0.001548264641314745,-0.01617067493498325,-1.578972578048706
1777498851839420672,-0.001543808029964566,-0.01617038808763027,-1.578965783119202
1777498851849273344,-0.001547621446661651,-0.0161727424710989,-1.578970670700073
1777498851859109632,-0.001543272170238197,-0.01617458276450634,-1.578970313072205
1777498851868926976,-0.001541562844067812,-0.01617337204515934,-1.57896876335144
1777498851878725376,-0.001534409006126225,-0.01617712527513504,-1.578972816467285
1777498851888504576,-0.001537676202133298,-0.01617946289479733,-1.578975439071655
1777498851898724608,-0.001539611374028027,-0.01618736609816551,-1.578978776931763
1777498851908924928,-0.001539949211291969,-0.01619130745530128,-1.578979253768921
1777498851919105280,-0.001532010501250625,-0.01619061268866062,-1.578981399536133
1777498851929265920,-0.001525688217952847,-0.01619227603077888,-1.578984618186951
1777498851939407616,-0.001520958147011697,-0.01619475334882736,-1.578989386558533
1777498851949530368,-0.001516652526333928,-0.01619760133326054,-1.578991532325745
1777498851959633920,-0.001511380542069674,-0.01619858480989933,-1.578993916511536
1777498851969717504,-0.001507242093794048,-0.01619846560060978,-1.578988432884216
1777498851979781888,-0.001507816952653229,-0.01620158739387989,-1.578986883163452
1777498851989827072,-0.001502145314589143,-0.01620079390704632,-1.578989863395691
1777498851999852544,-0.001498431316576898,-0.01620504073798656,-1.578987598419189
1777498852009859072,-0.001492596231400967,-0.01620492525398731,-1.578989624977112
1777498852019846656,-0.00149261113256216,-0.01620013639330864,-1.578988075256348
1777498852029815040,-0.001491926843300462,-0.01619745418429375,-1.578984498977661
1777498852039763968,-0.001492192270234227,-0.01619687862694263,-1.578981995582581
1777498852049693440,-0.001493318588472903,-0.01620364747941494,-1.578983783721924
1777498852059603456,-0.001489322283305228,-0.01620612107217312,-1.578983902931213
1777498852069494272,-0.001485295128077269,-0.01620811596512794,-1.578980207443237
1777498852079365632,-0.001482094638049603,-0.01620813086628914,-1.578979730606079
1777498852089217536,-0.001479461090639234,-0.01621110551059246,-1.578982710838318
1777498852099053824,-0.001480618375353515,-0.01621092669665813,-1.578983783721924
1777498852108874496,-0.001482137595303357,-0.0162101723253727,-1.578980922698975
1777498852118675968,-0.001486074877902865,-0.01620877534151077,-1.578980922698975
1777498852128458496,-0.001488797133788466,-0.01621107012033463,-1.578977704048157
1777498852138685184,-0.001486583380028605,-0.01620848476886749,-1.578975439071655
1777498852148892160,-0.001492642797529697,-0.01620468124747276,-1.57897412776947
1777498852159079680,-0.001488414709456265,-0.01621050015091896,-1.578973412513733
1777498852169248000,-0.001486457767896354,-0.01621203310787678,-1.578974604606628
1777498852179396608,-0.001482714666053653,-0.01621411740779877,-1.578973174095154
1777498852189525504,-0.001484235282987356,-0.01621474325656891,-1.578973054885864
1777498852199634432,-0.001474428921937943,-0.01620755530893803,-1.578975319862366
1777498852209723904,-0.001474605873227119,-0.01620320603251457,-1.578979253768921
1777498852219793664,-0.001474168500863016,-0.01620292663574219,-1.578979253768921
1777498852229843456,-0.001475704833865166,-0.01620251312851906,-1.578980922698975
1777498852239874048,-0.001477468991652131,-0.01620371825993061,-1.578978300094604
1777498852249884928,-0.001477390760555863,-0.0162037555128336,-1.578977823257446
1777498852259877888,-0.001475776312872767,-0.01620692946016788,-1.578976273536682
1777498852269852928,-0.001478747697547078,-0.01621472463011742,-1.578976392745972
1777498852279808512,-0.001472262083552778,-0.01621538400650024,-1.578979969024658
1777498852289744640,-0.001470652059651911,-0.01621255464851856,-1.578983426094055
1777498852299661824,-0.001467193011194468,-0.01620775461196899,-1.578982353210449
1777498852309559552,-0.001469582784920931,-0.01621105894446373,-1.578981637954712
1777498852319437824,-0.00147203030064702,-0.01621823199093342,-1.578977704048157
1777498852329296896,-0.001473522861488163,-0.01621578633785248,-1.578977584838867
1777498852339137024,-0.001476200181059539,-0.01621476374566555,-1.578977584838867
1777498852348958464,-0.001471511437557638,-0.01621517352759838,-1.578977108001709
1777498852358760192,-0.001468425150960684,-0.01621872372925282,-1.578980326652527
1777498852368543232,-0.001474298886023462,-0.01622354425489902,-1.578977704048157
1777498852378542848,-0.001480981474742293,-0.01622365042567253,-1.578976273536682
1777498852388759040,-0.001479345024563372,-0.016227712854743,-1.578976035118103
1777498852398955264,-0.001478972844779491,-0.01622545719146729,-1.578980088233948
1777498852409131776,-0.001484430278651416,-0.01622727327048779,-1.578981995582581
1777498852419288320,-0.001476531149819493,-0.01623054407536983,-1.57898211479187
1777498852429425664,-0.001480762381106615,-0.0162324458360672,-1.578981637954712
1777498852439544320,-0.00147236546035856,-0.01623520068824291,-1.578983306884766
1777498852449643520,-0.001466433168388903,-0.01623733527958393,-1.578982949256897
1777498852459723264,-0.001466709887608886,-0.01623944006860256,-1.578981637954712
1777498852469783552,-0.001461982261389494,-0.01623473130166531,-1.578977584838867
1777498852479824384,-0.001465320936404169,-0.01623629406094551,-1.578977346420288
1777498852489845504,-0.001466524787247181,-0.01623282954096794,-1.578975200653076
1777498852499846912,-0.001463747816160321,-0.01623331569135189,-1.57898211479187
1777498852509828864,-0.001461217529140413,-0.0162330437451601,-1.578979253768921
1777498852519791872,-0.001459375722333789,-0.01623613946139812,-1.578975319862366
1777498852529735424,-0.001462956191971898,-0.01623924076557159,-1.578976631164551
1777498852539659264,-0.001462267944589257,-0.01623985357582569,-1.578975558280945
1777498852549563904,-0.001466496731154621,-0.01624546758830547,-1.57897412776947
1777498852559449088,-0.00146215024869889,-0.01624773442745209,-1.578974485397339
1777498852569315072,-0.001460003084503114,-0.01625761203467846,-1.578976631164551
1777498852579161856,-0.001459398539736867,-0.01625809259712696,-1.57897675037384
1777498852588989696,-0.001456577330827713,-0.01626521535217762,-1.578974008560181
1777498852598802944,-0.001462713698856533,-0.01626383326947689,-1.578968644142151
1777498852608599808,-0.001458870014175773,-0.01625991612672806,-1.578969478607178
1777498852618606592,-0.001460461993701756,-0.01626562885940075,-1.578965902328491
1777498852628822528,-0.001457820413634181,-0.01626788638532162,-1.578962922096252
1777498852639018752,-0.001457157311961055,-0.01627117581665516,-1.578964710235596
1777498852649195264,-0.001457888400182128,-0.01626385562121868,-1.578960299491882
1777498852659353088,-0.001453438424505293,-0.01626378111541271,-1.578962683677673
1777498852669490944,-0.001454308745451272,-0.01626230217516422,-1.578961133956909
1777498852679608832,-0.001452542957849801,-0.01625512167811394,-1.578960657119751
1777498852689707264,-0.001446512760594487,-0.01625868864357471,-1.578956246376038
1777498852699786240,-0.001445440342649817,-0.01626180112361908,-1.57895302772522
1777498852709845248,-0.001450971933081746,-0.01626520976424217,-1.578951597213745
1777498852719885056,-0.001452382537536323,-0.01626686379313469,-1.578948616981506
1777498852729905408,-0.001448210095986724,-0.01626803539693356,-1.578948616981506
1777498852739906560,-0.00144397746771574,-0.01626367494463921,-1.578951120376587
1777498852749888256,-0.001453799661248922,-0.01625758223235607,-1.578959822654724
1777498852759850496,-0.001452231663279235,-0.01626222394406796,-1.578956127166748
1777498852769793280,-0.001443308196030557,-0.01626315526664257,-1.578954696655273
1777498852779718400,-0.001441766857169569,-0.01626900397241116,-1.578955173492432
1777498852789626112,-0.001446717535145581,-0.01627160422503948,-1.578955173492432
1777498852799514880,-0.001449381001293659,-0.01626836694777012,-1.578955054283142
1777498852809384448,-0.001453545643016696,-0.0162679236382246,-1.57895827293396
1777498852819235328,-0.001451195101253688,-0.01626967452466488,-1.578960061073303
1777498852829066752,-0.001444904017262161,-0.01627387851476669,-1.578961968421936
1777498852838879232,-0.001451081247068942,-0.01628058403730392,-1.57896089553833
1777498852848672768,-0.00145579339005053,-0.0162813663482666,-1.578960418701172
1777498852858678528,-0.001451001153327525,-0.01628069952130318,-1.578961253166199
1777498852868896256,-0.001453878474421799,-0.01628349535167217,-1.57895839214325
1777498852879094272,-0.001455409801565111,-0.01628785394132137,-1.578957915306091
1777498852889273344,-0.001450391719117761,-0.01629393361508846,-1.578959703445435
1777498852899432704,-0.001444675493985415,-0.01629701815545559,-1.57896089553833
1777498852909572096,-0.001431990414857864,-0.01629380136728287,-1.578960657119751
1777498852919691520,-0.001429808442480862,-0.01629074662923813,-1.578959941864014
1777498852929791232,-0.001433025114238262,-0.01628722622990608,-1.578957676887512
1777498852939871232,-0.001434969599358737,-0.01628856919705868,-1.578959226608276
1777498852949931520,-0.00143496273085475,-0.01629579998552799,-1.578961610794067
1777498852959972096,-0.001425808761268854,-0.01629599183797836,-1.578966617584229
1777498852969993728,-0.001430111937224865,-0.01630227081477642,-1.578962683677673
1777498852979995648,-0.001431811368092895,-0.01630375720560551,-1.578961491584778
1777498852989981952,-0.001431605080142617,-0.01630242355167866,-1.5789635181427
1777498852999948800,-0.001433708239346743,-0.01630537770688534,-1.578961849212646
1777498853009896192,-0.00143052136991173,-0.01630615070462227,-1.578954339027405
1777498853019824384,-0.001424279063940048,-0.01630513556301594,-1.578951120376587
1777498853029733120,-0.0014276277506724,-0.01629911549389362,-1.578948616981506
1777498853039622656,-0.001416209852322936,-0.01630054228007793,-1.578946709632874
1777498853049492736,-0.001413052435964346,-0.01629732176661491,-1.578945398330688
1777498853059343872,-0.001412340323440731,-0.01629531942307949,-1.578944206237793
1777498853069175808,-0.001410294324159622,-0.01629560813307762,-1.578944802284241
1777498853078988800,-0.001406764262355864,-0.01630035042762756,-1.578940868377686
1777498853088782592,-0.001401244546286762,-0.01629971526563168,-1.578941106796265
1777498853098556928,-0.001401635003276169,-0.01630519889295101,-1.578945517539978
1777498853108775936,-0.00141150422859937,-0.01630756817758083,-1.578946828842163
1777498853118974976,-0.001409105840139091,-0.01631239801645279,-1.578948140144348
1777498853129154304,-0.001409902120940387,-0.01631413213908672,-1.578952193260193
1777498853139313920,-0.001407030737027526,-0.01632109843194485,-1.578951716423035
1777498853149453824,-0.001406958675943315,-0.01631063595414162,-1.578951954841614
1777498853159574016,-0.001406160881742835,-0.01630834862589836,-1.578954458236694
1777498853169674240,-0.00140412722248584,-0.01631501317024231,-1.578952193260193
1777498853179757824,-0.001406610943377018,-0.01631639897823334,-1.578953742980957
1777498853189821952,-0.001409738906659186,-0.01632131263613701,-1.5789555311203
1777498853199866624,-0.001406739116646349,-0.01631662622094154,-1.578956484794617
1777498853209891584,-0.001405422808602452,-0.01631417311728001,-1.578954339027405
1777498853219897344,-0.00139703240711242,-0.0163128636777401,-1.578955888748169
1777498853229883648,-0.001395834959112108,-0.01631354913115501,-1.578952074050903
1777498853239850496,-0.001390375895425677,-0.01631703227758408,-1.578950643539429
1777498853249797888,-0.001385526731610298,-0.01631871424615383,-1.578952670097351
1777498853259726336,-0.001386779942549765,-0.01631519570946693,-1.578951835632324
1777498853269635584,-0.001386553165502846,-0.01631799712777138,-1.578948378562927
1777498853279525632,-0.001387168536894023,-0.01632425747811794,-1.57895028591156
1777498853289396224,-0.001385402982123196,-0.01632322184741497,-1.578952431678772
1777498853299247872,-0.001392198377288878,-0.01632732711732388,-1.578946352005005
1777498853309080064,-0.001394485705532134,-0.01633146591484547,-1.578947901725769
1777498853318893312,-0.001391554600559175,-0.01633602380752563,-1.578942775726318
1777498853328687104,-0.001396758598275483,-0.01633703894913197,-1.578944683074951
1777498853338462720,-0.001405099639669061,-0.01633259281516075,-1.578940749168396
1777498853348688128,-0.00140323443338275,-0.01633624732494354,-1.578943014144897
1777498853358893568,-0.001409725286066532,-0.01633758097887039,-1.578940272331238
1777498853369079808,-0.001407465199008584,-0.01633765548467636,-1.57893705368042
1777498853379246592,-0.001401240238919854,-0.01633585803210735,-1.578936696052551
1777498853389393664,-0.001399582833983004,-0.01634018681943417,-1.5789395570755
1777498853399521024,-0.001400716952048242,-0.01634461805224419,-1.578940629959106
1777498853409629184,-0.001397998537868261,-0.01634474284946918,-1.578941822052002
1777498853419717888,-0.001390253892168403,-0.0163408387452364,-1.578940391540527
1777498853429786880,-0.001386191928759217,-0.01634427532553673,-1.578941226005554
1777498853439836160,-0.001389059121720493,-0.01635140925645828,-1.578937888145447
1777498853449868032,-0.001390542485751212,-0.01635510474443436,-1.578934907913208
1777498853459881984,-0.001395855797454715,-0.01634762436151505,-1.578930258750916
1777498853469876480,-0.001394764170981944,-0.01635238900780678,-1.578929662704468
1777498853479851264,-0.001401748741045594,-0.01635362394154072,-1.578932285308838
1777498853489807360,-0.001402639085426927,-0.01634892448782921,-1.578937172889709
1777498853499744000,-0.001400516484864056,-0.01635246910154819,-1.57892906665802
1777498853509661184,-0.00139303645119071,-0.01635442115366459,-1.578927159309387
1777498853519558912,-0.001388808479532599,-0.01635186187922955,-1.578928828239441
1777498853529437696,-0.001388744218274951,-0.01635236293077469,-1.578931093215942
1777498853539297536,-0.001389897428452969,-0.01635349728167057,-1.578933477401733
1777498853549138176,-0.001387748634442687,-0.01635397411882877,-1.578932285308838
1777498853558959872,-0.00138921698089689,-0.01635521091520786,-1.578936100006104
1777498853568762624,-0.001384180271998048,-0.01635658368468285,-1.578936100006104
1777498853578545664,-0.001389064360409975,-0.01635984517633915,-1.578938841819763
1777498853588770560,-0.001389890559948981,-0.01635899767279625,-1.578939199447632
1777498853598976512,-0.001387445954605937,-0.01635997928678989,-1.578935861587524
1777498853609162752,-0.001383559545502067,-0.01636111363768578,-1.578935742378235
1777498853619329280,-0.001385032548569143,-0.01635731756687164,-1.57893705368042
1777498853629476096,-0.001381328096613288,-0.01635520718991756,-1.578934192657471
1777498853639604480,-0.00138010224327445,-0.01635254174470901,-1.578934192657471
1777498853649713152,-0.001381802372634411,-0.01636015996336937,-1.578936815261841
1777498853659802112,-0.001380242756567895,-0.01636222377419472,-1.57893967628479
1777498853669871616,-0.001382796792313457,-0.01636713370680809,-1.578945279121399
1777498853679921664,-0.001386510673910379,-0.01637289859354496,-1.578946590423584
1777498853689951744,-0.001388664240948856,-0.01637539267539978,-1.578943252563477
1777498853699962112,-0.001386168412864208,-0.01637831889092922,-1.578941226005554
1777498853709952768,-0.001384761999361217,-0.01638047210872173,-1.578933954238892
1777498853719924480,-0.001377592445351183,-0.01637176238000393,-1.578929781913757
1777498853729876480,-0.001379352062940598,-0.01637433096766472,-1.578932285308838
1777498853739809024,-0.001380358939059079,-0.01637309603393078,-1.578925728797913
1777498853749722112,-0.001383293536491692,-0.01637632958590984,-1.578929424285889
1777498853759616000,-0.00138878112193197,-0.01637360639870167,-1.578927159309387
1777498853769490176,-0.001385616953484714,-0.01637376099824905,-1.578926563262939
1777498853779344896,-0.001391032477840781,-0.01637563854455948,-1.578928589820862
1777498853789180416,-0.001392450998537242,-0.0163717120885849,-1.578925609588623
1777498853798997504,-0.001392067759297788,-0.01637516543269157,-1.57892370223999
1777498853808795648,-0.001393583253957331,-0.01637688092887402,-1.578927159309387
1777498853818574592,-0.001390055404044688,-0.01637609489262104,-1.578924536705017
1777498853828809472,-0.00138584163505584,-0.01638128235936165,-1.578922986984253
1777498853839024640,-0.001383255701512098,-0.01639366894960403,-1.578918218612671
1777498853849220352,-0.001386317773722112,-0.01638669706881046,-1.578911304473877
1777498853859396352,-0.001383387832902372,-0.0163873415440321,-1.578918695449829
1777498853869552384,-0.001380434259772301,-0.01638759858906269,-1.578916668891907
1777498853879689984,-0.001384844770655036,-0.01639517396688461,-1.578912973403931
1777498853889808384,-0.001385870273225009,-0.0163927786052227,-1.57891571521759
1777498853899907328,-0.001379600609652698,-0.01638915948569775,-1.578909873962402
1777498853909986560,-0.001379785826429725,-0.0163846779614687,-1.57891058921814
1777498853920046592,-0.00138135114684701,-0.01638387329876423,-1.578907370567322
1777498853930087168,-0.001384394709020853,-0.01638316176831722,-1.578909993171692
1777498853940108032,-0.001384414033964276,-0.01637834310531616,-1.578912019729614
1777498853950109952,-0.001379097695462406,-0.01637510024011135,-1.578915596008301
1777498853960092928,-0.001383143477141857,-0.01637333258986473,-1.578919410705566
1777498853970056960,-0.00137759861536324,-0.01637416146695614,-1.578921318054199
1777498853980001280,-0.001374044804833829,-0.01638004928827286,-1.57892382144928
1777498853989926144,-0.001378282788209617,-0.01637963950634003,-1.578920125961304
1777498853999831552,-0.001377343316562474,-0.01638069562613964,-1.578916668891907
1777498854009717760,-0.001386556308716536,-0.01637371443212032,-1.578918099403381
1777498854019584768,-0.001389525714330375,-0.01637487672269344,-1.578919529914856
1777498854029435136,-0.001385943498462439,-0.01637562178075314,-1.578920960426331
1777498854039269376,-0.001388977281749249,-0.0163816474378109,-1.578927397727966
1777498854049084416,-0.001389879384078085,-0.01637897454202175,-1.578928112983704
1777498854058880256,-0.001391510246321559,-0.01637445203959942,-1.578925728797913
1777498854068886528,-0.001397385494783521,-0.0163794718682766,-1.578925132751465
1777498854079102208,-0.001395814935676754,-0.01637786999344826,-1.578922510147095
1777498854089297920,-0.001395113067701459,-0.01637267135083675,-1.578920364379883
1777498854099474432,-0.001393734128214419,-0.01637510396540165,-1.57892107963562
1777498854109631488,-0.00139190477784723,-0.01637651585042477,-1.578916668891907
1777498854119768832,-0.00139023526571691,-0.01638018153607845,-1.578912377357483
1777498854129886208,-0.001383575843647122,-0.01638054102659225,-1.578913331031799
1777498854139984384,-0.001381948590278625,-0.01638129167258739,-1.578911304473877
1777498854150062592,-0.001382720656692982,-0.01637879200279713,-1.578912496566772
1777498854160121344,-0.001381984096951783,-0.01638694480061531,-1.578914642333984
1777498854170160384,-0.001380836474709213,-0.01638559997081757,-1.578917741775513
1777498854180180480,-0.001381276175379753,-0.01638594083487988,-1.57891571521759
1777498854190182656,-0.001381111331284046,-0.01638771407306194,-1.578921556472778
1777498854200166912,-0.001379378605633974,-0.01639634370803833,-1.578915119171143
1777498854210131968,-0.0013701266143471,-0.01639552973210812,-1.578911900520325
1777498854220077824,-0.001365935546346009,-0.01639322191476822,-1.578911066055298
1777498854230003968,-0.001374630141071975,-0.01639779098331928,-1.57891321182251
1777498854239911168,-0.00136929249856621,-0.01639663241803646,-1.578911781311035
1777498854249798656,-0.001366210868582129,-0.01639649085700512,-1.578911542892456
1777498854259667200,-0.001360731665045023,-0.01640179753303528,-1.578911662101746
1777498854269516800,-0.001368172699585557,-0.0164067167788744,-1.578912138938904
1777498854279346944,-0.001370099023915827,-0.01641066744923592,-1.578912377357483
1777498854289158144,-0.001373421750031412,-0.0164055023342371,-1.578911423683167
1777498854298949888,-0.001371918013319373,-0.01640797778964043,-1.578912377357483
1777498854308954880,-0.001365925534628332,-0.01640298590064049,-1.578912496566772
1777498854319172096,-0.001364793279208243,-0.01640475355088711,-1.578911542892456
1777498854329369344,-0.001361007103696465,-0.01640892028808594,-1.578911900520325
1777498854339547136,-0.001351124374195933,-0.01641021110117435,-1.578915357589722
1777498854349706240,-0.001343887066468596,-0.0164093691855669,-1.578915238380432
1777498854359845376,-0.001339636743068695,-0.01640566252171993,-1.578910946846008
1777498854369965056,-0.001338483649305999,-0.01640810817480087,-1.578911781311035
1777498854380065024,-0.001334377331659198,-0.01640752889215946,-1.578911781311035
1777498854390145536,-0.001333220745436847,-0.01640518009662628,-1.578910708427429
1777498854400206336,-0.001332282787188888,-0.01640457101166248,-1.578903317451477
1777498854410247936,-0.001338813221082091,-0.01640428230166435,-1.578902840614319
1777498854420270080,-0.001337877125479281,-0.0164047833532095,-1.578898072242737
1777498854430275584,-0.001337588881142437,-0.01640413329005241,-1.578898072242737
1777498854440262144,-0.001338573987595737,-0.01640714146196842,-1.57889723777771
1777498854450229248,-0.00133912218734622,-0.01640847139060497,-1.57889723777771
1777498854460176640,-0.001331335515715182,-0.01640506461262703,-1.578895688056946
1777498854470105088,-0.001332830986939371,-0.01640699803829193,-1.578893303871155
1777498854480014336,-0.001326163648627698,-0.0164080448448658,-1.57889449596405
1777498854489904128,-0.001326589495874941,-0.01641011796891689,-1.578887104988098
1777498854499774464,-0.001326467841863632,-0.01641124673187733,-1.578890323638916
1777498854509626112,-0.00132389145437628,-0.01641856133937836,-1.578888297080994
1777498854519458560,-0.001322862575761974,-0.01641476526856422,-1.578885793685913
1777498854529271808,-0.001321253483183682,-0.01641637273132801,-1.578893065452576
1777498854539065856,-0.001319639151915908,-0.01641223579645157,-1.578892111778259
1777498854548840704,-0.001322077820077538,-0.01641412824392319,-1.578891754150391
1777498854559058944,-0.001322776428423822,-0.01641424186527729,-1.578890681266785
1777498854569257472,-0.001322302268818021,-0.01641011983156204,-1.578892111778259
1777498854579436032,-0.001321624615229666,-0.01641242392361164,-1.578893780708313
1777498854589596160,-0.001322025316767395,-0.01641964726150036,-1.578889727592468
1777498854599736320,-0.001316598732955754,-0.01642270758748055,-1.578891634941101
1777498854609856512,-0.001319461036473513,-0.01642295718193054,-1.578891038894653
1777498854619957248,-0.001318798284046352,-0.01642381213605404,-1.578892350196838
1777498854630038272,-0.001323434291407466,-0.01642456278204918,-1.578890442848206
1777498854640099584,-0.001313462969847023,-0.01642401516437531,-1.578890204429626
1777498854650141440,-0.001306720310822129,-0.01642714068293571,-1.578885674476624
1777498854660163328,-0.001304524019360542,-0.0164279118180275,-1.578887581825256
1777498854670166528,-0.001299559371545911,-0.01643331721425056,-1.578889727592468
1777498854680150016,-0.00129603547975421,-0.01643803529441357,-1.578883767127991
1777498854690113792,-0.001292149303480983,-0.0164355430752039,-1.578882575035095
1777498854700060160,-0.001287670456804335,-0.01643934287130833,-1.578880667686462
1777498854709989376,-0.001292109955102205,-0.01644610986113548,-1.578878879547119
1777498854719899392,-0.001288978848606348,-0.01645182818174362,-1.578882217407227
1777498854729790464,-0.00129321007989347,-0.01644869148731232,-1.578882098197937
1777498854739662592,-0.001297504059039056,-0.01644514687359333,-1.578883051872253
1777498854749515264,-0.001295421738177538,-0.01644663698971272,-1.578888297080994
1777498854759348480,-0.001296242815442383,-0.01644787192344666,-1.578890204429626
1777498854769162752,-0.001287317019887269,-0.01644453406333923,-1.578888297080994
1777498854778958592,-0.001282895100302994,-0.01644659414887428,-1.578887224197388
1777498854788735488,-0.001280866446904838,-0.01645267568528652,-1.578887462615967
1777498854798954752,-0.001285235048271716,-0.01645643822848797,-1.578888416290283
1777498854809154304,-0.001292708213441074,-0.01645647548139095,-1.57888650894165
1777498854819333888,-0.001297295792028308,-0.016448013484478,-1.578889608383179
1777498854829494784,-0.00129775726236403,-0.0164420697838068,-1.578889489173889
1777498854839635968,-0.001292391098104417,-0.01643851399421692,-1.578889489173889
1777498854849757440,-0.001297087408602238,-0.01643647998571396,-1.578887343406677
1777498854859859200,-0.001290041022002697,-0.01644109934568405,-1.578887104988098
1777498854869941504,-0.001289321458898485,-0.01644283905625343,-1.578888297080994
1777498854880004352,-0.001293353852815926,-0.01644207909703255,-1.578889131546021
1777498854890047232,-0.001291150110773742,-0.01644796691834927,-1.57889187335968
1777498854900070656,-0.001284287078306079,-0.01644672267138958,-1.57889187335968
1777498854910075392,-0.001289166160859168,-0.01645177416503429,-1.578891515731812
1777498854920060416,-0.001294059213250875,-0.01645225659012794,-1.578895449638367
1777498854930026240,-0.001291523687541485,-0.01644902676343918,-1.57889723777771
1777498854939974912,-0.00128697941545397,-0.01644212566316128,-1.578899621963501
1777498854949906176,-0.001280322205275297,-0.01644114777445793,-1.578898310661316
1777498854959817984,-0.001281221979297698,-0.01644097082316875,-1.578906059265137
1777498854969710336,-0.001281303120777011,-0.01644340716302395,-1.578908920288086
1777498854979583744,-0.001280219876207411,-0.01644596457481384,-1.57890772819519
1777498854989437952,-0.00127225648611784,-0.01644906029105186,-1.578902840614319
1777498854999272960,-0.001276914728805423,-0.01644601672887802,-1.578902125358582
1777498855009088768,-0.001273491536267102,-0.01644603721797466,-1.57890248298645
1777498855018885888,-0.001271118060685694,-0.01645166799426079,-1.578904509544373
1777498855028664576,-0.001271441113203764,-0.01645509339869022,-1.578903436660767
1777498855038889984,-0.001278317649848759,-0.01645472086966038,-1.578907608985901
1777498855049095680,-0.001277600298635662,-0.01645303517580032,-1.578903794288635
1777498855059281408,-0.001280113938264549,-0.01645354740321636,-1.578906893730164
1777498855069447680,-0.001279747812077403,-0.01645419932901859,-1.578908443450928
1777498855079594496,-0.001284429337829351,-0.01645297184586525,-1.57890248298645
1777498855089721600,-0.001290131127461791,-0.0164511501789093,-1.578906416893005
1777498855099828480,-0.001288624829612672,-0.01644552312791348,-1.578907608985901
1777498855109915904,-0.001289025181904435,-0.01643801480531693,-1.57891047000885
1777498855119983872,-0.001288473606109619,-0.01643097773194313,-1.578913450241089
1777498855130032128,-0.001285148900933564,-0.01643374562263489,-1.578915238380432
1777498855140060672,-0.001278098323382437,-0.01643536053597927,-1.578912734985352
1777498855150070016,-0.001277244067750871,-0.01643114723265171,-1.578914165496826
1777498855160060416,-0.001281542470678687,-0.01642316579818726,-1.578912019729614
1777498855170030848,-0.001269525615498424,-0.01642058975994587,-1.578908443450928
1777498855179982080,-0.001268792431801558,-0.01641640812158585,-1.578912138938904
1777498855189913856,-0.001268319319933653,-0.01641726866364479,-1.578910946846008
1777498855199825664,-0.001269941451027989,-0.0164183359593153,-1.578909158706665
1777498855209718272,-0.001271355315111578,-0.01642640866339207,-1.578904747962952
1777498855219591424,-0.001265099970623851,-0.0164287444204092,-1.578904509544373
1777498855229448960,-0.001262275851331651,-0.01642996445298195,-1.578901171684265
1777498855239290880,-0.001262754201889038,-0.01643143221735954,-1.578895211219788
1777498855249114112,-0.001263690181076527,-0.01642718911170959,-1.57889711856842
1777498855258918400,-0.00126686180010438,-0.01642679981887341,-1.57889986038208
1777498855268703488,-0.001266893814317882,-0.01642491668462753,-1.578901290893555
1777498855278704128,-0.001262363861314952,-0.01642574742436409,-1.578899621963501
1777498855288919808,-0.001261281315237284,-0.0164211206138134,-1.578899145126343
1777498855299116032,-0.001263820100575686,-0.01642373576760292,-1.578898668289185
1777498855309292288,-0.001264967257156968,-0.01642956584692001,-1.578895926475525
1777498855319449344,-0.001269438769668341,-0.01643179543316364,-1.578894019126892
1777498855329587200,-0.001266580307856202,-0.01644313894212246,-1.578892827033997
1777498855339705856,-0.001257324474863708,-0.01644197665154934,-1.57889461517334
1777498855349805056,-0.00125428510364145,-0.01643730327486992,-1.578892469406128
1777498855359884544,-0.001251258770935237,-0.01643531583249569,-1.578896045684814
1777498855369944320,-0.001249236520379782,-0.01643011346459389,-1.578896999359131
1777498855379984640,-0.001247502979822457,-0.01642599701881409,-1.578895807266235
1777498855390005248,-0.001245872466824949,-0.01642744429409504,-1.578889846801758
1777498855400006400,-0.001251635956577957,-0.0164320319890976,-1.578889012336731
1777498855409988096,-0.001249910448677838,-0.01643446460366249,-1.578892588615417
1777498855419950592,-0.001252641552127898,-0.01643394492566586,-1.578895807266235
1777498855429893632,-0.001251295092515647,-0.01643480733036995,-1.578890919685364
1777498855439816960,-0.001250323606655002,-0.0164367388933897,-1.578893303871155
1777498855449721088,-0.001245975960046053,-0.01643276400864124,-1.578895330429077
1777498855459606016,-0.001242488389834762,-0.01642600446939468,-1.578892469406128
1777498855469471488,-0.001245541381649673,-0.01642665453255177,-1.578891396522522
1777498855479317504,-0.001248973305337131,-0.01642749086022377,-1.578894853591919
1777498855489144576,-0.001246033702045679,-0.01642728224396706,-1.578890204429626
1777498855498953216,-0.00125272455625236,-0.01641855947673321,-1.578888416290283
1777498855508748032,-0.001247369218617678,-0.0164203867316246,-1.578887224197388
1777498855518753536,-0.001250078901648521,-0.01642457954585552,-1.578883647918701
1777498855528969728,-0.001242688740603626,-0.01642858423292637,-1.578884482383728
1777498855539166208,-0.001236188341863453,-0.0164384339004755,-1.578884124755859
1777498855549343232,-0.001243141596205533,-0.01644130609929562,-1.578885674476624
1777498855559500800,-0.001240775804035366,-0.01644293963909149,-1.578887343406677
1777498855569638912,-0.00124130817130208,-0.01644427701830864,-1.578886985778809
1777498855579757824,-0.001241126912645996,-0.01644447818398476,-1.57888662815094
1777498855589856512,-0.001245279680006206,-0.01645286753773689,-1.578889489173889
1777498855599936000,-0.001246602390892804,-0.01645216718316078,-1.578894138336182
1777498855609995520,-0.001250736648216844,-0.01645239070057869,-1.578897476196289
1777498855620035328,-0.001257386174984276,-0.01645459979772568,-1.578896284103394
1777498855630055680,-0.001258018193766475,-0.01645408757030964,-1.578897595405579
1777498855640056832,-0.001254791161045432,-0.01645362749695778,-1.578900575637817
1777498855650038016,-0.001249121385626495,-0.0164511539041996,-1.57889986038208
1777498855660000000,-0.001249938388355076,-0.01645661704242229,-1.578901410102844
1777498855669942272,-0.00125000870320946,-0.01645356416702271,-1.578903198242188
1777498855679865088,-0.001247799256816506,-0.01645495183765888,-1.578902363777161
1777498855689768960,-0.001250921166501939,-0.0164608508348465,-1.578902125358582
1777498855699653120,-0.001252003479748964,-0.01645691506564617,-1.578898668289185
1777498855709517824,-0.00125478720292449,-0.01646150089800358,-1.578898668289185
1777498855719367680,-0.001246549771167338,-0.01645361073315144,-1.578897953033447
1777498855729201920,-0.001251898123882711,-0.01645206287503242,-1.578898787498474
1777498855739017216,-0.001252401620149612,-0.01645482145249844,-1.578898787498474
1777498855748813568,-0.001244036131538451,-0.01644838973879814,-1.578896641731262
1777498855758820608,-0.001242140424437821,-0.01644763723015785,-1.578899145126343
1777498855769037568,-0.001240803860127926,-0.01644788309931755,-1.578898787498474
1777498855779234816,-0.001233977731317282,-0.01644998043775558,-1.578898549079895
1777498855789412864,-0.001229623216204345,-0.01644782349467278,-1.578895568847656
1777498855799570944,-0.001234687049873173,-0.0164469238370657,-1.578895568847656
1777498855809709568,-0.001231761882081628,-0.01645050942897797,-1.578893303871155
1777498855819828480,-0.001226911321282387,-0.01645279116928577,-1.578895688056946
1777498855829927680,-0.001230432651937008,-0.01645241305232048,-1.578901171684265
1777498855840007168,-0.001233005779795349,-0.01645187474787235,-1.578900098800659
1777498855850066944,-0.001236276933923364,-0.01644825749099255,-1.578901290893555
1777498855860107520,-0.00123120192438364,-0.01644562557339668,-1.578900456428528
1777498855870129152,-0.001243341714143753,-0.01644877716898918,-1.578900814056396
1777498855880134656,-0.001249858876690269,-0.01645903661847115,-1.578899502754211
1777498855890120960,-0.001246069092303514,-0.01645491644740105,-1.578904509544373
1777498855900088064,-0.001246072119101882,-0.01646582223474979,-1.578903555870056
1777498855910036224,-0.001243111328221858,-0.01646155491471291,-1.578905582427979
1777498855919965440,-0.001238734344951808,-0.01645660400390625,-1.578900337219238
1777498855929875456,-0.001235456904396415,-0.01645207591354847,-1.578902363777161
1777498855939766016,-0.001225499319843948,-0.0164544340223074,-1.578897356987
1777498855949637376,-0.001220515579916537,-0.01645725592970848,-1.57889461517334
1777498855959490304,-0.001221377635374665,-0.01645045541226864,-1.578890562057495
1777498855969324032,-0.001223457860760391,-0.01644629240036011,-1.578889846801758
1777498855979138560,-0.001216931734234095,-0.01645071804523468,-1.578892350196838
1777498855988934144,-0.001208024914376438,-0.016450559720397,-1.578895568847656
1777498855998711040,-0.00120710558257997,-0.01644998043775558,-1.578894734382629
1777498856008930048,-0.001208235509693623,-0.01644948124885559,-1.578897953033447
1777498856019129600,-0.001213498180732131,-0.01645005121827126,-1.578898191452026
1777498856029309440,-0.001217477489262819,-0.01644366234540939,-1.578904628753662
1777498856039470080,-0.001215763506479561,-0.01644219271838665,-1.578909873962402
1777498856049610752,-0.001210652873851359,-0.01644261367619038,-1.57891058921814
1777498856059731968,-0.001216875738464296,-0.01644093543291092,-1.578904509544373
1777498856069833216,-0.0012155493022874,-0.01644152589142323,-1.578906893730164
1777498856079915264,-0.001210900489240885,-0.01643609628081322,-1.578906536102295
1777498856089977344,-0.00121636048424989,-0.01643950119614601,-1.578908085823059
1777498856100019712,-0.001217918819747865,-0.01643576100468636,-1.578910946846008
1777498856110042624,-0.001212395378388464,-0.01642792113125324,-1.57891583442688
1777498856120046336,-0.001212604343891144,-0.01642431318759918,-1.57891047000885
1777498856130030336,-0.001216436503455043,-0.01641877926886082,-1.578912377357483
1777498856139994880,-0.001215459895320237,-0.01642049476504326,-1.578916907310486
1777498856149939968,-0.001207176828756928,-0.01642278209328651,-1.578918099403381
1777498856159865344,-0.001210898975841701,-0.01642861403524876,-1.578916668891907
1777498856169775360,-0.001210032613016665,-0.01642563007771969,-1.578917264938354
1777498856179665920,-0.001210503745824099,-0.01643559895455837,-1.578922986984253
1777498856189537536,-0.001206988003104925,-0.01643668860197067,-1.578922629356384
1777498856199389952,-0.001205223263241351,-0.01643272116780281,-1.578921556472778
1777498856209223424,-0.001202093553729355,-0.01642905920743942,-1.578925848007202
1777498856219037696,-0.001195491291582584,-0.01642143912613392,-1.578924417495728
1777498856228832512,-0.001199958496727049,-0.0164211317896843,-1.578924298286438
1777498856238608128,-0.001196132972836494,-0.01641936786472797,-1.57892918586731
1777498856248827904,-0.00119339965749532,-0.01642122119665146,-1.578925967216492
1777498856259028224,-0.001195960212498903,-0.01642114669084549,-1.578922033309937
1777498856269208832,-0.00119893450755626,-0.01642590388655663,-1.578925609588623
1777498856279370240,-0.001203707884997129,-0.01643398962914944,-1.578928709030151
1777498856289511424,-0.001202603220008314,-0.0164355244487524,-1.578925609588623
1777498856299633152,-0.001205184264108539,-0.01643890887498856,-1.578922986984253
1777498856309734912,-0.001216178294271231,-0.01643436402082443,-1.578925132751465
1777498856319817728,-0.001213284558616579,-0.01643471419811249,-1.578930974006653
1777498856329880576,-0.001210185582749546,-0.01643280126154423,-1.578925490379333
1777498856339923456,-0.001209827372804284,-0.01642640866339207,-1.578923940658569
1777498856349946880,-0.0012140569742769,-0.01642399653792381,-1.578922629356384
1777498856359951104,-0.001213441253639758,-0.01642431318759918,-1.578922986984253
1777498856369935872,-0.001209758454933763,-0.01642898842692375,-1.578922629356384
1777498856379900928,-0.001206691609695554,-0.01642234064638615,-1.578926205635071
1777498856389846272,-0.001204880303703249,-0.01641892082989216,-1.578925132751465
1777498856399772416,-0.00120542652439326,-0.01642162725329399,-1.578924536705017
1777498856409682432,-0.001205561216920614,-0.01642523519694805,-1.578925013542175
1777498856419575808,-0.001197275589220226,-0.01642918400466442,-1.578925490379333
1777498856429449728,-0.00119600142352283,-0.01642833836376667,-1.578923463821411
1777498856439304704,-0.001195019693113863,-0.01643085293471813,-1.57892107963562
1777498856449140224,-0.001188339781947434,-0.01643475517630577,-1.578919529914856
1777498856458956544,-0.001192061346955597,-0.01643207482993603,-1.578919887542725
1777498856468753920,-0.001189428614452481,-0.01643321290612221,-1.578921675682068
1777498856478531840,-0.001190129434689879,-0.01642822846770287,-1.578920722007751
1777498856488756736,-0.001189112779684365,-0.01642725989222527,-1.578918814659119
1777498856498961920,-0.001184458145871758,-0.01642201840877533,-1.57892119884491
1777498856509147392,-0.00118148245383054,-0.01641557365655899,-1.578925013542175
1777498856519313408,-0.001189460745081306,-0.01641187816858292,-1.578928709030151
1777498856529460480,-0.00118770869448781,-0.01641126908361912,-1.57893180847168
1777498856539587584,-0.00118981848936528,-0.01641266793012619,-1.578937530517578
1777498856549695488,-0.001189760398119688,-0.01641669869422913,-1.578937530517578
1777498856559783680,-0.001188291818834841,-0.0164140872657299,-1.578936815261841
1777498856569853184,-0.001183910295367241,-0.01641117967665195,-1.578943252563477
1777498856579902976,-0.00118303787894547,-0.01640870608389378,-1.578941583633423
1777498856589933312,-0.001179718761704862,-0.01641540229320526,-1.578937292098999
1777498856599943936,-0.001181639963760972,-0.0164136067032814,-1.578938961029053
1777498856609938432,-0.001178494305349886,-0.0164125133305788,-1.578934788703918
1777498856619913728,-0.001179042155854404,-0.01641835831105709,-1.578932762145996
1777498856629869568,-0.001176474615931511,-0.01641436479985714,-1.578931570053101
1777498856639806208,-0.001173756900243461,-0.01641012914478779,-1.578932285308838
1777498856649723904,-0.001167170936241746,-0.01640266738831997,-1.578933954238892
1777498856659622144,-0.001155714970082045,-0.01639916002750397,-1.578930616378784
1777498856669501440,-0.001145737827755511,-0.01639529876410961,-1.578932046890259
1777498856679361536,-0.001148058916442096,-0.01638983562588692,-1.578928112983704
1777498856689202944,-0.001142995432019234,-0.01638629473745823,-1.578933596611023
1777498856699025408,-0.001138511230237782,-0.01638743840157986,-1.578935623168945
1777498856708828928,-0.001133693614974618,-0.01638773269951344,-1.578932881355286
1777498856718613248,-0.001140936161391437,-0.01638703234493732,-1.578934907913208
1777498856728847616,-0.001145031186752021,-0.0163870994001627,-1.578935623168945
1777498856739062272,-0.001145513029769063,-0.01637851633131504,-1.578929662704468
1777498856749257728,-0.001145467278547585,-0.0163751021027565,-1.578927516937256
1777498856759433472,-0.001141076441854239,-0.01636959984898567,-1.578922629356384
1777498856769589248,-0.001137964543886483,-0.01636850833892822,-1.578921437263489
1777498856779726336,-0.001128819421865046,-0.0163689237087965,-1.57892370223999
1777498856789844480,-0.001127745141275227,-0.01637398637831211,-1.578919887542725
1777498856799942656,-0.001131580793298781,-0.0163747351616621,-1.578921675682068
1777498856810021376,-0.001136558130383492,-0.01637991145253181,-1.578925609588623
1777498856820080896,-0.001123743248172104,-0.01637976057827473,-1.578922986984253
1777498856830120704,-0.001125523238442838,-0.01637724228203297,-1.578922748565674
1777498856840141056,-0.001130571705289185,-0.01637773774564266,-1.578925371170044
1777498856850141952,-0.001135619590058923,-0.0163735244423151,-1.578924655914307
1777498856860123904,-0.001137854298576713,-0.01637471280992031,-1.578925251960754
1777498856870086400,-0.00113369373138994,-0.01636982522904873,-1.578921556472778
1777498856880029440,-0.001133678830228746,-0.01636979356408119,-1.578925848007202
1777498856889953024,-0.001131986500695348,-0.01637556776404381,-1.578923344612122
1777498856899857408,-0.001130566000938416,-0.01637379266321659,-1.578922748565674
1777498856909742592,-0.001132356585003436,-0.01636375673115253,-1.578923940658569
1777498856919614720,-0.001127436407841742,-0.01635434292256832,-1.578925490379333
1777498856929467904,-0.001120816101320088,-0.01634989492595196,-1.578928351402283
1777498856939302400,-0.001114953076466918,-0.01634951680898666,-1.57892644405365
1777498856949117440,-0.001113143167458475,-0.01634779013693333,-1.578924298286438
1777498856958914048,-0.001109250821173191,-0.01635204814374447,-1.578923344612122
1777498856968920832,-0.001113835838623345,-0.01635522954165936,-1.578925609588623
1777498856979137280,-0.001112909172661602,-0.0163574144244194,-1.578928112983704
1777498856989333760,-0.001115388236939907,-0.01636037416756153,-1.578927159309387
1777498856999510528,-0.001115711056627333,-0.01636593788862228,-1.57893180847168
1777498857009667584,-0.001111113117076457,-0.01637299545109272,-1.578931331634521
1777498857019805696,-0.001109629985876381,-0.01638166606426239,-1.578929543495178
1777498857029925120,-0.001105036004446447,-0.01638124138116837,-1.578925013542175
1777498857040024832,-0.00110255740582943,-0.01637953892350197,-1.578922629356384
1777498857050105088,-0.001102945767343044,-0.01637700945138931,-1.578920364379883
1777498857060165888,-0.001103514456190169,-0.01637621410191059,-1.578920602798462
1777498857070206976,-0.001107568154111505,-0.01637533865869045,-1.578914761543274
1777498857080228352,-0.001110499259084463,-0.01637277565896511,-1.578914046287537
1777498857090230272,-0.001106036244891584,-0.01637183129787445,-1.578919291496277
1777498857100212736,-0.001102271373383701,-0.01637451909482479,-1.578919172286987
1777498857110175744,-0.001101613626815379,-0.01636781729757786,-1.578916549682617
1777498857120119296,-0.001100740395486355,-0.01636554300785065,-1.578917860984802
1777498857130043648,-0.001105112489312887,-0.01636147499084473,-1.578918099403381
1777498857139948544,-0.001104824710637331,-0.01636234298348427,-1.578914046287537
1777498857149833984,-0.001101964851841331,-0.01636824198067188,-1.578910946846008
1777498857159700224,-0.001101313275285065,-0.01637035235762596,-1.578908920288086
1777498857169547008,-0.001105025177821517,-0.01636920124292374,-1.578908920288086
1777498857179375104,-0.00110924185719341,-0.01637156866490841,-1.578908085823059
1777498857189184768,-0.001108535449020565,-0.01637626066803932,-1.578906059265137
1777498857198975488,-0.001105078496038914,-0.01638246513903141,-1.578904867172241
1777498857208979456,-0.001104806549847126,-0.01638384163379669,-1.578903317451477
1777498857219196160,-0.001103260321542621,-0.0163833312690258,-1.578906059265137
1777498857229393152,-0.001094561885111034,-0.01637621968984604,-1.578907012939453
1777498857239570688,-0.001095045707188547,-0.01637723110616207,-1.578902840614319
1777498857249729024,-0.001096221618354321,-0.01637343131005764,-1.578902959823608
1777498857259867648,-0.001092627760954201,-0.01637842878699303,-1.578903317451477
1777498857269986304,-0.001088687451556325,-0.01638798601925373,-1.578899145126343
1777498857280085760,-0.001095847808755934,-0.01638625934720039,-1.578899502754211
1777498857290164992,-0.001096028136089444,-0.01639207638800144,-1.578896999359131
1777498857300224768,-0.001097612665034831,-0.01639761030673981,-1.578901052474976
1777498857310264832,-0.001096949097700417,-0.01640282012522221,-1.578899145126343
1777498857320287488,-0.001094124861992896,-0.01639981009066105,-1.578901648521423
1777498857330292736,-0.001092481310479343,-0.0163920670747757,-1.578901886940002
1777498857340278528,-0.001093286904506385,-0.01638763584196568,-1.578905940055847
1777498857350245632,-0.00109702767804265,-0.01639105565845966,-1.578903317451477
1777498857360193792,-0.001096935011446476,-0.01639655418694019,-1.578901410102844
1777498857370122496,-0.001100514549762011,-0.01639567688107491,-1.578900575637817
1777498857380031744,-0.001098342356272042,-0.0163887869566679,-1.578899502754211
1777498857389921792,-0.001095989835448563,-0.01638635247945786,-1.578897356987
1777498857399792896,-0.001096221385523677,-0.01638947613537312,-1.578901290893555
1777498857409645312,-0.001095515908673406,-0.0163927860558033,-1.578904628753662
1777498857419478528,-0.001090957201085985,-0.01640286482870579,-1.578907489776611
1777498857429292288,-0.001094445353373885,-0.01640173047780991,-1.578910350799561
1777498857439086848,-0.001091255689971149,-0.01639804430305958,-1.578909993171692
1777498857448862208,-0.001085208263248205,-0.01639901660382748,-1.578907608985901
1777498857459080704,-0.001084821415133774,-0.01640855148434639,-1.578903317451477
1777498857469279232,-0.001084172166883945,-0.01640860550105572,-1.578904032707214
1777498857479458048,-0.001084274146705866,-0.01640233397483826,-1.578903555870056
1777498857489616896,-0.001085396739654243,-0.01639229618012905,-1.578902244567871
1777498857499757056,-0.001085701864212751,-0.01639391668140888,-1.578909277915955
1777498857509878016,-0.001092480029910803,-0.01639614440500736,-1.578911542892456
1777498857519979520,-0.001098131877370179,-0.01639430969953537,-1.578914761543274
1777498857530061056,-0.001100595924071968,-0.01638870686292648,-1.57891309261322
1777498857540123136,-0.00110061839222908,-0.01639161631464958,-1.578908681869507
1777498857550165248,-0.001104937866330147,-0.01638351194560528,-1.578911423683167
1777498857560188160,-0.001100348657928407,-0.01638764701783657,-1.578914642333984
1777498857570191616,-0.001097226515412331,-0.01639261655509472,-1.578919053077698
1777498857580175872,-0.001097644795663655,-0.01639445684850216,-1.578919172286987
1777498857590140928,-0.001097801723517478,-0.01639241725206375,-1.578920841217041
1777498857600086528,-0.001094848965294659,-0.01638892665505409,-1.578922271728516
1777498857610012672,-0.001093606930226088,-0.01639392226934433,-1.578923940658569
1777498857619919104,-0.001092886086553335,-0.01639138534665108,-1.578925132751465
1777498857629806336,-0.00108970794826746,-0.01639324426651001,-1.578926205635071
1777498857639674368,-0.001088709570467472,-0.01639579050242901,-1.578921318054199
1777498857649522944,-0.001093880971893668,-0.01640301942825317,-1.578922390937805
1777498857659353088,-0.001089632278308272,-0.01640578731894493,-1.578918933868408
1777498857669170176,-0.001082946779206395,-0.01640287227928638,-1.578923344612122
1777498857678968064,-0.001080703805200756,-0.0163998007774353,-1.578923106193542
1777498857688747008,-0.001079425099305809,-0.01640995033085346,-1.578925371170044
1777498857698966272,-0.001076445449143648,-0.01641377620398998,-1.578921914100647
1777498857709165824,-0.001080971327610314,-0.0164138488471508,-1.578924655914307
1777498857719345664,-0.001086270553059876,-0.0164217185229063,-1.57892644405365
1777498857729506304,-0.001091823331080377,-0.01642143912613392,-1.578927397727966
1777498857739647488,-0.001096555963158607,-0.0164237879216671,-1.578923344612122
1777498857749768704,-0.001097478088922799,-0.01642466895282269,-1.578924179077148
1777498857759869696,-0.001096200081519783,-0.01642187312245369,-1.578932762145996
1777498857769951488,-0.001098805340006948,-0.01642077043652534,-1.578932762145996
1777498857780013568,-0.001095642219297588,-0.01642465777695179,-1.578928232192993
1777498857790055680,-0.001097209402360022,-0.01642697118222713,-1.578927516937256
1777498857800078080,-0.001105985604226589,-0.01642616093158722,-1.578925728797913
1777498857810081536,-0.001107125310227275,-0.01643100939691067,-1.57892906665802
1777498857820065536,-0.001108706812374294,-0.01643247716128826,-1.578933119773865
1777498857830029568,-0.001110675511881709,-0.01643594168126583,-1.578932762145996
1777498857839974656,-0.001112630357965827,-0.01644446328282356,-1.578931927680969
1777498857849900544,-0.001109238597564399,-0.01644937694072723,-1.578932881355286
1777498857859809536,-0.001113642356358469,-0.01644644141197205,-1.578935503959656
1777498857869701632,-0.001112065045163035,-0.01644698902964592,-1.578938603401184
1777498857879574528,-0.001111394842155278,-0.01645050570368767,-1.578937530517578
1777498857889427712,-0.001110355951823294,-0.01645646244287491,-1.578943848609924
1777498857899262208,-0.001112239435315132,-0.01645693555474281,-1.578939318656921
1777498857909076992,-0.001108293770812452,-0.01645816117525101,-1.578938961029053
1777498857918872832,-0.001108420081436634,-0.01645927503705025,-1.57893705368042
1777498857928649472,-0.001109799486584961,-0.01645653508603573,-1.578938007354736
1777498857938875136,-0.001107236603274941,-0.01645848155021667,-1.578938722610474
1777498857949081088,-0.001107967458665371,-0.01646385528147221,-1.578942656517029
1777498857959267328,-0.001107921823859215,-0.0164643656462431,-1.578949928283691
1777498857969433856,-0.001104403170756996,-0.01645923964679241,-1.578951597213745
1777498857979581952,-0.001099136308766901,-0.01645992696285248,-1.578946948051453
1777498857989710336,-0.001096721622161567,-0.0164646003395319,-1.57894504070282
1777498857999818752,-0.001095259329304099,-0.016470056027174,-1.578940629959106
1777498858009907712,-0.001089333323761821,-0.01646136306226254,-1.578939199447632
1777498858019976960,-0.00108769629150629,-0.01645888201892376,-1.57893705368042
1777498858030026496,-0.001082029892131686,-0.01646323315799236,-1.578942060470581
1777498858040056576,-0.001085165189579129,-0.01646433770656586,-1.578937411308289
1777498858050066688,-0.001084764837287366,-0.01647207885980606,-1.578929424285889
1777498858060058112,-0.001086977310478687,-0.01646266877651215,-1.578932642936707
1777498858070029824,-0.001091378857381642,-0.01645992323756218,-1.578932762145996
1777498858079982080,-0.00109126151073724,-0.01646383851766586,-1.578929305076599
1777498858089914880,-0.00108830607496202,-0.01646727696061134,-1.578929781913757
1777498858099828224,-0.001083459355868399,-0.01647154986858368,-1.57893168926239
1777498858109722624,-0.001087561948224902,-0.01647715084254742,-1.578930854797363
1777498858119597568,-0.001089697354473174,-0.01647706143558025,-1.578927993774414
1777498858129453568,-0.001095648389309645,-0.01647769287228584,-1.578929543495178
1777498858139296512,-0.001090780599042773,-0.01647573336958885,-1.578927159309387
1777498858149120512,-0.001090628793463111,-0.01647527702152729,-1.578924179077148
1777498858158925312,-0.001088321558199823,-0.01647164672613144,-1.578924179077148
1777498858168711168,-0.001083334209397435,-0.0164761021733284,-1.578924179077148
1777498858178712064,-0.001081852708011866,-0.01647624559700489,-1.578922390937805
1777498858188927232,-0.001083177630789578,-0.0164779145270586,-1.578922986984253
1777498858199122688,-0.001080269226804376,-0.01647542417049408,-1.578925848007202
1777498858209298176,-0.001078328117728233,-0.01647637411952019,-1.578924417495728
1777498858219453952,-0.00108085828833282,-0.01646797358989716,-1.578925848007202
1777498858229590016,-0.001067577046342194,-0.01647032424807549,-1.578927159309387
1777498858239705856,-0.001065897173248231,-0.01647136546671391,-1.578926086425781
1777498858249804032,-0.001065275399014354,-0.0164717361330986,-1.578921914100647
1777498858259882496,-0.001064234995283186,-0.01646846160292625,-1.57892370223999
1777498858269941504,-0.00105883355718106,-0.01647074520587921,-1.578926086425781
1777498858279980800,-0.001058256020769477,-0.01646871119737625,-1.578930139541626
1777498858290000896,-0.001061201677657664,-0.01646797172725201,-1.578934907913208
1777498858300001536,-0.001062532886862755,-0.01647242903709412,-1.578931570053101
1777498858309982464,-0.001060608425177634,-0.01647235825657845,-1.578935861587524
1777498858319943680,-0.001060546026565135,-0.01646913401782513,-1.578929543495178
1777498858329886208,-0.001058173715136945,-0.01647306047379971,-1.578928232192993
1777498858339809536,-0.00105691805947572,-0.01647242531180382,-1.578927040100098
1777498858349713664,-0.001062450697645545,-0.01646684855222702,-1.57892894744873
1777498858359598592,-0.001059921341948211,-0.0164650697261095,-1.578927397727966
1777498858369464064,-0.001059149741195142,-0.01647083088755608,-1.578933358192444
1777498858379310592,-0.001055032596923411,-0.0164618045091629,-1.57893705368042
1777498858389137408,-0.001052373670972884,-0.01645767129957676,-1.578939318656921
1777498858398945536,-0.001049042446538806,-0.0164615586400032,-1.578939914703369
1777498858408734976,-0.001052725012414157,-0.01646757498383522,-1.578941822052002
1777498858418738176,-0.001057111308909953,-0.01647224649786949,-1.578941822052002
1777498858428954880,-0.00105217844247818,-0.0164780281484127,-1.578944206237793
1777498858439151872,-0.00105128379072994,-0.01647666655480862,-1.578944683074951
1777498858449330176,-0.001054638880304992,-0.01647884212434292,-1.578941941261292
1777498858459488512,-0.001052853767760098,-0.0164828822016716,-1.578938722610474
1777498858469627136,-0.001050262013450265,-0.01648310571908951,-1.578940391540527
1777498858479745536,-0.00103830499574542,-0.01647927984595299,-1.578938722610474
1777498858489844480,-0.001040337258018553,-0.01646807603538036,-1.578935027122498
1777498858499923712,-0.001043810625560582,-0.01646667532622814,-1.578935027122498
1777498858509982976,-0.001039215247146785,-0.0164637453854084,-1.578935384750366
1777498858520022784,-0.001031064661219716,-0.01646096259355545,-1.578933835029602
1777498858530043392,-0.001029837410897017,-0.01646232232451439,-1.578936815261841
1777498858540044032,-0.001026063342578709,-0.01646310091018677,-1.578941106796265
1777498858550025216,-0.001024041092023253,-0.01646127924323082,-1.578942060470581
1777498858559991296,-0.00102508720010519,-0.01646413095295429,-1.578943133354187
1777498858569938176,-0.001024228404276073,-0.01646417565643787,-1.578949570655823
1777498858579866112,-0.001020526746287942,-0.01646325550973415,-1.578942060470581
1777498858589774592,-0.001017769216559827,-0.01645877026021481,-1.57894229888916
1777498858599664128,-0.001015716698020697,-0.01645863242447376,-1.578942060470581
1777498858609534720,-0.001019777380861342,-0.01646159775555134,-1.57894241809845
1777498858619386112,-0.001016918453387916,-0.01646471954882145,-1.578940987586975
1777498858629218304,-0.001022440497763455,-0.01646473072469234,-1.578940391540527
1777498858639032576,-0.001024594530463219,-0.01646684296429157,-1.578936100006104
1777498858648827904,-0.00102528661955148,-0.01646758243441582,-1.578931570053101
1777498858658833920,-0.001030333572998643,-0.01646873913705349,-1.57892918586731
1777498858669050624,-0.001024649012833834,-0.01646961830556393,-1.578929901123047
1777498858679247616,-0.001027681748382747,-0.01647204905748367,-1.578931927680969
1777498858689426176,-0.001030676299706101,-0.01646970026195049,-1.578936696052551
1777498858699585024,-0.001027054968290031,-0.01647099666297436,-1.57893443107605
1777498858709724160,-0.001030343002639711,-0.01647771149873734,-1.578933596611023
1777498858719843840,-0.001038089394569397,-0.01647983677685261,-1.578932642936707
1777498858729944064,-0.00103874527849257,-0.01648871600627899,-1.578931212425232
1777498858740024832,-0.001036724890582263,-0.01648373901844025,-1.57893168926239
1777498858750085888,-0.00103704200591892,-0.01647639274597168,-1.578930258750916
1777498858760127488,-0.001035935827530921,-0.01647552289068699,-1.578924775123596
1777498858770152448,-0.001034228364005685,-0.01646964065730572,-1.578923940658569
1777498858780157952,-0.001032021013088524,-0.01647522486746311,-1.578923583030701
1777498858790143744,-0.001028412021696568,-0.0164683498442173,-1.578922748565674
1777498858800110336,-0.001030704355798662,-0.0164731852710247,-1.578916192054749
1777498858810057984,-0.001023960765451193,-0.01647177338600159,-1.578914761543274
1777498858819986176,-0.001024242141284049,-0.01647454872727394,-1.57891583442688
1777498858829895168,-0.001021539559587836,-0.01647626236081123,-1.578917503356934
1777498858839784704,-0.001025783247314394,-0.0164774302393198,-1.578913569450378
1777498858849655808,-0.001021803473122418,-0.01647256314754486,-1.578911900520325
1777498858859507456,-0.001020928844809532,-0.01647249609231949,-1.578911423683167
1777498858869339904,-0.001016131951473653,-0.01647565513849258,-1.57891047000885
1777498858879153152,-0.001013295608572662,-0.01647206582129002,-1.578916072845459
1777498858888947456,-0.00101476872805506,-0.01647406630218029,-1.578919649124146
1777498858898722560,-0.001014344394207001,-0.01647103205323219,-1.57892119884491
1777498858908940544,-0.001012973836623132,-0.01647195965051651,-1.578924417495728
1777498858919138560,-0.001013163826428354,-0.01646959781646729,-1.578923583030701
1777498858929317120,-0.001010716892778873,-0.01647424325346947,-1.578922510147095
1777498858939475712,-0.001014934037812054,-0.01647156476974487,-1.57892119884491
1777498858949615104,-0.001010647043585777,-0.0164702944457531,-1.578921675682068
1777498858959736064,-0.001009871950373054,-0.01646779663860798,-1.578922510147095
1777498858969837056,-0.001008427352644503,-0.01646648906171322,-1.578926920890808
1777498858979918848,-0.001010737847536802,-0.0164704117923975,-1.578929781913757
1777498858989980672,-0.00100799766369164,-0.01647734642028809,-1.578924775123596
1777498859000023040,-0.001002823002636433,-0.01648342236876488,-1.578928589820862
1777498859010045952,-0.001003175042569637,-0.01648518443107605,-1.578927874565125
1777498859020049152,-0.0009957844158634543,-0.01648347452282906,-1.578927993774414
1777498859030033152,-0.0009937306167557836,-0.01648111082613468,-1.578932642936707
1777498859039997952,-0.0009905276820063591,-0.01648013852536678,-1.578927993774414
1777498859049943296,-0.0009846801403909922,-0.01648108288645744,-1.578932881355286
1777498859059869440,-0.00098241469822824,-0.01647685281932354,-1.578935980796814
1777498859069775872,-0.0009797329548746347,-0.01646864414215088,-1.578932285308838
1777498859079663360,-0.0009833317017182708,-0.01647135242819786,-1.578927874565125
1777498859089531392,-0.000984707847237587,-0.01646576449275017,-1.578925848007202
1777498859099379968,-0.0009784247959032655,-0.01646818220615387,-1.578919529914856
1777498859109210112,-0.0009802085114642978,-0.01647028513252735,-1.578919410705566
1777498859119021568,-0.0009750077733770013,-0.01647165790200233,-1.578917980194092
1777498859128814080,-0.0009752900223247707,-0.01647249609231949,-1.578917860984802
1777498859138590464,-0.0009724863921292126,-0.01647423766553402,-1.578915596008301
1777498859148810240,-0.0009719195659272373,-0.01647098362445831,-1.578919529914856
1777498859159010048,-0.0009709709556773305,-0.01647697389125824,-1.578919649124146
1777498859169190400,-0.0009658582857809961,-0.01647842861711979,-1.578915596008301
1777498859179352064,-0.0009650432621128857,-0.01648075878620148,-1.578917264938354
1777498859189494016,-0.0009650683496147394,-0.01647751964628696,-1.57891321182251
1777498859199616768,-0.0009688399732112885,-0.01648836024105549,-1.578914761543274
1777498859209719552,-0.0009646693943068385,-0.01648643612861633,-1.578912496566772
1777498859219803136,-0.0009622853831388056,-0.01648822613060474,-1.578912377357483
1777498859229867008,-0.0009598300675861537,-0.01648782566189766,-1.578909277915955
1777498859239911424,-0.0009531768155284226,-0.01648680120706558,-1.578905940055847
1777498859249936384,-0.0009572471608407795,-0.01648706197738647,-1.578903913497925
1777498859259942144,-0.0009541347390040755,-0.01648485101759434,-1.578898668289185
1777498859269928704,-0.0009507704526185989,-0.01648744940757751,-1.578894019126892
1777498859279899392,-0.0009538065060041845,-0.0164884589612484,-1.57889187335968
1777498859289850880,-0.0009533212869428098,-0.01649245247244835,-1.578893542289734
1777498859299782656,-0.0009597272728569806,-0.01649557985365391,-1.578898072242737
1777498859309695488,-0.000963739468716085,-0.01649445667862892,-1.578898310661316
1777498859319589120,-0.0009677343186922371,-0.01648814789950848,-1.578892827033997
1777498859329462784,-0.0009645456448197365,-0.01649277471005917,-1.57889187335968
1777498859339317248,-0.0009590454283170402,-0.01649378426373005,-1.578885436058044
1777498859349152512,-0.0009582277270965278,-0.01650145649909973,-1.578883647918701
1777498859358969344,-0.0009562511695548892,-0.01650188118219376,-1.578880786895752
1777498859368766720,-0.0009499895386397839,-0.0164960827678442,-1.578881621360779
1777498859378544896,-0.0009533194242976606,-0.01649484969675541,-1.57888400554657
1777498859388770816,-0.000956338772084564,-0.01650257408618927,-1.578878402709961
1777498859398976512,-0.0009492202661931515,-0.01650242693722248,-1.578879237174988
1777498859409162240,-0.0009500687592662871,-0.01649905554950237,-1.578876376152039
1777498859419327744,-0.0009482789901085198,-0.01649725250899792,-1.578877568244934
1777498859429473280,-0.0009486706694588065,-0.01649987138807774,-1.578874707221985
1777498859439598592,-0.0009499332518316805,-0.01649945601820946,-1.57887065410614
1777498859449705472,-0.0009506423957645893,-0.01649007946252823,-1.578873515129089
1777498859459792896,-0.0009448524797335267,-0.0164923407137394,-1.578877449035645
1777498859469860864,-0.0009377883397974074,-0.01649409532546997,-1.578874826431274
1777498859479908608,-0.0009308556327596307,-0.01649360358715057,-1.578876137733459
1777498859489936640,-0.0009292116737924516,-0.01649566739797592,-1.578881859779358
1777498859499945216,-0.0009227902628481388,-0.01649849861860275,-1.578882694244385
1777498859509933824,-0.0009196610189974308,-0.01649441383779049,-1.578885316848755
1777498859519902976,-0.0009158606990240514,-0.01649500988423824,-1.578881502151489
1777498859529852416,-0.0009164400980807841,-0.01649774983525276,-1.578882694244385
1777498859539782400,-0.0009186890674754977,-0.01649757102131844,-1.578880548477173
1777498859549692672,-0.0009130832040682435,-0.01650015451014042,-1.578882455825806
1777498859559583232,-0.0009133659186773002,-0.01650206558406353,-1.578882336616516
1777498859569454336,-0.0009146290249191225,-0.0165028739720583,-1.578877449035645
1777498859579305984,-0.0009183477377519011,-0.0165008120238781,-1.578879117965698
1777498859589138176,-0.000917599827516824,-0.01650108769536018,-1.578882217407227
1777498859598950400,-0.0009138325112871826,-0.01649711839854717,-1.578880786895752
1777498859608743936,-0.0009128493838943541,-0.01649601943790913,-1.578883051872253
1777498859618518272,-0.0009069579537026584,-0.01649662479758263,-1.578882336616516
1777498859628509440,-0.0009160730987787247,-0.01649857684969902,-1.578878164291382
1777498859638716672,-0.0009165686788037419,-0.01650049909949303,-1.578872680664062
1777498859648904704,-0.0009098747395910323,-0.01649542711675167,-1.578872323036194
1777498859659073024,-0.0009098547743633389,-0.0164958406239748,-1.578872323036194
1777498859669221120,-0.0009077009162865579,-0.01650851033627987,-1.578873872756958
1777498859679349504,-0.0009079506271518767,-0.01651085913181305,-1.578876495361328
1777498859689458176,-0.000907431764062494,-0.01650895550847054,-1.578873634338379
1777498859699547392,-0.0009100240422412753,-0.01651239767670631,-1.578873991966248
1777498859709616384,-0.0009111510589718819,-0.01651320047676563,-1.578876733779907
1777498859719665920,-0.0009136563166975975,-0.01651720702648163,-1.578882098197937
1777498859729700096,-0.000908458314370364,-0.01651555113494396,-1.578885674476624
1777498859739714560,-0.0009131593396887183,-0.0165141262114048,-1.578885555267334
1777498859749710080,-0.0009164859657175839,-0.01651014946401119,-1.578887581825256
1777498859759686144,-0.0009109555394388735,-0.0165143646299839,-1.5788893699646
1777498859769643264,-0.0009097381262108684,-0.0165163017809391,-1.578890442848206
1777498859779580928,-0.0009166946401819587,-0.01651636697351933,-1.578890442848206
1777498859789499392,-0.0009126763907261193,-0.01651619933545589,-1.578890442848206
1777498859799398656,-0.0009109072270803154,-0.01652173139154911,-1.578886985778809
1777498859809279488,-0.0009071791428141296,-0.01652628742158413,-1.578880548477173
1777498859819140864,-0.0009056599228642881,-0.01652574725449085,-1.578880548477173
1777498859828983296,-0.0009054187103174627,-0.01652813702821732,-1.578883409500122
1777498859838806528,-0.000908195914234966,-0.01653454266488552,-1.578877329826355
1777498859848610816,-0.0009080063900910318,-0.01653251610696316,-1.578876137733459
1777498859858396416,-0.000906578847207129,-0.01653133891522884,-1.578875660896301
1777498859868397824,-0.0009056409471668303,-0.0165333840996027,-1.578871369361877
1777498859878614272,-0.0009084790362976491,-0.01653103157877922,-1.578867793083191
1777498859888811008,-0.0009130813414230943,-0.01653147861361504,-1.578864455223083
1777498859898988032,-0.0009084557532332838,-0.01653119549155235,-1.57886278629303
1777498859909145856,-0.0009094132692553103,-0.01653136871755123,-1.578862905502319
1777498859919283968,-0.000911686394829303,-0.01652806811034679,-1.578862547874451
1777498859929402624,-0.0009096236899495125,-0.01652595400810242,-1.578857898712158
1777498859939501568,-0.0009067273349501193,-0.01652462594211102,-1.578859925270081
1777498859949581312,-0.0009098058799281716,-0.01652993075549603,-1.578861117362976
1777498859959641600,-0.0009090168750844896,-0.01652497425675392,-1.578859567642212
1777498859969682432,-0.0009108433732762933,-0.01652274094521999,-1.578855037689209
1777498859979705856,-0.0009114004205912352,-0.01652135699987411,-1.578855037689209
1777498859989712128,-0.0009104689816012979,-0.01652170903980732,-1.578855514526367
1777498859999698944,-0.0009134057909250259,-0.01651776768267155,-1.578852653503418
1777498860009666560,-0.0009139603935182095,-0.01651570945978165,-1.578855037689209
1777498860019614976,-0.0009123668423853815,-0.01652548648416996,-1.578852772712708
1777498860029544192,-0.0009042859892360866,-0.0165233425796032,-1.578853845596313
1777498860039454208,-0.0008990912465378642,-0.01652410812675953,-1.578853249549866
1777498860049344768,-0.0009014640236273408,-0.01651822030544281,-1.578855276107788
1777498860059216384,-0.0009006774052977562,-0.0165159348398447,-1.578855156898499
1777498860069069312,-0.0008977726101875305,-0.016513641923666,-1.578856825828552
1777498860078903040,-0.0009009147761389613,-0.01651041023433208,-1.578861951828003
1777498860088717568,-0.0009022379526868463,-0.01651411317288876,-1.578863739967346
1777498860098513152,-0.0008933297358453274,-0.01652397215366364,-1.578865766525269
1777498860108520448,-0.000896947574801743,-0.01652725599706173,-1.578858494758606
1777498860118738432,-0.0008944386499933898,-0.01652504317462444,-1.578853726387024
1777498860128936960,-0.0008932009222917259,-0.01653444953262806,-1.578851699829102
1777498860139116288,-0.0008971139905042946,-0.01653900928795338,-1.578855752944946
1777498860149275392,-0.0008938772953115404,-0.01654523424804211,-1.57885754108429
1777498860159415296,-0.0008895982173271477,-0.01654425822198391,-1.578860759735107
1777498860169535232,-0.0008917004452086985,-0.01654299907386303,-1.578861355781555
1777498860179635456,-0.0008920051041059196,-0.0165447685867548,-1.578859329223633
1777498860189716224,-0.0008873413316905499,-0.01654392667114735,-1.578866004943848
1777498860199777280,-0.0008823178941383958,-0.0165379922837019,-1.578867554664612
1777498860209818368,-0.0008811423904262483,-0.01653734967112541,-1.578863978385925
1777498860219840512,-0.0008775489986874163,-0.01653878390789032,-1.578866720199585
1777498860229844992,-0.0008824548567645252,-0.01654261164367199,-1.578868865966797
1777498860239831552,-0.0008860326488502324,-0.01655072718858719,-1.578867673873901
1777498860249798912,-0.0008828731952235103,-0.01654859073460102,-1.578865528106689
1777498860259746816,-0.0008770535932853818,-0.01654857955873013,-1.578866839408875
1777498860269675264,-0.0008760095806792378,-0.01655778475105762,-1.578872442245483
1777498860279584768,-0.0008788794511929154,-0.01656311191618443,-1.578868627548218
1777498860289474816,-0.000878892547916621,-0.01656788773834705,-1.578871965408325
1777498860299345664,-0.0008745921077206731,-0.01657038554549217,-1.578866600990295
1777498860309197824,-0.0008731528650969267,-0.01656257919967175,-1.578863024711609
1777498860319031040,-0.0008760105120018125,-0.01656105369329453,-1.57886278629303
1777498860328845312,-0.0008748155669309199,-0.01656266488134861,-1.578865170478821
1777498860338640640,-0.0008755105081945658,-0.01657087542116642,-1.578863739967346
1777498860348417024,-0.0008756054448895156,-0.01656884886324406,-1.578863859176636
1777498860358636288,-0.0008768871775828302,-0.01657049730420113,-1.578863739967346
1777498860368836608,-0.0008815155597403646,-0.01657760515809059,-1.578856825828552
1777498860379017216,-0.0008764205849729478,-0.01657640002667904,-1.578858494758606
1777498860389178112,-0.0008703364292159677,-0.01657841354608536,-1.578857779502869
1777498860399319296,-0.0008656642166897655,-0.01657785847783089,-1.578856229782104
1777498860409440768,-0.0008623510948382318,-0.01657901518046856,-1.578855514526367
1777498860419542272,-0.0008605645271018147,-0.01658061891794205,-1.578851222991943
1777498860429624320,-0.0008538152324035764,-0.01658001728355885,-1.578850269317627
1777498860439686400,-0.0008486875449307263,-0.016580481082201,-1.578852891921997
1777498860449728768,-0.0008454572525806725,-0.01657683029770851,-1.578855633735657
1777498860459751936,-0.0008430074667558074,-0.01657402701675892,-1.57885205745697
1777498860469755648,-0.0008456378127448261,-0.01656999066472054,-1.578852653503418
1777498860479739648,-0.0008383538224734366,-0.01656697690486908,-1.578850746154785
1777498860489706240,-0.0008398506906814873,-0.0165677648037672,-1.578852653503418
1777498860499653632,-0.000837994331959635,-0.01656910963356495,-1.578850388526917
1777498860509581568,-0.0008435821509920061,-0.01657191291451454,-1.5788494348526
1777498860519490048,-0.000842483073938638,-0.01657308079302311,-1.578845143318176
1777498860529379072,-0.000839780957903713,-0.01657656766474247,-1.578843474388123
1777498860539248896,-0.0008433904149569571,-0.01657862402498722,-1.578845143318176
1777498860549099520,-0.0008451284957118332,-0.01658037304878235,-1.578848481178284
1777498860558930688,-0.0008492893539369106,-0.01658730208873749,-1.578848838806152
1777498860568742912,-0.0008512921049259603,-0.01659329608082771,-1.578849792480469
1777498860578536192,-0.0008483059355057776,-0.01659939996898174,-1.578851699829102
1777498860588310272,-0.0008460537646897137,-0.01660454832017422,-1.57885205745697
1777498860598530560,-0.0008444917039014399,-0.01660383678972721,-1.578849911689758
1777498860608731392,-0.0008438239456154406,-0.0166096780449152,-1.578852653503418
1777498860618912000,-0.0008484775316901505,-0.01661623083055019,-1.578850388526917
1777498860629072640,-0.0008519816910848022,-0.01661702059209347,-1.57884669303894
1777498860639213568,-0.0008527613244950771,-0.01661603339016438,-1.57884418964386
1777498860649336064,-0.0008509067702107131,-0.01661654748022556,-1.578840494155884
1777498860659438848,-0.0008469611057080328,-0.01661412790417671,-1.578838586807251
1777498860669522176,-0.000844207766931504,-0.01661536283791065,-1.578840136528015
1777498860679585792,-0.0008377537596970797,-0.01661540009081364,-1.578840970993042
1777498860689630208,-0.0008370309369638562,-0.01661624200642109,-1.578840851783752
1777498860699655168,-0.0008308293181471527,-0.01661667972803116,-1.57884407043457
1777498860709660416,-0.0008303627255372703,-0.01662067137658596,-1.578846454620361
1777498860719646976,-0.0008282027556560934,-0.01662059314548969,-1.578841686248779
1777498860729614336,-0.0008229661616496742,-0.01662138476967812,-1.578840970993042
1777498860739562240,-0.000820593792013824,-0.01662346534430981,-1.578841805458069
1777498860749490944,-0.0008199100266210735,-0.01661988720297813,-1.578837156295776
1777498860759400448,-0.0008207447244785726,-0.01662655360996723,-1.57883894443512
1777498860769290496,-0.0008179615251719952,-0.01662843488156796,-1.578838109970093
1777498860779161088,-0.0008222127216868103,-0.01662825047969818,-1.578837513923645
1777498860789012736,-0.0008215942070819438,-0.01662658713757992,-1.57883882522583
1777498860798848768,-0.0008202576427720487,-0.01663286611437798,-1.578836679458618
1777498860808668416,-0.0008150759385898709,-0.01663293316960335,-1.578839421272278
1777498860818468864,-0.000815398117993027,-0.01662435568869114,-1.578847765922546
1777498860828250112,-0.0008133238297887146,-0.01662830263376236,-1.578846335411072
1777498860838476032,-0.0008123504230752587,-0.01662599109113216,-1.578843832015991
1777498860848682240,-0.0008119993144646287,-0.01662947051227093,-1.578846216201782
1777498860858868224,-0.0008136043907143176,-0.0166383683681488,-1.578845500946045
1777498860869035520,-0.0008157104020938277,-0.01664125919342041,-1.578846216201782
1777498860879182848,-0.0008100425475277007,-0.01664317585527897,-1.578845500946045
1777498860889310720,-0.0008117238758131862,-0.01664691045880318,-1.578850388526917
1777498860899419136,-0.0008099904516711831,-0.01665093936026096,-1.578848600387573
1777498860909507584,-0.000810174853540957,-0.0166475735604763,-1.578848242759705
1777498860919576832,-0.0008099512779153883,-0.01664572767913342,-1.578845858573914
1777498860929626368,-0.0008074913057498634,-0.01664330251514912,-1.578844308853149
1777498860939656448,-0.0008098236285150051,-0.0166406836360693,-1.578842282295227
1777498860949669120,-0.0008075740770436823,-0.01663459651172161,-1.578842282295227
1777498860959664128,-0.0008054038044065237,-0.0166365560144186,-1.578848481178284
1777498860969639424,-0.0008077939273789525,-0.01663767732679844,-1.578849196434021
1777498860979595264,-0.0008117870311252773,-0.01663266308605671,-1.57885217666626
1777498860989531648,-0.0008050106698647141,-0.01663109473884106,-1.578848838806152
1777498860999448320,-0.000804601761046797,-0.01663270965218544,-1.57884418964386
1777498861009345536,-0.0008084514993242919,-0.01663081347942352,-1.578840255737305
1777498861019223296,-0.0008070868789218366,-0.01663016527891159,-1.5788414478302
1777498861029081856,-0.0008122471626847982,-0.01663433015346527,-1.578845381736755
1777498861038921472,-0.0008186350460164249,-0.01663202419877052,-1.578845739364624
1777498861048741376,-0.0008166463812813163,-0.01663258858025074,-1.578847765922546
1777498861058542336,-0.0008049194002524018,-0.01663224957883358,-1.578845500946045
1777498861068323840,-0.0008009672746993601,-0.01663384772837162,-1.57884418964386
1777498861078558976,-0.0007996083004400134,-0.01663520932197571,-1.578843593597412
1777498861088774400,-0.0008025386487133801,-0.0166371688246727,-1.578839778900146
1777498861098970112,-0.0008046278962865472,-0.01663725823163986,-1.5788414478302
1777498861109146624,-0.0008057522354647517,-0.01663863100111485,-1.578840732574463
1777498861119303680,-0.0008058025850914419,-0.01664199121296406,-1.57883632183075
1777498861129441024,-0.0008087887545116246,-0.0166403129696846,-1.578840970993042
1777498861139558912,-0.0008158202981576324,-0.01663796976208687,-1.578837752342224
1777498861149657088,-0.0008166045881807804,-0.01663756929337978,-1.578840613365173
1777498861159736064,-0.0008178704301826656,-0.01664000190794468,-1.578842163085938
1777498861169795072,-0.000805495074018836,-0.01663688011467457,-1.57884681224823
1777498861179834624,-0.0008103899308480322,-0.01664055325090885,-1.578844308853149
1777498861189855232,-0.0008103313157334924,-0.01664211042225361,-1.578848838806152
1777498861199856640,-0.0008118812111206353,-0.01664180494844913,-1.57884418964386
1777498861209839104,-0.0008130744099617004,-0.01664127223193645,-1.578843116760254
1777498861219806464,-0.0008136053220368922,-0.01663938909769058,-1.578840613365173
1777498861229754624,-0.0008151598158292472,-0.01663398928940296,-1.578837871551514
1777498861239683328,-0.0008197369170375168,-0.0166301392018795,-1.578839659690857
1777498861249592832,-0.0008232289692386985,-0.01663152314722538,-1.578834533691406
1777498861259483136,-0.0008220497984439135,-0.0166338924318552,-1.578835248947144
1777498861269354240,-0.0008191175875253975,-0.01663444004952908,-1.578833699226379
1777498861279205888,-0.0008166286279447377,-0.01662803627550602,-1.578835368156433
1777498861289038336,-0.0008132362854667008,-0.01662966422736645,-1.578838109970093
1777498861298852096,-0.0008143093436956406,-0.01662801019847393,-1.578842639923096
1777498861308646656,-0.0008112262585200369,-0.0166307520121336,-1.578841924667358
1777498861318652160,-0.0008169219945557415,-0.01662567257881165,-1.57884407043457
1777498861328868608,-0.0008181551820598543,-0.01662003435194492,-1.578841209411621
1777498861339065088,-0.00081858184421435,-0.01662595570087433,-1.578839659690857
1777498861349241600,-0.0008188370848074555,-0.01662630774080753,-1.578840970993042
1777498861359397632,-0.0008220486342906952,-0.01662176847457886,-1.578839778900146
1777498861369533952,-0.000819746230263263,-0.01662984862923622,-1.578841328620911
1777498861379650560,-0.0008198907598853111,-0.0166387353092432,-1.578840851783752
1777498861389747456,-0.0008246785146184266,-0.01664975099265575,-1.578843116760254
1777498861399826944,-0.0008173256064765155,-0.01664752326905727,-1.57884669303894
1777498861409886720,-0.0008202206226997077,-0.01664836145937443,-1.578847646713257
1777498861419927040,-0.0008228258229792118,-0.01664507016539574,-1.578847527503967
1777498861429947904,-0.0008256974979303777,-0.01664439029991627,-1.578847527503967
1777498861439949824,-0.000823379959911108,-0.01663921400904655,-1.578848123550415
1777498861449932032,-0.0008166027255356312,-0.01663940772414207,-1.578847765922546
1777498861459895040,-0.0008134329109452665,-0.01663433946669102,-1.578847050666809
1777498861469838336,-0.0008127696346491575,-0.01662977412343025,-1.578847527503967
1777498861479762688,-0.0008085883455350995,-0.01662717759609222,-1.578848719596863
1777498861489667328,-0.0008141807629726827,-0.01662585139274597,-1.578845381736755
1777498861499552256,-0.0008103152504190803,-0.01662766747176647,-1.578847527503967
1777498861509418240,-0.0008113259100355208,-0.01662937551736832,-1.578841686248779
1777498861519264256,-0.0008174465037882328,-0.01663019135594368,-1.578834533691406
1777498861529091072,-0.0008165895706042647,-0.01663118414580822,-1.578838706016541
1777498861538898176,-0.0008182848687283695,-0.01663420535624027,-1.578840613365173
1777498861548686336,-0.000818571774289012,-0.01663566567003727,-1.578845500946045
1777498861558689536,-0.0008213000255636871,-0.01663913577795029,-1.578847765922546
1777498861568906752,-0.0008183557656593621,-0.01664257422089577,-1.578851342201233
1777498861579104000,-0.0008150529465638101,-0.01665189303457737,-1.57885754108429
1777498861589281536,-0.0008234267588704824,-0.01665635593235493,-1.578855276107788
1777498861599439104,-0.0008239642484113574,-0.01665964722633362,-1.578851103782654
1777498861609577984,-0.0008316562161780894,-0.0166620034724474,-1.57884669303894
1777498861619697152,-0.0008347421535290778,-0.01666556671261787,-1.578848004341125
1777498861629796864,-0.000828439078759402,-0.01666561141610146,-1.578841209411621
1777498861639876352,-0.0008268881938420236,-0.01666650176048279,-1.578843116760254
1777498861649936384,-0.0008271368569694459,-0.01666514575481415,-1.578843235969543
1777498861659976960,-0.0008280729525722563,-0.01666467264294624,-1.578842401504517
1777498861669998080,-0.0008238618611358106,-0.0166628286242485,-1.578842043876648
1777498861679999488,-0.0008256298024207354,-0.0166678074747324,-1.57884156703949
1777498861689981696,-0.0008240333991125226,-0.01667379960417747,-1.578839898109436
1777498861699944704,-0.0008298373431898654,-0.01667721755802631,-1.578840136528015
1777498861709888000,-0.0008262456394731998,-0.016676414757967,-1.57884156703949
1777498861719811840,-0.0008296715095639229,-0.01667880453169346,-1.578842878341675
1777498861729715968,-0.0008262494229711592,-0.01668324694037437,-1.578847289085388
1777498861739600896,-0.0008248327649198472,-0.0166873075067997,-1.578848600387573
1777498861749466368,-0.0008312532445415854,-0.01668708771467209,-1.57884669303894
1777498861759314432,-0.000828729011118412,-0.0166870690882206,-1.57884693145752
1777498861769145088,-0.0008295979932881892,-0.01668158732354641,-1.578850507736206
1777498861778956800,-0.0008273615967482328,-0.01668541692197323,-1.578852891921997
1777498861788749056,-0.0008310957928188145,-0.01668822392821312,-1.578851699829102
1777498861798522112,-0.0008285995572805405,-0.01668776571750641,-1.578855872154236
1777498861808740352,-0.0008270542602986097,-0.01668866910040379,-1.578853726387024
1777498861818938880,-0.0008270329562947154,-0.01669414341449738,-1.578852295875549
1777498861829117952,-0.0008321614586748183,-0.01669104024767876,-1.578851699829102
1777498861839278592,-0.00083259551320225,-0.01669373735785484,-1.578850984573364
1777498861849419264,-0.0008367423433810472,-0.0166946966201067,-1.578851342201233
1777498861859540480,-0.0008307958487421274,-0.01668768376111984,-1.578853011131287
1777498861869641984,-0.0008344993693754077,-0.01669198647141457,-1.578855156898499
1777498861879723776,-0.0008347024559043348,-0.01669164933264256,-1.578856229782104
1777498861889785600,-0.0008322890498675406,-0.01669133827090263,-1.578853845596313
1777498861899827712,-0.00082849629689008,-0.01669744960963726,-1.578852891921997
1777498861909850368,-0.0008250881801359355,-0.01670248061418533,-1.578856706619263
1777498861919854080,-0.0008196624694392085,-0.01670269481837749,-1.578851938247681
1777498861929839104,-0.0008164098253473639,-0.01670298539102077,-1.578854918479919
1777498861939805952,-0.0008164973696693778,-0.01670077256858349,-1.578853130340576
1777498861949753600,-0.0008137783734127879,-0.01669512689113617,-1.578859567642212
1777498861959681792,-0.0008115585660561919,-0.01668756641447544,-1.578855872154236
1777498861969590528,-0.0008041898836381733,-0.0166851207613945,-1.578855991363525
1777498861979480576,-0.0008032220648601651,-0.01668401062488556,-1.578856468200684
1777498861989351424,-0.0008088341564871371,-0.01669103652238846,-1.578852415084839
1777498861999203072,-0.0008112736395560205,-0.01668913103640079,-1.578846573829651
1777498862009035776,-0.0008043583948165178,-0.01668400876224041,-1.578848719596863
1777498862018849792,-0.0008048502495512366,-0.01668364554643631,-1.578853130340576
1777498862028644608,-0.0008007182623259723,-0.01667804643511772,-1.578853964805603
1777498862038420480,-0.0008037780062295496,-0.01667413674294949,-1.578854322433472
1777498862048641024,-0.0007979218498803675,-0.01667373441159725,-1.578861117362976
1777498862058841344,-0.0007994197076186538,-0.01667230762541294,-1.578858494758606
1777498862069021696,-0.0008026434225030243,-0.01666881889104843,-1.578854560852051
1777498862079182336,-0.0007999673252925277,-0.01666444540023804,-1.578855037689209
1777498862089323776,-0.0007985953125171363,-0.01666873693466187,-1.578855156898499
1777498862099445504,-0.0007991635357029736,-0.01666783355176449,-1.578855872154236
1777498862109547520,-0.0007943729870021343,-0.01666531339287758,-1.578852415084839
1777498862119629568,-0.0007926488760858774,-0.01666145026683807,-1.578849792480469
1777498862129692160,-0.0007859293837100267,-0.01666319742798805,-1.57885205745697
1777498862139735040,-0.0007803229964338243,-0.01666315086185932,-1.578850746154785
1777498862149758208,-0.0007887592073529959,-0.01666550524532795,-1.578849196434021
1777498862159761920,-0.0007900659693405032,-0.01666315086185932,-1.578851461410522
1777498862169746432,-0.0007910505519248545,-0.01666308380663395,-1.578847050666809
1777498862179711488,-0.0007935803150758147,-0.01666521467268467,-1.578843832015991
1777498862189657088,-0.0007968525169417262,-0.01666831970214844,-1.578840136528015
1777498862199582976,-0.0008012173930183053,-0.01666785962879658,-1.578842520713806
1777498862209489408,-0.0008011857280507684,-0.01667232997715473,-1.5788414478302
1777498862219376640,-0.0008043517009355128,-0.01666962914168835,-1.578838109970093
1777498862229244672,-0.0008006025454960763,-0.01666505634784698,-1.578839778900146
1777498862239096320,-0.0008078790851868689,-0.01666787639260292,-1.578842997550964
1777498862248932352,-0.0008016643696464598,-0.01666043698787689,-1.578847050666809
1777498862258749184,-0.0007957709021866322,-0.01665551587939262,-1.578848600387573
1777498862268546816,-0.0008003164548426867,-0.01665408909320831,-1.578847169876099
1777498862278325504,-0.0007956879562698305,-0.01664998941123486,-1.578845739364624
1777498862288551680,-0.000797299318946898,-0.01664746180176735,-1.578849673271179
1777498862298758144,-0.0007942609372548759,-0.01664494723081589,-1.578848481178284
1777498862308944896,-0.0007907541003078222,-0.01664386317133904,-1.578847169876099
1777498862319111936,-0.0007918783812783659,-0.01664363779127598,-1.578850030899048
1777498862329259520,-0.0007918056799098849,-0.01664257980883121,-1.57884955406189
1777498862339387392,-0.000794977240730077,-0.01664402335882187,-1.57884681224823
1777498862349495552,-0.0007938492344692349,-0.01664199121296406,-1.578845977783203
1777498862359584512,-0.0007990383892320096,-0.01664460077881813,-1.578844547271729
1777498862369653760,-0.000794807740021497,-0.01664516888558865,-1.57884693145752
1777498862379703296,-0.0007962113595567644,-0.01664257235825062,-1.578848004341125
1777498862389734912,-0.0007986434502527118,-0.01664349436759949,-1.578841924667358
1777498862399748608,-0.0008090207702480257,-0.01664533093571663,-1.578845143318176
1777498862409742848,-0.0008076924132183194,-0.01664010807871819,-1.578843235969543
1777498862419717888,-0.0008083342108875513,-0.01663888059556484,-1.57883882522583
1777498862429673728,-0.0008098254911601543,-0.01664296165108681,-1.578838348388672
1777498862439610624,-0.0008124149753712118,-0.01664600148797035,-1.578839778900146
1777498862449528064,-0.000810385390650481,-0.01664789952337742,-1.578837394714355
1777498862459426304,-0.000816401734482497,-0.01665251143276691,-1.578837156295776
1777498862469305344,-0.0008132476941682398,-0.01664534583687782,-1.578835964202881
1777498862479165440,-0.0008192742243409157,-0.01664592139422894,-1.578835964202881
1777498862489006592,-0.0008229812956415117,-0.01664017885923386,-1.578837037086487
1777498862498828544,-0.0008258119923993945,-0.01663882099092007,-1.578836441040039
1777498862508631040,-0.0008292648708447814,-0.01664020866155624,-1.578832507133484
1777498862518414592,-0.0008232114487327635,-0.01664461009204388,-1.578833699226379
1777498862528410112,-0.0008255521534010768,-0.01664297468960285,-1.578837871551514
1777498862538616576,-0.0008281042682938278,-0.01663977280259132,-1.578837275505066
1777498862548803328,-0.0008207440259866416,-0.0166449099779129,-1.578842282295227
1777498862558970112,-0.0008192276582121849,-0.01664670743048191,-1.578839898109436
1777498862569117184,-0.0008162497542798519,-0.01664384640753269,-1.57883632183075
1777498862579244544,-0.000817232474219054,-0.01664605177938938,-1.578837156295776
1777498862589354240,-0.0008193124667741358,-0.01664968021214008,-1.578834295272827
1777498862599444480,-0.0008158931159414351,-0.01665213331580162,-1.578833937644958
1777498862609515008,-0.0008132869843393564,-0.01665654964745045,-1.57883358001709
1777498862619565824,-0.0008021765970624983,-0.0166542399674654,-1.578834414482117
1777498862629597440,-0.0007959050126373768,-0.01665079779922962,-1.578832745552063
1777498862639609344,-0.0007989266887307167,-0.01665178127586842,-1.578827142715454
1777498862649601280,-0.0007910216227173805,-0.01665673404932022,-1.578826308250427
1777498862659574272,-0.0007854888099245727,-0.01665688119828701,-1.578827619552612
1777498862669528576,-0.000775989843532443,-0.01666025631129742,-1.578825235366821
1777498862679463680,-0.0007741464651189744,-0.01666009239852428,-1.5788254737854
1777498862689379328,-0.0007755809347145259,-0.01665733940899372,-1.578826069831848
1777498862699275520,-0.0007737888372503221,-0.01665853895246983,-1.578830122947693
1777498862709152256,-0.0007715020328760147,-0.01665281504392624,-1.578826665878296
1777498862719010304,-0.0007712057558819652,-0.01664966903626919,-1.578825712203979
1777498862728848640,-0.0007714917883276939,-0.01665555872023106,-1.578825831413269
1777498862738668032,-0.0007747323834337294,-0.01665980741381645,-1.578826546669006
1777498862748469504,-0.0007736677071079612,-0.01665841415524483,-1.578827738761902
1777498862758251776,-0.0007757243001833558,-0.01665592007339001,-1.578829288482666
1777498862768251904,-0.0007693205843679607,-0.01665555126965046,-1.57882833480835
1777498862778469120,-0.000771092192735523,-0.01665110699832439,-1.578828573226929
1777498862788666624,-0.0007770031224936247,-0.01664760895073414,-1.578827261924744
1777498862798844160,-0.0007720720604993403,-0.01665135286748409,-1.578828096389771
1777498862809001984,-0.0007637178641743958,-0.01665151305496693,-1.578824162483215
1777498862819140352,-0.0007592515321448445,-0.0166489090770483,-1.578818559646606
1777498862829260288,-0.0007603487465530634,-0.0166478306055069,-1.578820586204529
1777498862839360768,-0.0007606374565511942,-0.01664575003087521,-1.578818678855896
1777498862849441536,-0.0007549854926764965,-0.0166522990912199,-1.578814268112183
1777498862859502592,-0.0007526755798608065,-0.01665978506207466,-1.578811168670654
1777498862869544448,-0.000756623107008636,-0.0166606716811657,-1.578808546066284
1777498862879566592,-0.0007576207281090319,-0.01666296273469925,-1.578808903694153
1777498862889569280,-0.00075684575131163,-0.01666273921728134,-1.578805446624756
1777498862899552256,-0.0007621102849952877,-0.01666157692670822,-1.578810214996338
1777498862909516288,-0.0007549269939772785,-0.01666721329092979,-1.578807950019836
1777498862919460608,-0.0007445059018209577,-0.0166667066514492,-1.578807234764099
1777498862929385472,-0.0007423476199619472,-0.01666066609323025,-1.578809261322021
1777498862939291136,-0.0007441435591317713,-0.01666519232094288,-1.57880961894989
1777498862949177600,-0.0007383396732620895,-0.01666625961661339,-1.57880961894989
1777498862959044608,-0.0007285053143277764,-0.01666349545121193,-1.578812956809998
1777498862968892160,-0.0007245094166137278,-0.01666414737701416,-1.578811764717102
1777498862978720512,-0.00072063272818923,-0.01666802354156971,-1.578812956809998
1777498862988530944,-0.0007205739384517074,-0.01666295155882835,-1.578817486763
1777498862998322176,-0.0007143686525523663,-0.01666587218642235,-1.578816533088684
1777498863008326912,-0.000713466084562242,-0.01666576229035854,-1.57881498336792
1777498863018544384,-0.0007061868673190475,-0.01666958443820477,-1.578808784484863
1777498863028741888,-0.000703226774930954,-0.01667631231248379,-1.578810691833496
1777498863038919936,-0.0006980443140491843,-0.01667877472937107,-1.578810095787048
1777498863049078528,-0.0007017421303316951,-0.01668484508991241,-1.578810811042786
1777498863059217152,-0.0007043296354822814,-0.01668090559542179,-1.578812003135681
1777498863069336064,-0.0007011143607087433,-0.01667613163590431,-1.578812479972839
1777498863079435264,-0.0006946761277504265,-0.01667564362287521,-1.57881498336792
1777498863089514752,-0.0006928485818207264,-0.01667340844869614,-1.57881498336792
1777498863099574784,-0.0006920000305399299,-0.01667381450533867,-1.578813672065735
1777498863109615104,-0.0006931410753168166,-0.01667372696101665,-1.578816533088684
1777498863119635968,-0.0006900356383994222,-0.01667867228388786,-1.578811287879944
1777498863129637888,-0.0006884811446070671,-0.01668301969766617,-1.578813314437866
1777498863139620096,-0.0006822022260166705,-0.01668433099985123,-1.578811049461365
1777498863149583104,-0.0006795942317694426,-0.01669013127684593,-1.578802108764648
1777498863159526400,-0.0006760751712135971,-0.01668762415647507,-1.578797817230225
1777498863169450496,-0.0006756048533134162,-0.01669360883533955,-1.578800320625305
1777498863179355136,-0.0006709206500090659,-0.01669877953827381,-1.578803062438965
1777498863189240576,-0.0006693213945254683,-0.01670178957283497,-1.57880437374115
1777498863199106560,-0.0006654512253589928,-0.01670664362609386,-1.578805208206177
1777498863208961024,-0.0006658573402091861,-0.01670501008629799,-1.578800797462463
1777498863218796288,-0.0006671548471786082,-0.0167070459574461,-1.578800320625305
1777498863228612608,-0.0006653469172306359,-0.01670586690306664,-1.578804135322571
1777498863238409984,-0.000655105453915894,-0.01670411415398121,-1.578802466392517
1777498863248187904,-0.0006572544225491583,-0.01670668460428715,-1.57880175113678
1777498863258407424,-0.000658792385365814,-0.01671586930751801,-1.578805088996887
1777498863268607232,-0.0006582083879038692,-0.01671825908124447,-1.578808903694153
1777498863278787328,-0.0006506980280391872,-0.01671937666833401,-1.578808307647705
1777498863288947712,-0.0006488127983175218,-0.01672261208295822,-1.578808665275574
1777498863299087872,-0.0006464143516495824,-0.01672875881195068,-1.578807592391968
1777498863309209344,-0.0006443204474635422,-0.01672724820673466,-1.578804969787598
1777498863319311872,-0.0006461516604758799,-0.01672563701868057,-1.578807234764099
1777498863329394688,-0.0006422218284569681,-0.01672276295721531,-1.578803896903992
1777498863339457792,-0.0006377685349434614,-0.01672099530696869,-1.578802347183228
1777498863349501440,-0.0006314393831416965,-0.01672778651118279,-1.578805088996887
1777498863359525632,-0.0006285136914812028,-0.01672977767884731,-1.578803062438965
1777498863369530112,-0.0006230907747521996,-0.01672892086207867,-1.578802466392517
1777498863379515136,-0.0006282435497269034,-0.01672785170376301,-1.578802824020386
1777498863389480960,-0.0006212203879840672,-0.01672573946416378,-1.578798890113831
1777498863399427584,-0.0006185937090776861,-0.01672522909939289,-1.578804492950439
1777498863409354752,-0.0006145018269307911,-0.01672853529453278,-1.578805565834045
1777498863419262976,-0.0006106102955527604,-0.01673253625631332,-1.578804731369019
1777498863429152000,-0.0006083953194320202,-0.01673631742596626,-1.578808426856995
1777498863439021568,-0.0006055682897567749,-0.01673408411443233,-1.57881236076355
1777498863448871936,-0.0006028224597685039,-0.01673955097794533,-1.578813195228577
1777498863458702592,-0.0006041507003828883,-0.01673856005072594,-1.578814029693604
1777498863468514816,-0.0006001873989589512,-0.0167402308434248,-1.578808903694153
1777498863478308352,-0.0005989634664729238,-0.0167448278516531,-1.578808426856995
1777498863488082688,-0.0006050225929357111,-0.01674501784145832,-1.578807711601257
1777498863498302720,-0.0005996509571559727,-0.01674746163189411,-1.578802347183228
1777498863508502784,-0.0006006326293572783,-0.01674360409379005,-1.578801393508911
1777498863518682880,-0.0006002423469908535,-0.01674459874629974,-1.578797578811646
1777498863528843520,-0.0005982844159007072,-0.01673855260014534,-1.578795909881592
1777498863538984704,-0.0005920046241953969,-0.01673614233732224,-1.578794479370117
1777498863549107200,-0.0005884353304281831,-0.01674090139567852,-1.578793168067932
1777498863559210240,-0.000590817944612354,-0.01673553884029388,-1.578786253929138
1777498863569293824,-0.0005864038248546422,-0.01673905178904533,-1.578787446022034
1777498863579358464,-0.0005887362058274448,-0.01673709973692894,-1.578791618347168
1777498863589403648,-0.0005881260149180889,-0.01672921516001225,-1.578792929649353
1777498863599429120,-0.0005920557305216789,-0.01672370918095112,-1.57879376411438
1777498863609435136,-0.0005901416298002005,-0.01672644913196564,-1.578795075416565
1777498863619422208,-0.0005879778764210641,-0.01672714948654175,-1.578796863555908
1777498863629390080,-0.000589237199164927,-0.01672626100480556,-1.57879638671875
1777498863639338752,-0.0005942659918218851,-0.01672717183828354,-1.578798294067383
1777498863649267712,-0.0005943126161582768,-0.01673000492155552,-1.578797101974487
1777498863659177472,-0.0005994551465846598,-0.0167311504483223,-1.578794598579407
1777498863669067776,-0.0006010433426126838,-0.0167341697961092,-1.578791856765747
1777498863678939136,-0.000592905271332711,-0.01673760637640953,-1.578788042068481
1777498863688791296,-0.0005877237417735159,-0.0167399737983942,-1.578790068626404
1777498863698625024,-0.0005886318976990879,-0.01674234122037888,-1.578788042068481
1777498863708446208,-0.0005879202508367598,-0.01673705503344536,-1.578789234161377
1777498863718248448,-0.0005839169025421143,-0.01674005575478077,-1.578786134719849
1777498863728032000,-0.0005724087241105735,-0.01673831045627594,-1.578790783882141
1777498863738258176,-0.0005729425465688109,-0.01674541458487511,-1.578790307044983
1777498863748464384,-0.0005746666574850678,-0.01674452051520348,-1.57878851890564
1777498863758650624,-0.0005714409635402262,-0.01674298569560051,-1.578791856765747
1777498863768817920,-0.0005717045860365033,-0.01674243994057178,-1.57879102230072
1777498863778965760,-0.0005696852458640933,-0.01674630679190159,-1.578788995742798
1777498863789093888,-0.000568458519410342,-0.01675044745206833,-1.578789830207825
1777498863799202048,-0.0005690193502232432,-0.01675598323345184,-1.578789830207825
1777498863809290496,-0.0005681093316525221,-0.0167576652020216,-1.578786611557007
1777498863819359232,-0.0005629248335026205,-0.01675704680383205,-1.578788757324219
1777498863829408000,-0.0005603978643193841,-0.01675946451723576,-1.578791618347168
1777498863839437056,-0.0005567932385019958,-0.01676964946091175,-1.578793525695801
1777498863849447168,-0.0005505020380951464,-0.01676562242209911,-1.578794240951538
1777498863859438080,-0.0005494858487509191,-0.01676559634506702,-1.578795552253723
1777498863869409280,-0.0005469262250699103,-0.01676619984209538,-1.578794121742249
1777498863879361024,-0.0005445258575491607,-0.01676548458635807,-1.578793048858643
1777498863889293312,-0.000546713825315237,-0.01676073856651783,-1.57879376411438
1777498863899208960,-0.0005415303166955709,-0.0167628675699234,-1.578796744346619
1777498863909108224,-0.0005463886773213744,-0.0167552474886179,-1.57879900932312
1777498863918988288,-0.000547915231436491,-0.01674362644553185,-1.578799247741699
1777498863928849152,-0.0005463699926622212,-0.01674635894596577,-1.578803777694702
1777498863938690816,-0.0005497874808497727,-0.01674928516149521,-1.578808546066284
1777498863948513792,-0.0005549291963689029,-0.01675086282193661,-1.578807711601257
1777498863958317312,-0.0005626518977805972,-0.01675169542431831,-1.578811407089233
1777498863968101632,-0.0005727628595195711,-0.01675760373473167,-1.578807353973389
1777498863978337280,-0.0005762186483480036,-0.01676244661211967,-1.57880699634552
1777498863988552960,-0.0005764301167801023,-0.01676660403609276,-1.578807353973389
1777498863998749184,-0.0005704390350729227,-0.01676943711936474,-1.578801870346069
1777498864008925440,-0.0005738937179557979,-0.01676682941615582,-1.578801155090332
1777498864019082240,-0.0005736943567171693,-0.01676053926348686,-1.578801155090332
1777498864029218816,-0.0005674331332556903,-0.01676327176392078,-1.578795194625854
1777498864039336960,-0.0005684596253558993,-0.01676478609442711,-1.578797459602356
1777498864049436416,-0.0005635909619741142,-0.01676975190639496,-1.578794598579407
1777498864059516160,-0.0005576072726398706,-0.01676707156002522,-1.578792214393616
1777498864069576448,-0.0005540406564250588,-0.01676142774522305,-1.578793406486511
1777498864079617536,-0.0005528427427634597,-0.01676164194941521,-1.578795313835144
1777498864089639168,-0.0005565760657191277,-0.01676038280129433,-1.578795194625854
1777498864099641600,-0.0005517204408533871,-0.01677301339805126,-1.578798770904541
1777498864109624576,-0.0005554399103857577,-0.01677673123776913,-1.578806638717651
1777498864119588352,-0.0005449386080726981,-0.01677781529724598,-1.578805923461914
1777498864129533184,-0.0005431492463685572,-0.01677389442920685,-1.578802347183228
1777498864139458560,-0.0005449525779113173,-0.0167740061879158,-1.578798294067383
1777498864149364736,-0.0005413990002125502,-0.01677025482058525,-1.578795552253723
1777498864159251712,-0.0005419597728177905,-0.01677059382200241,-1.578796029090881
1777498864169119232,-0.0005415219930000603,-0.01676980964839458,-1.578794240951538
1777498864178967808,-0.0005453018820844591,-0.01677717082202435,-1.578791856765747
1777498864188796928,-0.0005485489382408559,-0.01677977852523327,-1.57879364490509
1777498864198607872,-0.0005421069799922407,-0.01677538640797138,-1.578790307044983
1777498864208405760,-0.0005348071572370827,-0.01677695102989674,-1.578790426254272
1777498864218413056,-0.0005352635635063052,-0.01677318103611469,-1.578786373138428
1777498864228628992,-0.0005333708832040429,-0.01677626557648182,-1.578782081604004
1777498864238825728,-0.0005331920692697167,-0.01677832379937172,-1.578780293464661
1777498864249003008,-0.0005283727659843862,-0.01678149588406086,-1.578782796859741
1777498864259160576,-0.0005221683531999588,-0.01678311824798584,-1.578778982162476
1777498864269297920,-0.0005180522566661239,-0.01678420417010784,-1.578776836395264
1777498864279415808,-0.0005128938937559724,-0.01678802073001862,-1.578777432441711
1777498864289513984,-0.0005136046092957258,-0.01679104752838612,-1.578778028488159
1777498864299592192,-0.0005112825310789049,-0.0167984813451767,-1.578781127929688
1777498864309650688,-0.0005113142542541027,-0.0168040357530117,-1.578785181045532
1777498864319689728,-0.0005080132395960391,-0.01680794544517994,-1.578784704208374
1777498864329711104,-0.0005077170208096504,-0.01680823788046837,-1.578783512115479
1777498864339715072,-0.0005030960310250521,-0.01680557616055012,-1.578782439231873
1777498864349699584,-0.0005068163154646754,-0.01680664531886578,-1.578779101371765
1777498864359664640,-0.0005062183481641114,-0.01680735126137733,-1.578781127929688
1777498864369610752,-0.0005089390906505287,-0.01680666953325272,-1.578783512115479
1777498864379537664,-0.0005139121203683317,-0.0168030858039856,-1.578782200813293
1777498864389445376,-0.0005149720818735659,-0.01680292747914791,-1.578783392906189
1777498864399333632,-0.0005136978579685092,-0.01680449210107327,-1.57878315448761
1777498864409202944,-0.0005125782336108387,-0.01680313050746918,-1.578779935836792
1777498864419053568,-0.0005049850442446768,-0.01680304668843746,-1.57877779006958
1777498864428884992,-0.0005035318899899721,-0.01679852604866028,-1.578777551651001
1777498864438697216,-0.0005037116352468729,-0.0167956966906786,-1.578778266906738
1777498864448490496,-0.000500655616633594,-0.01679683849215508,-1.57877790927887
1777498864458496256,-0.0004921625950373709,-0.01679982244968414,-1.578774452209473
1777498864468713728,-0.0004903482040390372,-0.0168063435703516,-1.578773617744446
1777498864478911744,-0.0004904478555545211,-0.01680689491331577,-1.578776121139526
1777498864489090560,-0.0004873489087913185,-0.016807796433568,-1.578771591186523
1777498864499249664,-0.0004865665687248111,-0.01681445352733135,-1.578769564628601
1777498864509389056,-0.0004901218926534057,-0.01681647635996342,-1.578771591186523
1777498864519508992,-0.0004857124877162278,-0.01682239957153797,-1.578772068023682
1777498864529609216,-0.0004843283677473664,-0.01682689040899277,-1.578766465187073
1777498864539690240,-0.0004851889971178025,-0.01682200282812119,-1.578769326210022
1777498864549751552,-0.0004806351207662374,-0.01682136580348015,-1.578770041465759
1777498864559793152,-0.0004754674446303397,-0.01682736910879612,-1.578771114349365
1777498864569817600,-0.0004759806615766138,-0.01682716608047485,-1.578771591186523
1777498864579824128,-0.000477460736874491,-0.01682688668370247,-1.578769564628601
1777498864589811200,-0.000478357746032998,-0.01682540960609913,-1.578769564628601
1777498864599778816,-0.0004764538025483489,-0.01682374067604542,-1.578766703605652
1777498864609727488,-0.0004816634755115956,-0.01682781614363194,-1.57876455783844
1777498864619657216,-0.000477590219816193,-0.01682647690176964,-1.578767538070679
1777498864629568000,-0.000475218752399087,-0.01683149486780167,-1.578770279884338
1777498864639459328,-0.0004774924600496888,-0.01683507859706879,-1.578770279884338
1777498864649331712,-0.0004815991851501167,-0.01682834327220917,-1.578772187232971
1777498864659185408,-0.0004776246205437928,-0.01682089082896709,-1.57877254486084
1777498864669019904,-0.0004767295613419265,-0.01682500168681145,-1.578773975372314
1777498864678835200,-0.0004675705276895314,-0.01682436093688011,-1.578778862953186
1777498864688631552,-0.0004615859943442047,-0.01683126948773861,-1.578780770301819
1777498864698408448,-0.0004546075651887804,-0.01682877354323864,-1.578781366348267
1777498864708626432,-0.0004530567093752325,-0.01683138869702816,-1.578778266906738
1777498864718824448,-0.0004541428934317082,-0.01684085465967655,-1.578779339790344
1777498864729003008,-0.0004449307743925601,-0.01683972775936127,-1.578779578208923
1777498864739161600,-0.0004417126183398068,-0.016842445358634,-1.578782200813293
1777498864749300992,-0.0004410252440720797,-0.0168488621711731,-1.578787326812744
1777498864759421696,-0.0004370609822217375,-0.01685330457985401,-1.578789234161377
1777498864769522688,-0.0004276877443771809,-0.0168536938726902,-1.578794360160828
1777498864779603968,-0.0004272452788427472,-0.01684924215078354,-1.578798413276672
1777498864789665536,-0.0004297629930078983,-0.01685086078941822,-1.578796625137329
1777498864799707904,-0.000431784224929288,-0.01684715785086155,-1.57879626750946
1777498864809730816,-0.0004348235961515456,-0.01684851199388504,-1.578797698020935
1777498864819734016,-0.0004366128996480256,-0.01684501208364964,-1.578795790672302
1777498864829718016,-0.0004310651565901935,-0.01684421300888062,-1.578797101974487
1777498864839682816,-0.0004299111024010926,-0.01684903353452682,-1.578794002532959
1777498864849627904,-0.0004302454763092101,-0.01684541814029217,-1.578794240951538
1777498864859553536,-0.0004303469904698431,-0.01684548333287239,-1.578794598579407
1777498864869459712,-0.0004330873780418187,-0.01684746146202087,-1.578798055648804
1777498864879346688,-0.000432600179919973,-0.01684649847447872,-1.578800916671753
1777498864889214464,-0.0004381292965263128,-0.01684695295989513,-1.578806281089783
1777498864899062784,-0.0004370785900391638,-0.01684188842773438,-1.578807592391968
1777498864908892160,-0.0004371689865365624,-0.0168443601578474,-1.57880711555481
1777498864918703104,-0.0004395414143800735,-0.01684615574777126,-1.578800201416016
1777498864928494848,-0.0004399633908178657,-0.01685037650167942,-1.57880175113678
1777498864938267392,-0.0004334190161898732,-0.01685460284352303,-1.578801393508911
1777498864948487424,-0.0004317880084272474,-0.01685149967670441,-1.578803420066833
1777498864958688000,-0.0004310419026296586,-0.01685024797916412,-1.578804850578308
1777498864968869632,-0.0004290402575861663,-0.01685549132525921,-1.578813195228577
1777498864979031808,-0.0004292423836886883,-0.01685677468776703,-1.578814148902893
1777498864989174272,-0.0004266082250978798,-0.01685679331421852,-1.578816413879395
1777498864999297536,-0.0004262291186023504,-0.01685700565576553,-1.578815221786499
1777498865009401088,-0.0004158536321483552,-0.01685813069343567,-1.578817367553711
1777498865019485184,-0.0004162178374826908,-0.01685734465718269,-1.578818082809448
1777498865029549568,-0.0004144806880503893,-0.01686033234000206,-1.578818559646606
1777498865039594496,-0.0004047581751365215,-0.01686187461018562,-1.578815817832947
1777498865049620480,-0.0003989552205894142,-0.01686311140656471,-1.578816890716553
1777498865059629824,-0.0004004463844466954,-0.01685148477554321,-1.578816652297974
1777498865069619712,-0.0003912157262675464,-0.01685784384608269,-1.578816890716553
1777498865079590656,-0.000392060523154214,-0.01685217954218388,-1.578818202018738
1777498865089542144,-0.0003909418592229486,-0.01685382425785065,-1.578814029693604
1777498865099474688,-0.0003892754903063178,-0.01685670576989651,-1.578812718391418
1777498865109388032,-0.0003908990183845162,-0.01685359701514244,-1.578814744949341
1777498865119282176,-0.0003911756502930075,-0.01685453020036221,-1.578815698623657
1777498865129157120,-0.0003970214747823775,-0.01685790717601776,-1.578819990158081
1777498865139013888,-0.0003911961975973099,-0.01686020195484161,-1.578820943832397
1777498865148851712,-0.0003890277293976396,-0.01685738563537598,-1.578824400901794
1777498865158670592,-0.0003887836646754295,-0.01685555651783943,-1.578820824623108
1777498865168470016,-0.0003858253185171634,-0.01684607937932014,-1.578824281692505
1777498865178250240,-0.0003835814131889492,-0.01684060320258141,-1.57882034778595
1777498865188476416,-0.0003843964950647205,-0.01684922911226749,-1.578820705413818
1777498865198682624,-0.0003853139642160386,-0.0168487373739481,-1.578821182250977
1777498865208869120,-0.0003823258157353848,-0.01683886535465717,-1.578819870948792
1777498865219036160,-0.0003791253257077187,-0.01683841273188591,-1.578817844390869
1777498865229184000,-0.0003788766334764659,-0.01683945022523403,-1.578819870948792
1777498865239312128,-0.0003759182873181999,-0.01683241687715054,-1.578825116157532
1777498865249420544,-0.0003691661404445767,-0.01682929322123528,-1.578825116157532
1777498865259509248,-0.0003637032059486955,-0.01683032885193825,-1.578824520111084
1777498865269578752,-0.000361283280653879,-0.0168310459703207,-1.578828930854797
1777498865279628032,-0.000354977382812649,-0.01683689467608929,-1.578828930854797
1777498865289657600,-0.0003548041277099401,-0.01683545112609863,-1.578829050064087
1777498865299667968,-0.0003607896796893328,-0.01683928444981575,-1.578827261924744
1777498865309659136,-0.0003573824360501021,-0.01684273406863213,-1.578824996948242
1777498865319630848,-0.0003582822100725025,-0.01684295572340488,-1.578822135925293
1777498865329583104,-0.0003571495180949569,-0.01683583110570908,-1.578821659088135
1777498865339515904,-0.0003567862440831959,-0.01683208718895912,-1.578816771507263
1777498865349429504,-0.0003487300709821284,-0.01683015562593937,-1.578817248344421
1777498865359323392,-0.0003465951594989747,-0.0168303158134222,-1.578815221786499
1777498865369197824,-0.0003420627035666257,-0.016830088570714,-1.578815698623657
1777498865379057152,-0.0003491939278319478,-0.01682833954691887,-1.578812956809998
1777498865388900864,-0.0003522835613694042,-0.01682921685278416,-1.578814625740051
1777498865398725376,-0.0003496037679724395,-0.01683125458657742,-1.578817844390869
1777498865408531200,-0.0003395422245375812,-0.01683500595390797,-1.578822016716003
1777498865418317568,-0.0003397294203750789,-0.01682953163981438,-1.578821659088135
1777498865428318976,-0.0003451765514910221,-0.01682845503091812,-1.578821659088135
1777498865438534656,-0.00034715497167781,-0.0168312918394804,-1.578817367553711
1777498865448730880,-0.0003493606927804649,-0.0168356578797102,-1.57881486415863
1777498865458907392,-0.0003506684734020382,-0.01684179715812206,-1.57881498336792
1777498865469064448,-0.0003436136757954955,-0.01684672385454178,-1.578819870948792
1777498865479203072,-0.0003483156906440854,-0.01685026288032532,-1.578818917274475
1777498865489321984,-0.0003486519563011825,-0.01685496047139168,-1.578817844390869
1777498865499421184,-0.0003447724739089608,-0.01686001010239124,-1.578818440437317
1777498865509500928,-0.0003417266416363418,-0.01686317287385464,-1.578819632530212
1777498865519561216,-0.0003435094549786299,-0.01686611585319042,-1.578823328018188
1777498865529602048,-0.0003401450230740011,-0.01686336286365986,-1.578817009925842
1777498865539623168,-0.0003403527371119708,-0.01686283014714718,-1.578817963600159
1777498865549624576,-0.0003325248253531754,-0.01686384715139866,-1.578819990158081
1777498865559607040,-0.0003372538194525987,-0.01686527766287327,-1.57881498336792
1777498865569570048,-0.0003398041881155223,-0.01687213219702244,-1.578808784484863
1777498865579513344,-0.0003417499538045377,-0.01686864346265793,-1.578807234764099
1777498865589437184,-0.0003422277804929763,-0.01686574332416058,-1.578804492950439
1777498865599341568,-0.0003480605664663017,-0.01686863601207733,-1.578800201416016
1777498865609226752,-0.0003496645076666027,-0.01686446368694305,-1.578802943229675
1777498865619092480,-0.0003483306209091097,-0.01685990206897259,-1.57879900932312
1777498865628939008,-0.0003488560032565147,-0.01686082407832146,-1.578794956207275
1777498865638767360,-0.000347650668118149,-0.01685831695795059,-1.578792214393616
1777498865648576512,-0.0003490077797323465,-0.01685472764074802,-1.578790068626404
1777498865658366720,-0.0003426310140639544,-0.01685063913464546,-1.578793883323669
1777498865668369664,-0.0003396699321456254,-0.01685155369341373,-1.578788995742798
1777498865678585088,-0.000337497767759487,-0.01685041561722755,-1.578793883323669
1777498865688781312,-0.0003405781171750277,-0.01685592904686928,-1.578794240951538
1777498865698958080,-0.0003450239601079375,-0.01685666292905807,-1.578792095184326
1777498865709115136,-0.0003430120123084635,-0.01685778424143791,-1.578793048858643
1777498865719252224,-0.0003402558504603803,-0.01685907505452633,-1.578795313835144
1777498865729369856,-0.0003378424153197557,-0.01685535162687302,-1.578799724578857
1777498865739467520,-0.0003370879567228258,-0.01685630157589912,-1.578798294067383
1777498865749545472,-0.0003367898752912879,-0.0168505534529686,-1.578796148300171
1777498865759603968,-0.0003392135258764029,-0.01685342565178871,-1.578794479370117
1777498865769642240,-0.0003280379460193217,-0.016859270632267,-1.578794002532959
1777498865779661568,-0.0003303554258309305,-0.01686077192425728,-1.578791975975037
1777498865789661184,-0.0003307857550680637,-0.01685718446969986,-1.578794598579407
1777498865799641600,-0.0003262262616772205,-0.01685559935867786,-1.578793048858643
1777498865809602560,-0.0003270394227001816,-0.01685692369937897,-1.578789949417114
1777498865819544064,-0.0003343261778354645,-0.01685657352209091,-1.578792572021484
1777498865829466112,-0.0003380408161319792,-0.01685353368520737,-1.578792691230774
1777498865839368960,-0.0003397509572096169,-0.01685187593102455,-1.578794121742249
1777498865849252096,-0.0003369556798133999,-0.01685501448810101,-1.578798174858093
1777498865859122176,-0.0003402856236789376,-0.01685585267841816,-1.578796982765198
1777498865868972800,-0.0003444343456067145,-0.01685510016977787,-1.578800559043884
1777498865878804480,-0.0003476273559499532,-0.01685573905706406,-1.578798174858093
1777498865888616448,-0.0003469772345852107,-0.01685735955834389,-1.578795433044434
1777498865898409472,-0.0003549634711816907,-0.01685254089534283,-1.578792929649353
1777498865908415488,-0.000354565738234669,-0.01684901304543018,-1.578792572021484
1777498865918633472,-0.0003520936879795045,-0.01685348153114319,-1.578798174858093
1777498865928831744,-0.00034976692404598,-0.01685689017176628,-1.578800916671753
1777498865939010560,-0.0003449597279541194,-0.01686070486903191,-1.578806161880493
1777498865949169408,-0.0003459163126535714,-0.01686041802167892,-1.578801870346069
1777498865959309056,-0.0003422650042921305,-0.01686268299818039,-1.578799247741699
1777498865969428736,-0.000345764507073909,-0.01686181500554085,-1.578792452812195
1777498865979528704,-0.0003439798892941326,-0.01687133871018887,-1.578793525695801
1777498865989608960,-0.0003474840486887842,-0.01687625795602798,-1.578789591789246
1777498865999671296,-0.0003461157612036914,-0.01687772572040558,-1.578789472579956
1777498866009715712,-0.0003450985823292285,-0.01687558740377426,-1.578795433044434
1777498866019740416,-0.000340371421771124,-0.01687349751591682,-1.578794240951538
1777498866029745920,-0.0003329719183966517,-0.01686808466911316,-1.578797698020935
1777498866039732224,-0.0003326552105136216,-0.01686353981494904,-1.578797936439514
1777498866049699328,-0.0003318299714010209,-0.01686970889568329,-1.578794717788696
1777498866059646976,-0.0003206804685760289,-0.01687426492571831,-1.578790783882141
1777498866069575424,-0.0003179317864123732,-0.01687951013445854,-1.578789353370667
1777498866079484672,-0.0003182000655215234,-0.01688424497842789,-1.578787446022034
1777498866089374976,-0.0003183230583090335,-0.01688955910503864,-1.578787326812744
1777498866099246336,-0.0003222640079911798,-0.01688867993652821,-1.578787326812744
1777498866109098496,-0.0003160176856908947,-0.01688963733613491,-1.578788161277771
1777498866118931968,-0.0003178656625095755,-0.01688509248197079,-1.578789710998535
1777498866128745984,-0.0003232476301491261,-0.01688395254313946,-1.578790545463562
1777498866138540800,-0.0003266353742219508,-0.01689295284450054,-1.578791737556458
1777498866148316672,-0.0003323060809634626,-0.01689287833869457,-1.578788757324219
1777498866158535680,-0.0003342705313116312,-0.0168983917683363,-1.578786611557007
1777498866168734720,-0.0003267471620347351,-0.01689711585640907,-1.578788161277771
1777498866178913792,-0.0003321412659715861,-0.01690073870122433,-1.578786253929138
1777498866189072896,-0.0003330522449687123,-0.01690683700144291,-1.578786611557007
1777498866199213568,-0.0003294596390333027,-0.01690680347383022,-1.578786373138428
1777498866209334528,-0.0003261939564254135,-0.01690914668142796,-1.578787088394165
1777498866219435520,-0.0003249197325203568,-0.01691193878650665,-1.578784227371216
1777498866229517312,-0.0003171858261339366,-0.01690773107111454,-1.578781843185425
1777498866239579392,-0.000314248027279973,-0.0169089250266552,-1.578783631324768
1777498866249621760,-0.0003115142462775111,-0.01691503636538982,-1.578786015510559
1777498866259644672,-0.0003138913016300648,-0.01691591180860996,-1.578789710998535
1777498866269647872,-0.0003107113298028708,-0.01691870018839836,-1.578790545463562
1777498866279632128,-0.0003091800026595592,-0.01691514067351818,-1.578791379928589
1777498866289596928,-0.0003119604079984128,-0.01691713556647301,-1.578789353370667
1777498866299542016,-0.0003093197592534125,-0.01691915094852448,-1.578788042068481
1777498866309467648,-0.0003079253656323999,-0.01692064292728901,-1.578788638114929
1777498866319374080,-0.000311574840452522,-0.01692640036344528,-1.578788995742798
1777498866329261056,-0.000310560513753444,-0.01693147048354149,-1.578788638114929
1777498866339128832,-0.0003093021514359862,-0.01693645119667053,-1.578787088394165
1777498866348977408,-0.0003117835149168968,-0.01693417876958847,-1.578788161277771
1777498866358807808,-0.0003102894988842309,-0.01693598367273808,-1.57879102230072
1777498866368625408,-0.0003039937582798302,-0.01694190129637718,-1.578785300254822
1777498866378424320,-0.000300809129839763,-0.01694216579198837,-1.578782320022583
1777498866388204800,-0.0003010866930708289,-0.0169439222663641,-1.578778266906738
1777498866398425344,-0.0002992275403812528,-0.01694868691265583,-1.578775644302368
1777498866408625920,-0.0003032924432773143,-0.01694940403103828,-1.578769445419312
1777498866418806784,-0.0003104748902842402,-0.01694709435105324,-1.57876992225647
1777498866428968448,-0.0003118646272923797,-0.01694679260253906,-1.578767061233521
1777498866439110144,-0.0003132692945655435,-0.01695230230689049,-1.578760862350464
1777498866449232384,-0.0003128603857476264,-0.01695124246180058,-1.578765511512756
1777498866459334656,-0.000309152266709134,-0.01695471629500389,-1.578764319419861
1777498866469417472,-0.0003089976380579174,-0.01695329137146473,-1.578770995140076
1777498866479480320,-0.0003018692077603191,-0.01695740967988968,-1.578768730163574
1777498866489523200,-0.0002985578903462738,-0.01696161553263664,-1.578762173652649
1777498866499546624,-0.0002971868088934571,-0.01696493476629257,-1.578759551048279
1777498866509551104,-0.0002921299019362777,-0.01696236990392208,-1.578763604164124
1777498866519536128,-0.0002871671167667955,-0.01696592010557652,-1.578762531280518
1777498866529502208,-0.0002868476149160415,-0.01696267537772655,-1.578761577606201
1777498866539448832,-0.0002843652910087258,-0.01696671731770039,-1.578758239746094
1777498866549377536,-0.0002768093545455486,-0.01697089150547981,-1.578752517700195
1777498866559289344,-0.000276457256404683,-0.01697021722793579,-1.578754067420959
1777498866569181952,-0.0002788268902804703,-0.01697123982012272,-1.578752040863037
1777498866579055360,-0.0002747265971265733,-0.01696818321943283,-1.578750491142273
1777498866588909568,-0.0002707399544306099,-0.0169625747948885,-1.578748822212219
1777498866598744832,-0.0002692654670681804,-0.01696472428739071,-1.578750610351562
1777498866608560640,-0.0002667663502506912,-0.01696493476629257,-1.5787513256073
1777498866618357504,-0.0002608944778330624,-0.01696650497615337,-1.578752875328064
1777498866628135424,-0.0002640167367644608,-0.01696483232080936,-1.57875382900238
1777498866638361088,-0.0002552713267505169,-0.01697356067597866,-1.578752636909485
1777498866648566784,-0.0002540697751101106,-0.0169787872582674,-1.578754305839539
1777498866658752512,-0.0002567355986684561,-0.01697969809174538,-1.578753113746643
1777498866668918528,-0.0002577555424068123,-0.01698114536702633,-1.578754305839539
1777498866679066112,-0.0002557026164140552,-0.01698378659784794,-1.578754305839539
1777498866689194240,-0.0002496555971447378,-0.0169835165143013,-1.578751564025879
1777498866699302656,-0.0002486049488652498,-0.01698717847466469,-1.578750014305115
1777498866709391872,-0.0002501996350474656,-0.01699267327785492,-1.578747749328613
1777498866719461632,-0.0002580061554908752,-0.01699214801192284,-1.578751564025879
1777498866729511936,-0.0002562168228905648,-0.01698987931013107,-1.578753352165222
1777498866739542528,-0.0002535751846153289,-0.01698758080601692,-1.578755378723145
1777498866749553664,-0.0002491172635927796,-0.01698917895555496,-1.578751683235168
1777498866759545856,-0.0002471435000188649,-0.01699262298643589,-1.578748941421509
1777498866769519104,-0.0002518492401577532,-0.01699323020875454,-1.57875382900238
1777498866779473408,-0.0002448111481498927,-0.01699636317789555,-1.578758597373962
1777498866789411584,-0.0002382835082244128,-0.01699655130505562,-1.57876193523407
1777498866799330560,-0.0002372421440668404,-0.01699600741267204,-1.57875657081604
1777498866809230592,-0.0002352367009734735,-0.01699393801391125,-1.578756332397461
1777498866819111424,-0.0002292865538038313,-0.01699310354888439,-1.578750848770142
1777498866828973056,-0.000230725621804595,-0.01698866486549377,-1.578749418258667
1777498866838815744,-0.0002361541701247916,-0.01699117757380009,-1.578745365142822
1777498866848638976,-0.0002426361752441153,-0.01698930375277996,-1.578745365142822
1777498866858443520,-0.0002471230109222233,-0.01699023880064487,-1.578741788864136
1777498866868229632,-0.0002428159350529313,-0.016988230869174,-1.578743577003479
1777498866878455808,-0.0002469916653353721,-0.01698603853583336,-1.578740119934082
1777498866888662528,-0.0002433738845866174,-0.01698866300284863,-1.578739166259766
1777498866898849792,-0.0002475654764566571,-0.01699788868427277,-1.578736543655396
1777498866909017088,-0.0002503887517377734,-0.01699955947697163,-1.578736424446106
1777498866919164416,-0.0002533628430683166,-0.01699457503855228,-1.57873809337616
1777498866929292288,-0.0002542328438721597,-0.01699445955455303,-1.578735947608948
1777498866939401472,-0.0002528365876059979,-0.01699630171060562,-1.578733325004578
1777498866949491968,-0.0002558023552410305,-0.01699604839086533,-1.578734397888184
1777498866959563008,-0.0002545243769418448,-0.01699190028011799,-1.57873523235321
1777498866969614592,-0.0002504380536265671,-0.01698722504079342,-1.578734397888184
1777498866979646464,-0.0002576298429630697,-0.01698850281536579,-1.578740358352661
1777498866989659136,-0.0002570299839135259,-0.01699217967689037,-1.57874071598053
1777498866999652608,-0.000250452954787761,-0.01699177362024784,-1.578734040260315
1777498867009626624,-0.0002502611314412206,-0.01699977368116379,-1.578733801841736
1777498867019581440,-0.0002520048583392054,-0.01700687408447266,-1.578732490539551
1777498867029517056,-0.0002531505306251347,-0.01700793765485287,-1.578731775283813
1777498867039433216,-0.0002521892893128097,-0.01700948737561703,-1.578730344772339
1777498867049330176,-0.000250902958214283,-0.01701321452856064,-1.578728795051575
1777498867059207936,-0.0002520672860555351,-0.01701653562486172,-1.578731894493103
1777498867069065984,-0.0002517617831472307,-0.01701898500323296,-1.578733086585999
1777498867078905088,-0.0002502602874301374,-0.01702531054615974,-1.578736543655396
1777498867088724480,-0.0002511349448468536,-0.01702880300581455,-1.578737139701843
1777498867098525440,-0.000254778831731528,-0.01703394018113613,-1.578735828399658
1777498867108307712,-0.0002527128672227263,-0.01703708991408348,-1.578733921051025
1777498867118307584,-0.0002433498739264905,-0.01703781448304653,-1.578731536865234
1777498867128524544,-0.0002426233550067991,-0.01704195886850357,-1.578736543655396
1777498867138721536,-0.0002446530270390213,-0.01704747229814529,-1.578739285469055
1777498867148898560,-0.0002455658395774662,-0.0170445628464222,-1.578744053840637
1777498867159055872,-0.0002417151699773967,-0.01703883893787861,-1.578742265701294
1777498867169194496,-0.0002377238852204755,-0.01704316772520542,-1.578741312026978
1777498867179314432,-0.0002360640210099518,-0.01704230159521103,-1.578742980957031
1777498867189414656,-0.0002383041864959523,-0.0170443169772625,-1.578741312026978
1777498867199495424,-0.0002304445515619591,-0.01704811491072178,-1.578734278678894
1777498867209556736,-0.0002328878035768867,-0.01705326698720455,-1.578731656074524
1777498867219599104,-0.0002299257757840678,-0.01705672964453697,-1.578724980354309
1777498867229622016,-0.0002337596524739638,-0.01705857738852501,-1.578727841377258
1777498867239625472,-0.0002294581790920347,-0.01705875061452389,-1.578727722167969
1777498867249609984,-0.0002258255262859166,-0.01706284657120705,-1.578731656074524
1777498867259575552,-0.0002223455958301201,-0.01706487312912941,-1.578733205795288
1777498867269521408,-0.0002190016530221328,-0.01706456020474434,-1.578736901283264
1777498867279447808,-0.0002131315995939076,-0.01706083677709103,-1.578738927841187
1777498867289355264,-0.0002162976306863129,-0.01706473529338837,-1.578739285469055
1777498867299243264,-0.0002132285153493285,-0.01707329042255878,-1.578737378120422
1777498867309112320,-0.0002099293051287532,-0.0170795600861311,-1.578730225563049
1777498867318961664,-0.0002094114315696061,-0.01708288304507732,-1.578734278678894
1777498867328793088,-0.0002123697340721264,-0.01708048582077026,-1.578733086585999
1777498867338611456,-0.0002081055426970124,-0.0170864500105381,-1.578728199005127
1777498867348411136,-0.0002046414301730692,-0.01708110608160496,-1.578728199005127
1777498867358420480,-0.0002073305658996105,-0.01708625443279743,-1.578730225563049
1777498867368638464,-0.000211154212593101,-0.01708746887743473,-1.578723430633545
1777498867378836224,-0.0002087631291942671,-0.01708120480179787,-1.578724145889282
1777498867389014272,-0.0002088693290716037,-0.01708364859223366,-1.578721880912781
1777498867399173120,-0.0002110638451995328,-0.01708352938294411,-1.57872486114502
1777498867409313280,-0.000202639726921916,-0.01708193682134151,-1.57872474193573
1777498867419433728,-0.0002044374705292284,-0.01708988286554813,-1.578724384307861
1777498867429534720,-0.0002080114791169763,-0.01709380373358727,-1.57871675491333
1777498867439616768,-0.0002062231069430709,-0.01710029318928719,-1.578719258308411
1777498867449679104,-0.0002044263383140787,-0.01710349507629871,-1.578718900680542
1777498867459722240,-0.000204975891392678,-0.01710312440991402,-1.578721165657043
1777498867469745664,-0.0002047989255515859,-0.01710349693894386,-1.578717827796936
1777498867479750144,-0.0002007591829169542,-0.01710346341133118,-1.578717231750488
1777498867489735424,-0.0002000875974772498,-0.01710409484803677,-1.578719258308411
1777498867499700992,-0.0002029844181379303,-0.01709894649684429,-1.578719258308411
1777498867509647104,-0.0002038534730672836,-0.01709788851439953,-1.578718423843384
1777498867519574272,-0.0002007433649851009,-0.01710496470332146,-1.578715682029724
1777498867529484288,-0.0002028950257226825,-0.01710777543485165,-1.578713417053223
1777498867539376640,-0.0002023864653892815,-0.01710840314626694,-1.578711628913879
1777498867549249792,-0.0001984976115636528,-0.01710646972060204,-1.578712821006775
1777498867559104000,-0.0001948844874277711,-0.01710713468492031,-1.578714489936829
1777498867568939008,-0.0001968498690985143,-0.01711132563650608,-1.578710079193115
1777498867578754816,-0.0001907870027935132,-0.01711049489676952,-1.578713178634644
1777498867588551936,-0.0001894363958854228,-0.01711323484778404,-1.578718304634094
1777498867598330112,-0.0001897689362522215,-0.01711382530629635,-1.578718900680542
1777498867608548352,-0.0001986429415410385,-0.01711292006075382,-1.578719973564148
1777498867618747136,-0.0001989130832953379,-0.01711697317659855,-1.578717589378357
1777498867628925952,-0.0001943014358403161,-0.01711860857903957,-1.578718543052673
1777498867639084800,-0.0001962351379916072,-0.0171202402561903,-1.578717708587646
1777498867649224960,-0.0001974870392587036,-0.01712428778409958,-1.578715682029724
1777498867659345664,-0.0001930048310896382,-0.01711814664304256,-1.578717827796936
1777498867669446656,-0.0001934882457135245,-0.01711491495370865,-1.578716516494751
1777498867679527936,-0.0001913282030727714,-0.01711292378604412,-1.578710675239563
1777498867689589760,-0.000183789903530851,-0.01711228676140308,-1.5787113904953
1777498867699632128,-0.0001778555888449773,-0.01711864583194256,-1.578714609146118
1777498867709655040,-0.0001755325502017513,-0.01712307520210743,-1.578717470169067
1777498867719658752,-0.0001776339049683884,-0.0171204786747694,-1.578724503517151
1777498867729643008,-0.0001794176641851664,-0.01712335646152496,-1.578723907470703
1777498867739607808,-0.0001769893424352631,-0.01712293364107609,-1.578722715377808
1777498867749552896,-0.0001698292326182127,-0.01712749525904655,-1.578722834587097
1777498867759478528,-0.0001658500405028462,-0.01713201589882374,-1.578722238540649
1777498867769384960,-0.000160299488925375,-0.01713177375495434,-1.578725695610046
1777498867779271680,-0.00016067671822384,-0.01712996326386929,-1.578723311424255
1777498867789139456,-0.000160087103722617,-0.01713122613728046,-1.578723073005676
1777498867798988288,-0.0001670190395088866,-0.01713293418288231,-1.578718662261963
1777498867808823040,-0.0001648179750191048,-0.01712858863174915,-1.578720211982727
1777498867818638336,-0.000159876566613093,-0.01712089404463768,-1.578723549842834
1777498867828434688,-0.0001642590941628441,-0.01712507754564285,-1.578726649284363
1777498867838212096,-0.0001619528047740459,-0.01712550781667233,-1.578730225563049
1777498867848431872,-0.0001602920237928629,-0.01712985523045063,-1.578730344772339
1777498867858632192,-0.0001568763545947149,-0.01712414063513279,-1.578731179237366
1777498867868813056,-0.0001613184867892414,-0.01712672412395477,-1.578732132911682
1777498867878974720,-0.0001621195551706478,-0.0171312540769577,-1.578735828399658
1777498867889116672,-0.0001616286899661645,-0.01713401079177856,-1.578731417655945
1777498867899239424,-0.0001579857489559799,-0.01713684760034084,-1.578733921051025
1777498867909342208,-0.0001573737827129662,-0.01713378168642521,-1.578735589981079
1777498867919425792,-0.0001628675381653011,-0.01713715307414532,-1.578738451004028
1777498867929489664,-0.000159717325004749,-0.01712949201464653,-1.578735113143921
1777498867939533824,-0.0001540270168334246,-0.01712361350655556,-1.57873547077179
1777498867949558528,-0.000157589849550277,-0.01712585985660553,-1.578736186027527
1777498867959566080,-0.000156761787366122,-0.01712863706052303,-1.578740000724792
1777498867969555968,-0.0001603488344699144,-0.017127500846982,-1.578740000724792
1777498867979526400,-0.000150845167809166,-0.01713095232844353,-1.578738927841187
1777498867989477632,-0.0001545495906611905,-0.01713332161307335,-1.578744173049927
1777498867999409664,-0.0001503012026660144,-0.0171296801418066,-1.57874608039856
1777498868009323264,-0.0001493669406045228,-0.01713153906166553,-1.578745722770691
1777498868019217664,-0.0001502071099821478,-0.01712892949581146,-1.578746438026428
1777498868029092608,-0.0001468939008191228,-0.01712445169687271,-1.578745603561401
1777498868038948864,-0.0001458338956581429,-0.01712363585829735,-1.578745722770691
1777498868048786176,-0.0001426669332431629,-0.01712153106927872,-1.578744530677795
1777498868058604544,-0.0001438675972167403,-0.01712696813046932,-1.578744888305664
1777498868068403712,-0.0001428280957043171,-0.01712899282574654,-1.578743815422058
1777498868078183680,-0.0001306352933170274,-0.0171290822327137,-1.578742861747742
1777498868088410368,-0.0001358142035314813,-0.01712639629840851,-1.578743934631348
1777498868098617344,-0.0001429352123523131,-0.0171312503516674,-1.578743696212769
1777498868108804608,-0.0001448670664103702,-0.01713121123611927,-1.5787513256073
1777498868118972928,-0.0001456205936847255,-0.01712470501661301,-1.578755617141724
1777498868129121792,-0.00015290554438252,-0.01712904125452042,-1.578756928443909
1777498868139250688,-0.0001517663768026978,-0.01712661422789097,-1.57875919342041
1777498868149360384,-0.0001503636012785137,-0.01712884195148945,-1.578758478164673
1777498868159450368,-0.0001505200634710491,-0.01712223142385483,-1.578755378723145
1777498868169520896,-0.0001458693004678935,-0.01712481863796711,-1.57875382900238
1777498868179571712,-0.0001353270345134661,-0.01712132059037685,-1.578750610351562
1777498868189603328,-0.0001318294234806672,-0.0171307809650898,-1.578750133514404
1777498868199615744,-0.0001285162143176422,-0.01712550595402718,-1.578746676445007
1777498868209611520,-0.0001314950204687193,-0.01712343655526638,-1.578748345375061
1777498868219588096,-0.0001242315047420561,-0.01712294481694698,-1.578749179840088
1777498868229545472,-0.0001130959135480225,-0.01712669245898724,-1.578750252723694
1777498868239483392,-0.0001114733095164411,-0.01712675951421261,-1.578748464584351
1777498868249402368,-0.0001131340977735817,-0.01712396368384361,-1.578750014305115
1777498868259302144,-0.0001140245658461936,-0.01711989752948284,-1.578746795654297
1777498868269182976,-0.0001150547614088282,-0.01712007634341717,-1.578745007514954
1777498868279044864,-0.0001221608545165509,-0.01712076924741268,-1.578744292259216
1777498868288888064,-0.0001137516446760856,-0.01712122745811939,-1.578740000724792
1777498868298712320,-0.0001135988713940606,-0.01711559481918812,-1.578735709190369
1777498868308517632,-0.0001065402757376432,-0.01711090281605721,-1.578730583190918
1777498868318303744,-0.0001089462384697981,-0.01711331680417061,-1.578725457191467
1777498868328538880,-0.0001020357303787023,-0.0171077623963356,-1.578726649284363
1777498868338754560,-9.869084897218272e-05,-0.01710152439773083,-1.578731775283813
1777498868348950272,-9.326230792794377e-05,-0.01709872856736183,-1.578730583190918
1777498868359126528,-9.55658033490181e-05,-0.01709557138383389,-1.578730821609497
1777498868369283584,-9.868246706901118e-05,-0.01709986664354801,-1.578733205795288
1777498868379420928,-9.77370364125818e-05,-0.01709984242916107,-1.578733325004578
1777498868389538560,-9.574837167747319e-05,-0.01710011623799801,-1.578735589981079
1777498868399636480,-9.721263631945476e-05,-0.01710846088826656,-1.578736305236816
1777498868409714944,-9.480948210693896e-05,-0.01711013168096542,-1.57873547077179
1777498868419773696,-9.141617920249701e-05,-0.01711355522274971,-1.578734755516052
1777498868429812992,-8.700385660631582e-05,-0.01711307466030121,-1.578737139701843
1777498868439832832,-9.505910566076636e-05,-0.01710604690015316,-1.578737020492554
1777498868449833472,-9.807423339225352e-05,-0.01710275001823902,-1.578734993934631
1777498868459814400,-0.0001003898287308402,-0.01709998026490211,-1.578741073608398
1777498868469775616,-0.0001067023331415839,-0.0171050950884819,-1.578742980957031
1777498868479717376,-0.0001053638334269635,-0.01710827834904194,-1.578742623329163
1777498868489639936,-9.440056601306424e-05,-0.01711097173392773,-1.578744649887085
1777498868499543040,-8.526389865437523e-05,-0.01711710169911385,-1.57874608039856
1777498868509429760,-8.564113522879779e-05,-0.01711940579116344,-1.578750133514404
1777498868519300608,-8.807131234789267e-05,-0.01711844094097614,-1.578751683235168
1777498868529152256,-8.428958972217515e-05,-0.01711846329271793,-1.578751683235168
1777498868538984448,-8.65297406562604e-05,-0.0171103198081255,-1.578747153282166
1777498868548797696,-7.691149221500382e-05,-0.01711071841418743,-1.578747749328613
1777498868558592000,-7.886476669227704e-05,-0.0171111635863781,-1.578747630119324
1777498868568596992,-7.629673928022385e-05,-0.01711295917630196,-1.578749060630798
1777498868578812160,-7.712480146437883e-05,-0.01711517758667469,-1.578747272491455
1777498868589007616,-7.68388417782262e-05,-0.0171090941876173,-1.57874071598053
1777498868599183872,-7.842697232263163e-05,-0.01710878126323223,-1.578740000724792
1777498868609340416,-7.331233791774139e-05,-0.01710991561412811,-1.578742265701294
1777498868619477248,-7.494425517506897e-05,-0.0171123705804348,-1.578737258911133
1777498868629594368,-7.488744449801743e-05,-0.01711725071072578,-1.578733682632446
1777498868639691776,-7.11103857611306e-05,-0.01712362468242645,-1.578737020492554
1777498868649769472,-7.248242036439478e-05,-0.01712159998714924,-1.578734517097473
1777498868659827456,-7.36541987862438e-05,-0.01711997948586941,-1.578731656074524
1777498868669865984,-7.476820610463619e-05,-0.01710961572825909,-1.57873809337616
1777498868679885312,-8.259432797785848e-05,-0.01711186394095421,-1.578742742538452
1777498868689885440,-8.20736531750299e-05,-0.01711695827543736,-1.578742146492004
1777498868699866368,-8.336558676091954e-05,-0.01711792685091496,-1.578741788864136
1777498868709827584,-7.867476233514026e-05,-0.01711972057819366,-1.578749060630798
1777498868719772672,-7.183039269875735e-05,-0.0171181932091713,-1.578748226165771
1777498868729698304,-6.847714394098148e-05,-0.01712243631482124,-1.578746557235718
1777498868739604736,-7.087193080224097e-05,-0.0171201266348362,-1.578751802444458
1777498868749491968,-7.374734559562057e-05,-0.01712487637996674,-1.578748226165771
1777498868759359744,-7.163852569647133e-05,-0.01712824404239655,-1.578745007514954
1777498868769208320,-7.490422285627574e-05,-0.01712712831795216,-1.578741788864136
1777498868779037952,-7.765389455016702e-05,-0.01712759025394917,-1.578745365142822
1777498868788848128,-7.752815145067871e-05,-0.01713517308235168,-1.578749656677246
1777498868798639616,-7.405753422062844e-05,-0.01713040471076965,-1.578746795654297
1777498868808644352,-6.531577673740685e-05,-0.01712474226951599,-1.578749179840088
1777498868818861568,-6.536794535350055e-05,-0.0171273946762085,-1.578747630119324
1777498868829058816,-6.302811380010098e-05,-0.01712320186197758,-1.578741550445557
1777498868839236608,-5.836616401211359e-05,-0.01712660305202007,-1.578742861747742
1777498868849395456,-5.164568574400619e-05,-0.01712658628821373,-1.578738927841187
1777498868859534848,-5.593878449872136e-05,-0.01713229715824127,-1.578734397888184
1777498868869654528,-5.280256664264016e-05,-0.01713610626757145,-1.578735709190369
1777498868879754752,-5.136997788213193e-05,-0.01713230460882187,-1.578734397888184
1777498868889835264,-5.289850378176197e-05,-0.01713060773909092,-1.578734159469604
1777498868899896320,-4.918104605167173e-05,-0.01712840236723423,-1.57873797416687
1777498868909937920,-5.135414176038466e-05,-0.01713111996650696,-1.57874608039856
1777498868919960320,-5.176304694032297e-05,-0.01712618581950665,-1.578746676445007
1777498868929966336,-5.317700197338127e-05,-0.01712462306022644,-1.57874596118927
1777498868939952896,-5.27047595824115e-05,-0.0171312503516674,-1.578745722770691
1777498868949920000,-4.723337042378262e-05,-0.01713545620441437,-1.578741669654846
1777498868959867648,-4.937199992127717e-05,-0.01713608764111996,-1.578738331794739
1777498868969796864,-5.126007090439089e-05,-0.01713895238935947,-1.578735589981079
1777498868979706368,-5.488717943080701e-05,-0.0171414352953434,-1.578733563423157
1777498868989596416,-5.08465054736007e-05,-0.01713911443948746,-1.578731536865234
1777498868999467776,-5.136905383551493e-05,-0.01714019104838371,-1.578731417655945
1777498869009319936,-4.067124609719031e-05,-0.01714200153946877,-1.578730225563049
1777498869019153152,-4.012913996120915e-05,-0.01714795082807541,-1.578729867935181
1777498869028966912,-3.726210707100108e-05,-0.01714758016169071,-1.578732252120972
1777498869038761728,-3.838544580503367e-05,-0.01714548282325268,-1.578735113143921
1777498869048537600,-3.397032924112864e-05,-0.01715090498328209,-1.578738927841187
1777498869058756096,-3.25479923048988e-05,-0.01714758016169071,-1.57874071598053
1777498869068954368,-3.07027657981962e-05,-0.01714420318603516,-1.578739404678345
1777498869079133440,-3.233188908779994e-05,-0.01714740879833698,-1.578735113143921
1777498869089293568,-3.509552698233165e-05,-0.0171433612704277,-1.578729391098022
1777498869099433984,-3.620303687057458e-05,-0.017144575715065,-1.578733086585999
1777498869109554688,-4.219604670652188e-05,-0.01714699529111385,-1.578738689422607
1777498869119655936,-4.604017885867506e-05,-0.01714499853551388,-1.578737497329712
1777498869129737216,-4.677882679970935e-05,-0.01714435778558254,-1.578736066818237
1777498869139798784,-4.174242712906562e-05,-0.01714534498751163,-1.578736186027527
1777498869149840896,-4.452469147508964e-05,-0.01714199781417847,-1.578737020492554
1777498869159863552,-4.203024218440987e-05,-0.01714301109313965,-1.578739404678345
1777498869169867008,-4.237488610669971e-05,-0.01714741997420788,-1.578739404678345
1777498869179851008,-3.872264278470539e-05,-0.01715851575136185,-1.578739404678345
1777498869189817344,-3.88595690310467e-05,-0.01716063730418682,-1.578738808631897
1777498869199766016,-3.827088585239835e-05,-0.01715818047523499,-1.578738451004028
1777498869209695232,-3.705905692186207e-05,-0.01715837605297565,-1.578742265701294
1777498869219605248,-4.052129224874079e-05,-0.01716290041804314,-1.578746318817139
1777498869229495808,-4.54487199021969e-05,-0.01716830767691135,-1.578743696212769
1777498869239367168,-4.493828237173147e-05,-0.01717013865709305,-1.578747034072876
1777498869249219328,-4.373949559521861e-05,-0.01717446371912956,-1.578749537467957
1777498869259052288,-3.778747486649081e-05,-0.01718243770301342,-1.578748345375061
1777498869268866304,-3.169106639688835e-05,-0.0171853955835104,-1.578750133514404
1777498869278661632,-3.145913797197863e-05,-0.01719141378998756,-1.578753352165222
1777498869288437760,-3.063852273044176e-05,-0.01719520054757595,-1.57875669002533
1777498869298657792,-3.061523602809757e-05,-0.01719627901911736,-1.578759908676147
1777498869308857856,-3.285353523097001e-05,-0.0171956866979599,-1.578757882118225
1777498869319037952,-3.322239354019985e-05,-0.01719783246517181,-1.578756928443909
1777498869329197824,-3.012249362654984e-05,-0.01719391345977783,-1.57876181602478
1777498869339338752,-3.052674583159387e-05,-0.0171939805150032,-1.578760266304016
1777498869349460992,-2.731879430939443e-05,-0.01718885079026222,-1.578762292861938
1777498869359563264,-2.356221557420213e-05,-0.01718886382877827,-1.578758716583252
1777498869369646080,-2.278165447933134e-05,-0.01719213835895061,-1.578758597373962
1777498869379709696,-2.173934990423732e-05,-0.01719089783728123,-1.578758120536804
1777498869389753600,-2.301824679307174e-05,-0.01719501242041588,-1.578758120536804
1777498869399777792,-2.270155164296739e-05,-0.0171992052346468,-1.578759551048279
1777498869409782528,-2.632958967296872e-05,-0.01720273308455944,-1.578759908676147
1777498869419767808,-2.341877552680671e-05,-0.01719724573194981,-1.578757166862488
1777498869429733632,-2.080509693769272e-05,-0.01719794422388077,-1.578757166862488
1777498869439680256,-2.643204788910225e-05,-0.01719588041305542,-1.578753709793091
1777498869449607424,-3.065063356189057e-05,-0.01719653233885765,-1.578754305839539
1777498869459515392,-2.704029247979634e-05,-0.01719904318451881,-1.57875669002533
1777498869469403648,-2.617776226543356e-05,-0.01720174960792065,-1.5787593126297
1777498869479272448,-1.914989297802094e-05,-0.01720175705850124,-1.5787593126297
1777498869489122048,-1.203633109980728e-05,-0.01720140501856804,-1.57876181602478
1777498869498952960,-1.418055217072833e-05,-0.01719791069626808,-1.57875919342041
1777498869508765184,-1.653155959502328e-05,-0.01720326393842697,-1.578759670257568
1777498869518558464,-2.123729609593283e-05,-0.01719881966710091,-1.5787593126297
1777498869528335872,-1.493410218245117e-05,-0.0171954333782196,-1.578755617141724
1777498869538560512,-1.868509571067989e-05,-0.01719980128109455,-1.578759670257568
1777498869548765440,-2.000218046305235e-05,-0.01720419712364674,-1.57876455783844
1777498869558950912,-2.262238012917805e-05,-0.01720560528337955,-1.578765988349915
1777498869569116672,-2.647303881531116e-05,-0.01720740832388401,-1.578763961791992
1777498869579263488,-1.831064946600236e-05,-0.01720810867846012,-1.57876455783844
1777498869589390592,-2.031515396083705e-05,-0.01720929518342018,-1.578767418861389
1777498869599498240,-1.307025377172977e-05,-0.01720977760851383,-1.578770279884338
1777498869609586176,-6.202595614013262e-06,-0.01721327938139439,-1.578770995140076
1777498869619654400,-8.208962753997184e-06,-0.01721706986427307,-1.578772664070129
1777498869629703424,-1.14662793748721e-06,-0.01721506379544735,-1.578777432441711
1777498869639732736,-4.311731117923046e-06,-0.01721411943435669,-1.578780770301819
1777498869649742848,-8.441827958449721e-06,-0.01721864938735962,-1.578776478767395
1777498869659733760,-2.32958313972631e-06,-0.0172199085354805,-1.578781723976135
1777498869669705216,-3.083135027281969e-07,-0.01722448132932186,-1.578780174255371
1777498869679657216,-5.098816018289654e-06,-0.01722599379718304,-1.578783392906189
1777498869689589504,-4.844527666136855e-06,-0.01722896657884121,-1.578784108161926
1777498869699502592,-4.38997449236922e-06,-0.01722557097673416,-1.578784465789795
1777498869709399552,-4.507338871917455e-06,-0.01722803898155689,-1.578783750534058
1777498869719280640,-2.799971298372839e-06,-0.01722874492406845,-1.578779697418213
1777498869729142528,-8.190333574020769e-06,-0.01722204498946667,-1.578777074813843
1777498869738984960,-6.837853561592055e-06,-0.01722551882266998,-1.578776836395264
1777498869748808704,-6.597536867047893e-06,-0.01723033376038074,-1.578782081604004
1777498869758613248,-6.589154054381652e-06,-0.01723203621804714,-1.578781247138977
1777498869768398848,-5.045723355578957e-06,-0.01722954027354717,-1.578778505325317
1777498869778625024,-1.062424234987702e-05,-0.01723191328346729,-1.578784108161926
1777498869788831488,-1.154266283265315e-05,-0.01723005063831806,-1.578782439231873
1777498869799018496,-5.563616014114814e-06,-0.01723554544150829,-1.578782677650452
1777498869809185536,-2.500041091479943e-06,-0.01723702251911163,-1.578786611557007
1777498869819333120,1.380425146635389e-06,-0.01723990403115749,-1.578789114952087
1777498869829461248,2.726386355789145e-06,-0.01724104955792427,-1.578788757324219
1777498869839570944,4.949783487973036e-06,-0.01723790541291237,-1.57878565788269
1777498869849661440,8.895452083379496e-06,-0.01724017038941383,-1.578785538673401
1777498869859732224,1.056742530636257e-05,-0.01724165305495262,-1.578785061836243
1777498869869783296,9.715137821331155e-06,-0.01723982021212578,-1.578783273696899
1777498869879815424,1.235117451869883e-05,-0.01724535599350929,-1.578781723976135
1777498869889827840,1.338230231340276e-05,-0.01724944449961185,-1.578785300254822
1777498869899821312,1.133774458139669e-05,-0.01724778302013874,-1.578782916069031
1777498869909795328,1.823800812417176e-05,-0.0172446146607399,-1.578780889511108
1777498869919750656,1.606024852662813e-05,-0.01723718643188477,-1.578782677650452
1777498869929686784,1.311124469793867e-05,-0.0172402448952198,-1.578783512115479
1777498869939603712,1.448049260943662e-05,-0.01724026910960674,-1.578784346580505
1777498869949501440,1.426718881702982e-05,-0.01724451221525669,-1.578786969184875
1777498869959379712,2.11031820072094e-05,-0.01724739000201225,-1.578788638114929
1777498869969238784,2.295399463037029e-05,-0.01724288426339626,-1.578794240951538
1777498869979078656,2.482064337527845e-05,-0.01724639348685741,-1.578797936439514
1777498869988899328,2.222466173407156e-05,-0.0172475129365921,-1.578803777694702
1777498869998708480,2.540746390877757e-05,-0.01724609546363354,-1.578801870346069
1777498870008498944,2.443129415041767e-05,-0.01724938862025738,-1.578796744346619
1777498870018502656,2.766904981399421e-05,-0.01724390499293804,-1.578795194625854
1777498870028718592,2.555184255470522e-05,-0.01725059933960438,-1.578792214393616
1777498870038914816,3.098226079600863e-05,-0.0172480009496212,-1.57879102230072
1777498870049091072,3.734413985512219e-05,-0.01724794134497643,-1.578793168067932
1777498870059247616,4.35253168689087e-05,-0.01724815182387829,-1.578794002532959
1777498870069384704,4.237495886627585e-05,-0.01724693737924099,-1.578795194625854
1777498870079501824,4.174435889581218e-05,-0.01724743284285069,-1.578795075416565
1777498870089599232,4.534818435786292e-05,-0.01724521443247795,-1.578798532485962
1777498870099678720,4.323842586018145e-05,-0.01724850386381149,-1.578798413276672
1777498870109739008,4.576641003950499e-05,-0.01724657230079174,-1.578798294067383
1777498870119780096,4.905074456473812e-05,-0.01724951155483723,-1.578796148300171
1777498870129801472,5.121172944200225e-05,-0.01724718138575554,-1.578793048858643
1777498870139803904,5.208823131397367e-05,-0.01724336855113506,-1.578789830207825
1777498870149787136,5.956228051218204e-05,-0.01724505983293056,-1.578792810440063
1777498870159751168,5.716283703804947e-05,-0.01724531501531601,-1.578789949417114
1777498870169695744,5.688992314389907e-05,-0.01725159212946892,-1.578787565231323
1777498870179621120,5.898292147321627e-05,-0.01725520938634872,-1.578791499137878
1777498870189527040,5.413373582996428e-05,-0.01725807040929794,-1.578790187835693
1777498870199413760,5.044049612479284e-05,-0.01726300828158855,-1.578792572021484
1777498870209281280,4.798702866537496e-05,-0.0172629002481699,-1.578796148300171
1777498870219128832,4.687951513915323e-05,-0.01725883781909943,-1.57880175113678
1777498870228957440,4.565650669974275e-05,-0.01726169139146805,-1.578802227973938
1777498870238766592,3.945576827391051e-05,-0.01726176962256432,-1.57879900932312
1777498870248556544,4.925940083921887e-05,-0.01726075820624828,-1.578801274299622
1777498870258561280,5.536886237678118e-05,-0.01726778782904148,-1.578798294067383
1777498870268779008,5.774223245680332e-05,-0.01727219671010971,-1.578799486160278
1777498870278976768,5.400520967668854e-05,-0.01727261953055859,-1.578797221183777
1777498870289155328,4.777652065968141e-05,-0.0172693096101284,-1.578795909881592
1777498870299314176,4.320211883168668e-05,-0.017276331782341,-1.578793883323669
1777498870309453568,4.044592424179427e-05,-0.01727528683841228,-1.578792929649353
1777498870319573248,4.090420770808123e-05,-0.01727946847677231,-1.578794240951538
1777498870329673984,4.520569564192556e-05,-0.01727741025388241,-1.578798770904541
1777498870339754752,3.899098373949528e-05,-0.01727659814059734,-1.57879626750946
1777498870349816064,4.000627450295724e-05,-0.01727551780641079,-1.578795075416565
1777498870359857664,3.712060424732044e-05,-0.01727159693837166,-1.578795790672302
1777498870369882368,3.544769788277335e-05,-0.01727108843624592,-1.578795194625854
1777498870379888896,3.735160498763435e-05,-0.01726537942886353,-1.578791975975037
1777498870389876224,3.294300040579401e-05,-0.01727278530597687,-1.578790545463562
1777498870399844096,3.251545786042698e-05,-0.01727289147675037,-1.578786492347717
1777498870409792768,4.178536619292572e-05,-0.01727343164384365,-1.578789353370667
1777498870419722240,3.680576992337592e-05,-0.01727020554244518,-1.578788757324219
1777498870429632000,3.552128691808321e-05,-0.01727761700749397,-1.578791856765747
1777498870439522304,3.758634193218313e-05,-0.01728209666907787,-1.57878851890564
1777498870449393920,3.286755600129254e-05,-0.01728575862944126,-1.578787803649902
1777498870459246336,3.427965202718042e-05,-0.01728424802422523,-1.578788876533508
1777498870469079552,3.14275202981662e-05,-0.01728913746774197,-1.578791379928589
1777498870478893568,3.277255018474534e-05,-0.01728882640600204,-1.578793406486511
1777498870488688896,3.199571074219421e-05,-0.01728662848472595,-1.578789353370667
1777498870498465024,3.727896182681434e-05,-0.01728297024965286,-1.578790068626404
1777498870508682752,3.973895218223333e-05,-0.01728694140911102,-1.578790664672852
1777498870518880512,4.529233046923764e-05,-0.01729185320436954,-1.578788757324219
1777498870529058560,4.577110667014495e-05,-0.01729311048984528,-1.578785538673401
1777498870539216640,4.098245699424297e-05,-0.01729121990501881,-1.578781366348267
1777498870549356032,4.062385050929151e-05,-0.01729905232787132,-1.578788876533508
1777498870559476224,4.14034839195665e-05,-0.01730158366262913,-1.578789710998535
1777498870569576960,4.166336293565109e-05,-0.01730249635875225,-1.578790783882141
1777498870579657728,4.115944830118679e-05,-0.01730879582464695,-1.578788042068481
1777498870589719296,3.490840390441008e-05,-0.01730423048138618,-1.578788280487061
1777498870599761664,3.516082870191894e-05,-0.01730611734092236,-1.578791737556458
1777498870609784832,3.306224243715405e-05,-0.01729906164109707,-1.578788757324219
1777498870619788288,3.806046515819617e-05,-0.01729778572916985,-1.578786373138428
1777498870629772544,3.899379225913435e-05,-0.01729789189994335,-1.578786253929138
1777498870639737856,4.219988477416337e-05,-0.01730137318372726,-1.578785300254822
1777498870649683968,4.443167199497111e-05,-0.01730558462440968,-1.578787922859192
1777498870659610624,5.303837679093704e-05,-0.01730206236243248,-1.578787803649902
1777498870669517824,5.295547816785984e-05,-0.01730053499341011,-1.57879102230072
1777498870679406080,4.443167199497111e-05,-0.01730438321828842,-1.578795194625854
1777498870689275136,4.928179623675533e-05,-0.01730718091130257,-1.578790068626404
1777498870699124736,4.91150603920687e-05,-0.01730161346495152,-1.578788757324219
1777498870708956160,4.917839760310017e-05,-0.01730101555585861,-1.578783512115479
1777498870718774528,4.750549123855308e-05,-0.01730154827237129,-1.578784704208374
1777498870728573696,5.211064853938296e-05,-0.01730680093169212,-1.578785181045532
1777498870738353920,4.981086749467067e-05,-0.01730792596936226,-1.578783988952637
1777498870748573440,4.587264265865088e-05,-0.01730549708008766,-1.578788161277771
1777498870758772992,5.074512228020467e-05,-0.01730809919536114,-1.578788042068481
1777498870768952576,5.608612991636619e-05,-0.01731011271476746,-1.578787207603455
1777498870779112704,5.534841693588533e-05,-0.01731372997164726,-1.578782677650452
1777498870789253888,5.600509030045941e-05,-0.01730841211974621,-1.578780055046082
1777498870799375360,5.7115397794405e-05,-0.01731172762811184,-1.578783750534058
1777498870809477120,5.755877282354049e-05,-0.01731131784617901,-1.578783392906189
1777498870819559168,5.638886068481952e-05,-0.01731936074793339,-1.578784942626953
1777498870829622528,6.174291047500446e-05,-0.0173169020563364,-1.57878589630127
1777498870839666432,6.242752715479583e-05,-0.01731354929506779,-1.578787922859192
1777498870849690624,6.06223547947593e-05,-0.01731380634009838,-1.578785300254822
1777498870859695872,7.186044967966154e-05,-0.01731783524155617,-1.578786253929138
1777498870869681920,6.677558849332854e-05,-0.01731248386204243,-1.578781127929688
1777498870879648768,6.818954716436565e-05,-0.01731067709624767,-1.578778505325317
1777498870889598208,7.023410580586642e-05,-0.01730926521122456,-1.578771352767944
1777498870899530240,7.076224574120715e-05,-0.01730885356664658,-1.578776597976685
1777498870909443072,7.266708416864276e-05,-0.01730967126786709,-1.578780651092529
1777498870919336448,7.429899415001273e-05,-0.01730125024914742,-1.578782558441162
1777498870929210880,7.6869830081705e-05,-0.01730026677250862,-1.578783512115479
1777498870939066368,7.850455585867167e-05,-0.01730737648904324,-1.578777074813843
1777498870948902912,8.769995474722236e-05,-0.01731187477707863,-1.57877790927887
1777498870958720000,9.116965520661324e-05,-0.01731414906680584,-1.578776001930237
1777498870968518400,9.591732668923214e-05,-0.01731776259839535,-1.578777432441711
1777498870978298368,9.70155160757713e-05,-0.01731332577764988,-1.578776836395264
1777498870988523776,0.0001001973869279027,-0.01731407083570957,-1.578776478767395
1777498870998729472,0.0001042278236127459,-0.01731199212372303,-1.578778862953186
1777498871008915200,0.0001049059283104725,-0.01731562428176403,-1.578784465789795
1777498871019080960,0.000102714191598352,-0.01731160841882229,-1.578784465789795
1777498871029228288,9.662802040111274e-05,-0.01731192879378796,-1.57878851890564
1777498871039356160,0.0001042166477418505,-0.01731627807021141,-1.578789353370667
1777498871049464064,9.801683336263523e-05,-0.01731436885893345,-1.57878565788269
1777498871059552256,0.0001024645680445246,-0.01731584407389164,-1.578783869743347
1777498871069620736,9.606541425455362e-05,-0.01731188409030437,-1.578785181045532
1777498871079669760,9.404786396771669e-05,-0.01730958931148052,-1.578788876533508
1777498871089699328,9.781377593753859e-05,-0.01731333136558533,-1.578787922859192
1777498871099709184,9.411495557287708e-05,-0.01732330210506916,-1.578784942626953
1777498871109700096,9.562391642248258e-05,-0.01731901243329048,-1.578781247138977
1777498871119672576,0.0001012909269775264,-0.01731625199317932,-1.578783750534058
1777498871129625600,0.0001047550395014696,-0.01731771230697632,-1.578786611557007
1777498871139558912,0.0001072727900464088,-0.01732051186263561,-1.57878839969635
1777498871149473024,0.0001190548500744626,-0.0173189751803875,-1.578790068626404
1777498871159367936,0.0001274109818041325,-0.01731192506849766,-1.578789591789246
1777498871169243648,0.0001313864631811157,-0.01731261797249317,-1.57879650592804
1777498871179100160,0.0001270337379537523,-0.01731047034263611,-1.57879364490509
1777498871188941568,0.0001295477559324354,-0.01731037721037865,-1.57879376411438
1777498871198766336,0.0001348300720565021,-0.01731232739984989,-1.578791975975037
1777498871208572160,0.0001389229437336326,-0.01731832325458527,-1.578791737556458
1777498871218359040,0.0001431051932740957,-0.01731639355421066,-1.578790664672852
1777498871228593664,0.0001425323425792158,-0.01731530949473381,-1.578790545463562
1777498871238808576,0.0001458846818422899,-0.01731312647461891,-1.578787326812744
1777498871249003520,0.0001432244171155617,-0.01731244288384914,-1.578787326812744
1777498871259178752,0.0001409097167197615,-0.01730424538254738,-1.578788876533508
1777498871269333760,0.0001469279231969267,-0.01731354556977749,-1.578791856765747
1777498871279469312,0.0001503640960436314,-0.01731675677001476,-1.578795671463013
1777498871289584896,0.0001574599737068638,-0.01731975749135017,-1.578795790672302
1777498871299683072,0.0001558550866320729,-0.01732847467064857,-1.578796148300171
1777498871309761280,0.0001577878720127046,-0.01732797548174858,-1.578794836997986
1777498871319820032,0.000155421977979131,-0.01733490265905857,-1.578796148300171
1777498871329859072,0.0001599935931153595,-0.01733530126512051,-1.578801155090332
1777498871339878656,0.0001516523479949683,-0.01733486168086529,-1.578800797462463
1777498871349878784,0.0001513952593086287,-0.01733352243900299,-1.578803300857544
1777498871359858944,0.0001602963166078553,-0.01733369566500187,-1.578804969787598
1777498871369819648,0.0001596237998455763,-0.01733688823878765,-1.578805923461914
1777498871379761408,0.0001634940272197127,-0.01733218692243099,-1.578804612159729
1777498871389683712,0.0001592167391208932,-0.01733328402042389,-1.578808784484863
1777498871399586816,0.0001599963725311682,-0.01733092777431011,-1.578807473182678
1777498871409470208,0.0001525278930785134,-0.01732154563069344,-1.578805565834045
1777498871419334144,0.0001482561929151416,-0.01732238382101059,-1.578807234764099
1777498871429178880,0.0001546488201711327,-0.01732151582837105,-1.578809380531311
1777498871439004416,0.0001540936791570857,-0.01732000336050987,-1.578806042671204
1777498871448811008,0.0001502644299762323,-0.01731757447123528,-1.578807950019836
1777498871458599424,0.000159280069055967,-0.01732518523931503,-1.578811526298523
1777498871468601600,0.0001605096040293574,-0.01732820272445679,-1.578812122344971
1777498871478817280,0.0001557945361128077,-0.01732893846929073,-1.578808188438416
1777498871489012992,0.0001637352543184534,-0.01732855662703514,-1.578811049461365
1777498871499189504,0.0001644459698582068,-0.01733142510056496,-1.578813076019287
1777498871509346560,0.0001656596723478287,-0.01733336970210075,-1.578810572624207
1777498871519483904,0.0001675440144026652,-0.01733241230249405,-1.57881236076355
1777498871529601792,0.0001692439545877278,-0.01733709312975407,-1.578816056251526
1777498871539700224,0.0001630376209504902,-0.01734013669192791,-1.578813076019287
1777498871549779456,0.0001692178921075538,-0.01734364964067936,-1.578809976577759
1777498871559838720,0.0001647226745262742,-0.01734855771064758,-1.57880711555481
1777498871569878528,0.0001649769546929747,-0.01734495721757412,-1.578805088996887
1777498871579899392,0.0001690483622951433,-0.01734147220849991,-1.578807950019836
1777498871589903872,0.0001641320995986462,-0.01734074763953686,-1.578811168670654
1777498871599889152,0.0001630553160794079,-0.01733955554664135,-1.578811049461365
1777498871609854976,0.0001604379067430273,-0.01733844541013241,-1.578809857368469
1777498871619801600,0.0001579779200255871,-0.01733874529600143,-1.578807830810547
1777498871629729280,0.0001602534757694229,-0.01733733713626862,-1.578805327415466
1777498871639637504,0.0001607313024578616,-0.01733079366385937,-1.578805923461914
1777498871649526784,0.0001621620322111994,-0.01733174920082092,-1.57880425453186
1777498871659396352,0.0001634241780266166,-0.0173338558524847,-1.578801512718201
1777498871669248000,0.0001628224417800084,-0.01733536459505558,-1.578802227973938
1777498871679080192,0.0001571302855154499,-0.01733453385531902,-1.578798532485962
1777498871688893440,0.0001577571383677423,-0.01732780411839485,-1.578803420066833
1777498871698687744,0.0001671081117819995,-0.01733366958796978,-1.578809380531311
1777498871708692992,0.0001672962680459023,-0.01733560673892498,-1.578808546066284
1777498871718909184,0.0001735370460664853,-0.01733293756842613,-1.578806757926941
1777498871729105920,0.000173504464328289,-0.01733831129968166,-1.578808665275574
1777498871739282944,0.0001716648257570341,-0.01733667589724064,-1.578813672065735
1777498871749441024,0.0001687018520897254,-0.01733780838549137,-1.578819155693054
1777498871759579136,0.0001775553828338161,-0.01733581908047199,-1.578824877738953
1777498871769697792,0.0001818866730900481,-0.01733186841011047,-1.57882821559906
1777498871779796224,0.0001803832710720599,-0.01732036285102367,-1.578828573226929
1777498871789875456,0.000179704264155589,-0.01733048632740974,-1.578828454017639
1777498871799934976,0.0001751550007611513,-0.0173321720212698,-1.578831791877747
1777498871809974784,0.000175222972757183,-0.01732559315860271,-1.578830122947693
1777498871819995136,0.0001748075883369893,-0.01734010688960552,-1.57883095741272
1777498871829996544,0.0001769807131495327,-0.01734541915357113,-1.578829765319824
1777498871839978496,0.0001809254463296384,-0.01734696142375469,-1.578830599784851
1777498871849940992,0.0001842396013671532,-0.01734713092446327,-1.578831076622009
1777498871859884032,0.0001805454230634496,-0.01734677329659462,-1.578830003738403
1777498871869807360,0.0001765475608408451,-0.01734245009720325,-1.578831791877747
1777498871879711232,0.0001769881491782144,-0.01734037138521671,-1.578828573226929
1777498871889595648,0.000170381274074316,-0.01733849942684174,-1.578832268714905
1777498871899460864,0.0001823300699470565,-0.01733526214957237,-1.578832149505615
1777498871909310720,0.0001840486220316961,-0.01733691431581974,-1.57883358001709
1777498871919144704,0.0001832913403632119,-0.01733998395502567,-1.578826308250427
1777498871928959232,0.0001861472264863551,-0.01734334044158459,-1.578823804855347
1777498871938754816,0.0001894762681331486,-0.01734322123229504,-1.578831195831299
1777498871948761856,0.0001850275875767693,-0.0173377487808466,-1.578831911087036
1777498871958979328,0.0001894315355457366,-0.01733557693660259,-1.578832745552063
1777498871969176832,0.0001884488447103649,-0.0173342190682888,-1.578831553459167
1777498871979355648,0.0001917042973218486,-0.0173303633928299,-1.57882821559906
1777498871989514752,0.0001949895668076351,-0.01733247749507427,-1.578831911087036
1777498871999654144,0.0002051713963737711,-0.01733486540615559,-1.578832745552063
1777498872009773824,0.0002083402068819851,-0.01732898131012917,-1.57883608341217
1777498872019874048,0.000207438541110605,-0.01732818782329559,-1.578836917877197
1777498872029954816,0.0002054722426692024,-0.01733293198049068,-1.578836441040039
1777498872040015872,0.0002053670177701861,-0.01734155416488647,-1.578837275505066
1777498872050056960,0.0002106903120875359,-0.01733552105724812,-1.578838586807251
1777498872060079104,0.0002096349780913442,-0.01733961328864098,-1.578837394714355
1777498872070084608,0.0002100159617839381,-0.01734562963247299,-1.578837394714355
1777498872080070656,0.0002111113863065839,-0.0173519030213356,-1.578835844993591
1777498872090037504,0.0002160481526516378,-0.0173561368137598,-1.57883632183075
1777498872099984640,0.0002214347914559767,-0.01735128462314606,-1.578832507133484
1777498872109913088,0.0002174015389755368,-0.01734946295619011,-1.578831911087036
1777498872119822336,0.0002153989335056394,-0.01735424064099789,-1.5788334608078
1777498872129712128,0.0002105562452925369,-0.01735623925924301,-1.578833818435669
1777498872139582720,0.0002186748897656798,-0.01735801249742508,-1.578834414482117
1777498872149434880,0.0002258453023387119,-0.0173572413623333,-1.5788334608078
1777498872159268096,0.0002331703290110454,-0.01736252754926682,-1.57883083820343
1777498872169081856,0.0002327260299352929,-0.01736051775515079,-1.578834414482117
1777498872178876672,0.0002327688853256404,-0.01736376620829105,-1.578836917877197
1777498872188652544,0.0002383325045229867,-0.01736199669539928,-1.57883894443512
1777498872198871808,0.0002387926506344229,-0.01736215688288212,-1.578839898109436
1777498872209071360,0.0002389873407082632,-0.01736355572938919,-1.578845977783203
1777498872219251200,0.0002438505180180073,-0.01736880652606487,-1.578848719596863
1777498872229411840,0.0002421459503239021,-0.01737109757959843,-1.578851699829102
1777498872239552768,0.0002444522397127002,-0.01736856065690517,-1.578849196434021
1777498872249673984,0.000245856906985864,-0.01737126335501671,-1.578848600387573
1777498872259775232,0.0002477989764884114,-0.01736940257251263,-1.578852415084839
1777498872269857280,0.0002500112168490887,-0.01737068220973015,-1.578853845596313
1777498872279919360,0.0002480244147591293,-0.01737290248274803,-1.578849315643311
1777498872289961728,0.0002495296648703516,-0.01737278699874878,-1.578847765922546
1777498872299984896,0.0002519682748243213,-0.01737921126186848,-1.578848242759705
1777498872309989376,0.0002534892992116511,-0.01737290434539318,-1.578845739364624
1777498872319974400,0.0002521265996620059,-0.01737729273736477,-1.578849911689758
1777498872329942528,0.0002540454152040184,-0.01737645268440247,-1.5788494348526
1777498872339891200,0.0002445379504933953,-0.01737106218934059,-1.578850746154785
1777498872349820672,0.0002406919520581141,-0.0173746645450592,-1.578850984573364
1777498872359730688,0.0002367043634876609,-0.01737671718001366,-1.578849911689758
1777498872369621760,0.0002428221923764795,-0.01737326011061668,-1.578848838806152
1777498872379493632,0.0002466411679051816,-0.01736996322870255,-1.578849315643311
1777498872389346048,0.0002473528438713402,-0.0173741988837719,-1.578848600387573
1777498872399179008,0.0002575496037025005,-0.01738061383366585,-1.578851699829102
1777498872408993536,0.0002561561414040625,-0.01738039217889309,-1.578846573829651
1777498872418788864,0.0002556494146119803,-0.01738152652978897,-1.578842401504517
1777498872428564992,0.0002542335714679211,-0.01737933233380318,-1.578849792480469
1777498872438790144,0.0002649519592523575,-0.01738260127604008,-1.578850388526917
1777498872448995584,0.0002663751947693527,-0.01738644763827324,-1.57884669303894
1777498872459181824,0.0002631710085552186,-0.01738696172833443,-1.578848600387573
1777498872469348864,0.0002655881107784808,-0.01738659851253033,-1.57884681224823
1777498872479496192,0.0002623233594931662,-0.01738415099680424,-1.578842520713806
1777498872489623808,0.0002565073373261839,-0.01738975383341312,-1.578839540481567
1777498872499731712,0.0002553150698076934,-0.01738880947232246,-1.578838109970093
1777498872509820416,0.0002553299709688872,-0.01739156618714333,-1.578836679458618
1777498872519889408,0.0002527600154280663,-0.01738370209932327,-1.57883882522583
1777498872529938944,0.0002459593815729022,-0.01737609878182411,-1.578843355178833
1777498872539968768,0.0002517288667149842,-0.01737506873905659,-1.578841328620911
1777498872549979648,0.0002516906824894249,-0.01737714000046253,-1.578844428062439
1777498872559971072,0.000249799806624651,-0.01737755164504051,-1.578845739364624
1777498872569944832,0.0002457218361087143,-0.01737081818282604,-1.578845500946045
1777498872579900928,0.0002456259098835289,-0.01737154461443424,-1.578844785690308
1777498872589837568,0.0002419019001536071,-0.01736912503838539,-1.578847527503967
1777498872599754752,0.0002393040194874629,-0.01736204884946346,-1.578845620155334
1777498872609652992,0.0002424290723865852,-0.01736073568463326,-1.578846454620361
1777498872619531776,0.0002441997639834881,-0.01735641807317734,-1.578843235969543
1777498872629391104,0.0002444857091177255,-0.01735543832182884,-1.578844666481018
1777498872639231232,0.0002515201340429485,-0.017356988042593,-1.57884681224823
1777498872649052160,0.0002573482925072312,-0.01735590025782585,-1.578848004341125
1777498872658854656,0.0002578838902991265,-0.01735506020486355,-1.578843593597412
1777498872668638208,0.0002573771926108748,-0.01736113242805004,-1.578839302062988
1777498872678633472,0.0002633907133713365,-0.01735946163535118,-1.578837990760803
1777498872688839680,0.0002591842203401029,-0.01736052520573139,-1.578839063644409
1777498872699026432,0.0002588023198768497,-0.01736080460250378,-1.578837633132935
1777498872709193216,0.0002642709587235004,-0.01736586168408394,-1.578838109970093
1777498872719340032,0.0002667430380824953,-0.01736207865178585,-1.578838109970093
1777498872729467648,0.0002663350896909833,-0.01737111993134022,-1.578837394714355
1777498872739575552,0.0002725106896832585,-0.01737307570874691,-1.578835844993591
1777498872749663744,0.000274736899882555,-0.01737496070563793,-1.578832864761353
1777498872759733248,0.0002701914054341614,-0.01738093420863152,-1.578830599784851
1777498872769784320,0.0002712085552047938,-0.01738300174474716,-1.578831553459167
1777498872779815936,0.0002746577374637127,-0.0173789132386446,-1.578831434249878
1777498872789828096,0.0002747583203017712,-0.01737530156970024,-1.578833103179932
1777498872799820800,0.000276401435257867,-0.01737850531935692,-1.578834414482117
1777498872809794304,0.0002769426209852099,-0.01737905293703079,-1.578832268714905
1777498872819748608,0.0002715391747187823,-0.01737084053456783,-1.578828573226929
1777498872829683456,0.0002751346328295767,-0.01737464405596256,-1.578827857971191
1777498872839599360,0.0002785009564831853,-0.01737486384809017,-1.578826546669006
1777498872849496320,0.0002782587835099548,-0.01737968437373638,-1.578826665878296
1777498872859373824,0.0002800145884975791,-0.01737918332219124,-1.578825831413269
1777498872869232384,0.0002770208811853081,-0.01737828738987446,-1.578829050064087
1777498872879071744,0.0002788111160043627,-0.01737395487725735,-1.57883095741272
1777498872888891904,0.0002756329777184874,-0.01737602800130844,-1.578830599784851
1777498872898692608,0.000278623920166865,-0.01737807877361774,-1.578830718994141
1777498872908474368,0.0002756106550805271,-0.01738293282687664,-1.578829050064087
1777498872918473472,0.0002798050409182906,-0.01738118380308151,-1.578827738761902
1777498872928689408,0.0002839416556525975,-0.01738106831908226,-1.578837633132935
1777498872938885888,0.0002866550057660788,-0.0173824243247509,-1.578842520713806
1777498872949062400,0.0002891327312681824,-0.01738418452441692,-1.578842878341675
1777498872959218944,0.0002972960646729916,-0.0173854622989893,-1.578845858573914
1777498872969356032,0.0002958914556074888,-0.01739094033837318,-1.578844547271729
1777498872979473152,0.0002921330160461366,-0.01739685796201229,-1.578846096992493
1777498872989570560,0.0002911651972681284,-0.01739084906876087,-1.578843712806702
1777498872999648256,0.000290903466520831,-0.01739205978810787,-1.578836679458618
1777498873009708288,0.0002854637277778238,-0.01739187352359295,-1.578837156295776
1777498873019750656,0.0002877607184927911,-0.01739225350320339,-1.578832745552063
1777498873029773312,0.0002925102307926863,-0.01738971099257469,-1.57882821559906
1777498873039776768,0.0002976668474730104,-0.01739681325852871,-1.578831315040588
1777498873049760768,0.000303707376588136,-0.01739662885665894,-1.578834772109985
1777498873059725568,0.0003043268516194075,-0.01740201190114021,-1.578835368156433
1777498873069670912,0.000302843953249976,-0.01740084588527679,-1.578829526901245
1777498873079596800,0.0003008226631209254,-0.01740073226392269,-1.57883095741272
1777498873089503488,0.0003035863046534359,-0.01739956997334957,-1.578831553459167
1777498873099391232,0.0002982164151035249,-0.01739704795181751,-1.578829288482666
1777498873109259264,0.0003041936142835766,-0.01739916764199734,-1.578827023506165
1777498873119107840,0.0003029594372492284,-0.01739740371704102,-1.578825354576111
1777498873128937216,0.0003037111018784344,-0.01739647798240185,-1.578826665878296
1777498873138747136,0.0003053449327126145,-0.01739660277962685,-1.578828692436218
1777498873148537856,0.0003022020973730832,-0.01738961227238178,-1.578827619552612
1777498873158542080,0.0003003074962180108,-0.01738987863063812,-1.578826427459717
1777498873168759040,0.0003011560766026378,-0.01739220693707466,-1.578828096389771
1777498873178956032,0.0003005347971338779,-0.01739069819450378,-1.578833699226379
1777498873189133824,0.0003012399247381836,-0.01739578507840633,-1.578835487365723
1777498873199291904,0.0003064794582314789,-0.01739474572241306,-1.578835606575012
1777498873209430016,0.0003088080557063222,-0.01738976128399372,-1.578833818435669
1777498873219548160,0.0003069889207836241,-0.01738684996962547,-1.578833699226379
1777498873229646848,0.0003077536821365356,-0.01739500276744366,-1.578832149505615
1777498873239725824,0.0003053393156733364,-0.0173915196210146,-1.578829765319824
1777498873249785088,0.0003009902720805258,-0.01739097386598587,-1.578832507133484
1777498873259824640,0.0003016953996848315,-0.01739020273089409,-1.578832626342773
1777498873269845248,0.0003012901870533824,-0.01738961599767208,-1.578834652900696
1777498873279845888,0.0002983793965540826,-0.01739001832902431,-1.578837275505066
1777498873289827072,0.0003055367851629853,-0.01738938502967358,-1.578834533691406
1777498873299790336,0.0003080824390053749,-0.01738552190363407,-1.578835248947144
1777498873309735936,0.0003118138411082327,-0.01737831719219685,-1.578837037086487
1777498873319662080,0.0003124835784547031,-0.01738116517663002,-1.578839898109436
1777498873329569024,0.0003092681581620127,-0.0173787921667099,-1.578840494155884
1777498873339456768,0.0003103980561718345,-0.0173860676586628,-1.578843951225281
1777498873349325056,0.000309574679704383,-0.01739152520895004,-1.578841090202332
1777498873359174144,0.0003159217012580484,-0.01739313453435898,-1.578840732574463
1777498873369004032,0.0003211006405763328,-0.01739454083144665,-1.578842520713806
1777498873378814976,0.000320508232107386,-0.01739773526787758,-1.578842163085938
1777498873388606720,0.0003197910264134407,-0.01739802584052086,-1.578844428062439
1777498873398379520,0.0003211165312677622,-0.01740486733615398,-1.578845024108887
1777498873408598272,0.0003180631902068853,-0.01740514300763607,-1.578847289085388
1777498873418797312,0.0003224261454306543,-0.01740306615829468,-1.57884693145752
1777498873428976384,0.0003236333141103387,-0.01740011014044285,-1.578848481178284
1777498873439136512,0.0003241642552893609,-0.0173999946564436,-1.578853368759155
1777498873449277440,0.0003272064204793423,-0.01740149408578873,-1.578848600387573
1777498873459398400,0.0003287815197836608,-0.01740180887281895,-1.578853368759155
1777498873469500160,0.000328214286128059,-0.01740922033786774,-1.578855514526367
1777498873479582720,0.0003349395119585097,-0.01741840876638889,-1.578857421875
1777498873489646080,0.0003349991457071155,-0.01742278970777988,-1.578856945037842
1777498873499689984,0.0003385648305993527,-0.0174302663654089,-1.578861355781555
1777498873509714176,0.0003358645190019161,-0.01742652244865894,-1.578863143920898
1777498873519719424,0.0003354593063704669,-0.01742158643901348,-1.578864574432373
1777498873529705472,0.0003320706600788981,-0.01742568053305149,-1.578864574432373
1777498873539672064,0.0003282907418906689,-0.01742318086326122,-1.578868508338928
1777498873549622016,0.0003343117132317275,-0.01741889677941799,-1.578868985176086
1777498873559552512,0.0003370557969901711,-0.01741915941238403,-1.578868865966797
1777498873569463552,0.0003406121686566621,-0.01742086373269558,-1.57886528968811
1777498873579355392,0.0003408478223718703,-0.01742042973637581,-1.578860521316528
1777498873589228032,0.0003472991520538926,-0.01742162555456161,-1.578861474990845
1777498873599081728,0.0003461264132056385,-0.01741876266896725,-1.578856587409973
1777498873608915968,0.0003426772309467196,-0.01742684841156006,-1.578856348991394
1777498873618731008,0.0003456281265243888,-0.01742980256676674,-1.578856706619263
1777498873628527360,0.0003478123981039971,-0.0174239594489336,-1.578855514526367
1777498873638304768,0.0003408617631066591,-0.01741539500653744,-1.578854441642761
1777498873648524032,0.0003388907643966377,-0.01741038076579571,-1.578854203224182
1777498873658723584,0.0003375336236786097,-0.01741022057831287,-1.578850269317627
1777498873668903680,0.0003403009905014187,-0.01741037331521511,-1.578853011131287
1777498873679064320,0.0003375941596459597,-0.01741285063326359,-1.578858852386475
1777498873689205760,0.0003419431741349399,-0.01741514168679714,-1.57886016368866
1777498873699327232,0.0003421900328248739,-0.01741376332938671,-1.578854203224182
1777498873709428992,0.0003503077896311879,-0.01742355711758137,-1.57885468006134
1777498873719511296,0.000347759312717244,-0.01742546074092388,-1.57885205745697
1777498873729573632,0.0003482939500827342,-0.01742203533649445,-1.578852891921997
1777498873739616256,0.0003498299629427493,-0.01742341555655003,-1.578854918479919
1777498873749639680,0.0003518484300002456,-0.0174238346517086,-1.578851461410522
1777498873759643904,0.0003537868033163249,-0.01742522604763508,-1.578847408294678
1777498873769628928,0.0003561890043783933,-0.01741941459476948,-1.578845500946045
1777498873779596800,0.0003559580072760582,-0.01741844229400158,-1.578843593597412
1777498873789547008,0.0003580081684049219,-0.01742018759250641,-1.578843832015991
1777498873799478272,0.0003543829370755702,-0.01742061227560043,-1.578845262527466
1777498873809389824,0.0003607503895182163,-0.01741775311529636,-1.578847527503967
1777498873819282432,0.0003578079049475491,-0.017418397590518,-1.578850984573364
1777498873829156096,0.0003499640733934939,-0.01742173358798027,-1.578852891921997
1777498873839010304,0.0003532213740982115,-0.01741695404052734,-1.578856706619263
1777498873848845568,0.0003473810793366283,-0.01741520874202251,-1.578863978385925
1777498873858661888,0.0003482035535853356,-0.01741422340273857,-1.578867793083191
1777498873868459520,0.0003478411817923188,-0.01740910857915878,-1.578863859176636
1777498873878238208,0.0003431288932915777,-0.0174064114689827,-1.578864693641663
1777498873888463616,0.0003424694004934281,-0.01740515418350697,-1.57886528968811
1777498873898669056,0.0003472086973488331,-0.01740868389606476,-1.57886815071106
1777498873908855296,0.0003491834213491529,-0.01740967482328415,-1.578867673873901
1777498873919021824,0.0003537718148436397,-0.01741153374314308,-1.578871846199036
1777498873929168384,0.0003517477598506957,-0.01741626299917698,-1.578879475593567
1777498873939295744,0.0003479362349025905,-0.01741949841380119,-1.578884363174438
1777498873949403136,0.0003498280711937696,-0.01742137409746647,-1.578882813453674
1777498873959491072,0.0003587319224607199,-0.01741903461515903,-1.578888893127441
1777498873969559296,0.0003603535878937691,-0.01741740480065346,-1.578888893127441
1777498873979607808,0.0003537877055350691,-0.01741750352084637,-1.578885316848755
1777498873989636864,0.0003498652949929237,-0.01741711609065533,-1.578883647918701
1777498873999646208,0.0003504362830426544,-0.01741882413625717,-1.578887939453125
1777498874009636096,0.0003529996611177921,-0.01741564460098743,-1.578887581825256
1777498874019609600,0.0003599213378038257,-0.01741214469075203,-1.578886747360229
1777498874029563904,0.0003622984513640404,-0.01741153374314308,-1.578892469406128
1777498874039498752,0.0003612198051996529,-0.01740940473973751,-1.578887701034546
1777498874049414400,0.0003642870869953185,-0.01740831136703491,-1.578887701034546
1777498874059311104,0.0003595431626308709,-0.01740795746445656,-1.578886747360229
1777498874069188352,0.0003583090147003531,-0.01741676591336727,-1.5788893699646
1777498874079046144,0.0003542403574101627,-0.01741180382668972,-1.578893303871155
1777498874088884736,0.0003536190488375723,-0.01740935444831848,-1.578888177871704
1777498874098704896,0.0003584775840863585,-0.01741042360663414,-1.578887343406677
1777498874108505344,0.0003629243292380124,-0.01740436442196369,-1.578888177871704
1777498874118286848,0.0003682653186842799,-0.01740538142621517,-1.578892588615417
1777498874128513792,0.0003686072013806552,-0.01740693673491478,-1.578893423080444
1777498874138721024,0.000367725093383342,-0.01740698888897896,-1.578894019126892
1777498874148908800,0.0003663381212390959,-0.01740488409996033,-1.578896880149841
1777498874159076352,0.0003618075570557266,-0.01741228811442852,-1.578898906707764
1777498874169224192,0.000356791599188,-0.01740733720362186,-1.578898429870605
1777498874179352320,0.000354698597220704,-0.01740880310535431,-1.578894019126892
1777498874189460736,0.0003525785868987441,-0.01740896143019199,-1.578893899917603
1777498874199549184,0.0003539478348102421,-0.01740667968988419,-1.578895568847656
1777498874209619968,0.0003483814070932567,-0.01740732789039612,-1.578894019126892
1777498874219671040,0.0003549742978066206,-0.01740468665957451,-1.578894376754761
1777498874229702656,0.0003570721601136029,-0.01743552833795547,-1.578874468803406
1777498874239714816,0.0003982764610555023,-0.01744731143116951,-1.578908443450928
1777498874249707520,0.0003664676332846284,-0.01740876957774162,-1.57889449596405
1777498874259680768,0.000244274502620101,-0.01741060614585876,-1.578860998153687
1777498874269634048,0.0002978262200485915,-0.01741369441151619,-1.578872561454773
1777498874279567872,0.0003891821252182126,-0.01738360710442066,-1.57891857624054
1777498874289483008,0.0003595611779019237,-0.01745776273310184,-1.578932881355286
1777498874299378432,0.000314091652398929,-0.01744667440652847,-1.578899741172791
1777498874309254400,0.0003245025291107595,-0.01742760464549065,-1.578882336616516
1777498874319111168,0.0003575429727789015,-0.01735617406666279,-1.578899741172791
1777498874328948480,0.0003743348643183708,-0.01742608658969402,-1.57892632484436
1777498874338766592,0.0003200839564669877,-0.01748009398579597,-1.57891583442688
1777498874348565504,0.0002340482897125185,-0.01748901233077049,-1.578915238380432
1777498874358344960,0.0003014542162418365,-0.01740694791078568,-1.578985810279846
1777498874368343552,0.0002349105343455449,-0.01741673238575459,-1.579086661338806
1777498874378559744,0.0002113576047122478,-0.01743681356310844,-1.579154968261719
1777498874388756224,0.0003609665727708489,-0.01743257790803909,-1.579160094261169
1777498874398933504,0.0004577378858812153,-0.0173856932669878,-1.579078912734985
1777498874409091328,0.0004459171032067388,-0.01744111999869347,-1.578923940658569
1777498874419229184,0.0004107468703296036,-0.01744584925472736,-1.578759074211121
1777498874429347072,0.0004100136284250766,-0.01741820760071278,-1.578657627105713
1777498874439445760,0.0004807948134839535,-0.01733041368424892,-1.578560471534729
1777498874449524480,0.0005378322093747556,-0.0173510555177927,-1.578463912010193
1777498874459583744,0.0005213374388404191,-0.01740643009543419,-1.578389883041382
1777498874469623552,0.000561918190214783,-0.01746180839836597,-1.578369975090027
1777498874479644160,0.000584251363761723,-0.01740660145878792,-1.578403353691101
1777498874489648128,0.000591422722209245,-0.0174068845808506,-1.57844614982605
1777498874499632896,0.000551955250557512,-0.01737063750624657,-1.578511953353882
1777498874509598208,0.0005308690015226603,-0.01739401184022427,-1.578597068786621
1777498874519543808,0.0005410383455455303,-0.0173502191901207,-1.578680396080017
1777498874529470208,0.0005459089879877865,-0.01735938154160976,-1.578731656074524
1777498874539377408,0.0005908315069973469,-0.01733981259167194,-1.578749179840088
1777498874549265408,0.0006186838145367801,-0.01731976494193077,-1.57874071598053
1777498874559133952,0.0006816118839196861,-0.0172633808106184,-1.578682661056519
1777498874568984320,0.0006048060022294521,-0.01723790355026722,-1.578579902648926
1777498874578814976,0.0006736930226907134,-0.01705817691981792,-1.578613042831421
1777498874588626688,0.0009014765382744372,-0.01706656999886036,-1.578700304031372
1777498874598419456,0.0006958075100556016,-0.01720183715224266,-1.578726053237915
1777498874608424192,0.0008348393021151423,-0.01702236011624336,-1.578775763511658
1777498874618640640,0.001175689860247076,-0.01689525693655014,-1.578768968582153
1777498874628837120,0.001502729253843427,-0.01663298159837723,-1.57865571975708
1777498874639015168,0.001826784224249423,-0.01691441424190998,-1.578421354293823
1777498874649173248,0.001774734118953347,-0.01696419343352318,-1.578195810317993
1777498874659311360,0.001609126571565866,-0.01676207035779953,-1.578076362609863
1777498874669430016,0.001390682533383369,-0.01646956242620945,-1.578046321868896
1777498874679528704,0.00101610622368753,-0.01638568565249443,-1.578041076660156
1777498874689607936,0.0006905050249770284,-0.01634605973958969,-1.578014850616455
1777498874699667456,0.0008480245596729219,-0.01632771641016006,-1.578036546707153
1777498874709707264,0.001061136252246797,-0.01613105274736881,-1.578086733818054
1777498874719728128,0.0008759594638831913,-0.01585081219673157,-1.578181505203247
1777498874729731072,0.0007284288294613361,-0.01537730824202299,-1.578363180160522
1777498874739715840,0.0004736101254820824,-0.01490525249391794,-1.578659892082214
1777498874749680896,0.0001939718204084784,-0.01441620290279388,-1.579026103019714
1777498874759627008,0.0003166002279613167,-0.01380833052098751,-1.579437136650085
1777498874769553408,0.0007970589795149863,-0.01367341913282871,-1.579864501953125
1777498874779460864,0.00163059972692281,-0.01310959924012423,-1.580302000045776
1777498874789348864,0.002220438560470939,-0.01248344779014587,-1.580744504928589
1777498874799217408,0.002623886335641146,-0.01197294052690268,-1.58115017414093
1777498874809067008,0.002837786916643381,-0.01147789135575294,-1.581512093544006
1777498874818897664,0.002963865175843239,-0.01074354071170092,-1.581815481185913
1777498874828708864,0.002473363187164068,-0.009955552406609058,-1.582062959671021
1777498874838501120,0.002147136721760035,-0.009199822321534157,-1.58230459690094
1777498874848506624,0.001951509620994329,-0.007953034713864326,-1.582572102546692
1777498874858724864,0.001820456003770232,-0.007080722134560347,-1.582821130752563
1777498874868923648,0.001800809288397431,-0.005875716917216778,-1.583073496818542
1777498874879102976,0.001992762554436922,-0.004778448492288589,-1.58332622051239
1777498874889262592,0.002174755092710257,-0.003388389945030212,-1.583552718162537
1777498874899402496,0.002456980990245938,-0.002059247111901641,-1.583771944046021
1777498874909522944,0.002719698240980506,-0.0007761120796203613,-1.583955526351929
1777498874919623680,0.003106337040662766,0.0005260990583337843,-1.584094285964966
1777498874929704960,0.003538730554282665,0.001871924730949104,-1.584177374839783
1777498874939766528,0.003966879099607468,0.003116796724498272,-1.584161877632141
1777498874949811200,0.004395431373268366,0.004199472721666098,-1.584025859832764
1777498874959836672,0.004682229831814766,0.005132399499416351,-1.583718180656433
1777498874969842688,0.004845921415835619,0.005919797345995903,-1.583274245262146
1777498874979828992,0.005004686769098043,0.006654982455074787,-1.582658529281616
1777498874989796096,0.005106491036713123,0.007096764165908098,-1.581874251365662
1777498874999743744,0.005051759537309408,0.007258394733071327,-1.580904960632324
1777498875009671936,0.004938659258186817,0.007235410623252392,-1.579757809638977
1777498875019580672,0.004722421057522297,0.007198777981102467,-1.578464150428772
1777498875029470720,0.004492900334298611,0.006964901927858591,-1.577053427696228
1777498875039341312,0.004217059817165136,0.006617438979446888,-1.575515270233154
1777498875049192448,0.003906306810677052,0.006088393740355968,-1.573838710784912
1777498875059024640,0.003653810825198889,0.005494205746799707,-1.572076201438904
1777498875068837376,0.003449207870289683,0.004891084972769022,-1.570243120193481
1777498875078631680,0.003196782898157835,0.004292443860322237,-1.568337202072144
1777498875088406272,0.00306648132391274,0.003811262547969818,-1.56635046005249
1777498875098625536,0.002840487752109766,0.003289871849119663,-1.564283132553101
1777498875108825600,0.002553777769207954,0.002854858990758657,-1.562160015106201
1777498875119005952,0.002441801829263568,0.00260006939060986,-1.559960842132568
1777498875129167616,0.002362490864470601,0.002482954412698746,-1.557787179946899
1777498875139309824,0.002359019592404366,0.00244483002461493,-1.555562257766724
1777498875149432576,0.00238300091587007,0.00252387416549027,-1.553329706192017
1777498875159535360,0.002291327342391014,0.002780860522761941,-1.551100134849548
1777498875169618944,0.002288553863763809,0.003274573013186455,-1.548868536949158
1777498875179682304,0.002317462116479874,0.003764067310839891,-1.54664146900177
1777498875189726208,0.002222178503870964,0.004271171987056732,-1.544368863105774
1777498875199750400,0.002204347169026732,0.004807799123227596,-1.542091488838196
1777498875209755904,0.002406872110441327,0.005599732045084238,-1.539821743965149
1777498875219741952,0.002581941895186901,0.006319789681583643,-1.53753399848938
1777498875229708544,0.002800567774102092,0.007074943277984858,-1.53524124622345
1777498875239655936,0.002839715220034122,0.00779768219217658,-1.532928824424744
1777498875249584128,0.002737502567470074,0.008721337653696537,-1.530616402626038
1777498875259492608,0.0024124167393893,0.009625609964132309,-1.528234124183655
1777498875269381888,0.002066136104986072,0.01053868234157562,-1.525815010070801
1777498875279251712,0.0016893275314942,0.01129996962845325,-1.523360013961792
1777498875289107200,0.001258204691112041,0.01214184518903494,-1.520902633666992
1777498875298946304,0.0009713664185255766,0.01292274333536625,-1.518453359603882
1777498875308766720,0.0008255813736468554,0.01369504444301128,-1.516023635864258
1777498875318567936,0.0008154595852829516,0.01421345118433237,-1.513644695281982
1777498875328349696,0.0007469854317605495,0.01463323645293713,-1.511286616325378
1777498875338575104,0.0002868231676984578,0.01508644688874483,-1.508998990058899
1777498875348780544,-7.538776844739914e-05,0.01572039909660816,-1.506856441497803
1777498875358966272,-0.0005394876352511346,0.01618808321654797,-1.504858493804932
1777498875369132544,-0.000941248785238713,0.01670896448194981,-1.50297737121582
1777498875379279360,-0.001248742220923305,0.01702491194009781,-1.501339912414551
1777498875389407232,-0.001352152903564274,0.01755378767848015,-1.499929308891296
1777498875399515904,-0.001356352819129825,0.01797455921769142,-1.498696684837341
1777498875409604864,-0.001325236400589347,0.01852803863584995,-1.497595191001892
1777498875419674880,-0.00117445969954133,0.01902963407337666,-1.496569752693176
1777498875429725696,-0.0008839850779622793,0.01962253078818321,-1.495671153068542
1777498875439756800,-0.0008173022069968283,0.02005478553473949,-1.494848370552063
1777498875449768448,-0.0008125256281346083,0.0206301175057888,-1.494184732437134
1777498875459761152,-0.0006560180336236954,0.02151275053620338,-1.493679046630859
1777498875469734656,-0.0003664107643999159,0.0223828386515379,-1.493344783782959
1777498875479688960,-5.114156010677107e-05,0.02324069477617741,-1.493151426315308
1777498875489624064,0.000184067219379358,0.02394735440611839,-1.49306309223175
1777498875499539712,0.0002863620466087013,0.02471558749675751,-1.49303936958313
1777498875509435904,0.0002466231526341289,0.02542497776448727,-1.493058085441589
1777498875519312896,-7.534355972893536e-05,0.02608790621161461,-1.493132472038269
1777498875529176576,-0.0006090831011533737,0.02669447846710682,-1.493304848670959
1777498875539021312,-0.0009642273653298616,0.02717002667486668,-1.493614792823792
1777498875548846848,-0.001150344382040203,0.02769083343446255,-1.494080305099487
1777498875558653440,-0.001179194310680032,0.02796360850334167,-1.494685411453247
1777498875568440576,-0.001010231557302177,0.02817662246525288,-1.495469808578491
1777498875578665728,-0.0007731126388534904,0.02829343266785145,-1.496440172195435
1777498875588870912,-0.0005088932230137289,0.02843937464058399,-1.497596859931946
1777498875599056896,-0.0001670936035225168,0.02840818651020527,-1.498908877372742
1777498875609223168,0.0003892031381838024,0.02841530181467533,-1.500329852104187
1777498875619369472,0.001035571563988924,0.02820491977035999,-1.501850962638855
1777498875629496064,0.001699735410511494,0.02803434431552887,-1.503447532653809
1777498875639604736,0.00227054045535624,0.02763998508453369,-1.505132079124451
1777498875649694464,0.002634068019688129,0.02729921229183674,-1.506901025772095
1777498875659764736,0.003020789008587599,0.02684575878083706,-1.508753776550293
1777498875669815808,0.003234780626371503,0.02624374814331532,-1.510719060897827
1777498875679847168,0.003389060031622648,0.02558115683495998,-1.512729525566101
1777498875689859072,0.003733963705599308,0.02479739859700203,-1.514853835105896
1777498875699851520,0.004176728427410126,0.02399448677897453,-1.517032146453857
1777498875709824512,0.004475435707718134,0.02318672835826874,-1.519229650497437
1777498875719779072,0.004685329273343086,0.02230286970734596,-1.521468162536621
1777498875729714176,0.005095683503895998,0.02149264328181744,-1.523725509643555
1777498875739629824,0.005296119023114443,0.0206102654337883,-1.525979161262512
1777498875749526528,0.005696797277778387,0.01972761377692223,-1.528213620185852
1777498875759404032,0.006128037814050913,0.01893610879778862,-1.530555248260498
1777498875769262080,0.006657362915575504,0.0182614978402853,-1.53287148475647
1777498875779101184,0.007305270060896873,0.01764857396483421,-1.535152554512024
1777498875788921088,0.007849165238440037,0.01695588603615761,-1.537345886230469
1777498875798723584,0.008299318142235279,0.01623007468879223,-1.539415955543518
1777498875808507136,0.008528822101652622,0.01542627345770597,-1.541375160217285
1777498875818506752,0.008818830363452435,0.01477773115038872,-1.543240904808044
1777498875828722432,0.008803177624940872,0.01405212469398975,-1.544963598251343
1777498875838919168,0.008764154277741909,0.0133964978158474,-1.546543955802917
1777498875849095936,0.00893869623541832,0.01283605955541134,-1.547964930534363
1777498875859252992,0.009392154403030872,0.01204666588455439,-1.549246072769165
1777498875869391104,0.009274079464375973,0.01114174723625183,-1.550363540649414
1777498875879510784,0.009214332327246666,0.01024061627686024,-1.551367282867432
1777498875889610496,0.009021866135299206,0.009746783412992954,-1.552306890487671
1777498875899691008,0.008515425026416779,0.009048384614288807,-1.553176641464233
1777498875909751808,0.00806314405053854,0.008393161930143833,-1.553895115852356
1777498875919793152,0.007710684556514025,0.007604902610182762,-1.554492235183716
1777498875929815040,0.007559327408671379,0.006978156976401806,-1.555018067359924
1777498875939817472,0.007424667943269014,0.006301805842667818,-1.555536150932312
1777498875949800960,0.007311074528843164,0.005687841679900885,-1.556012630462646
1777498875959765504,0.007362279109656811,0.004962261766195297,-1.556395292282104
1777498875969710592,0.007503746543079615,0.004124648869037628,-1.556736826896667
1777498875979635968,0.007751283701509237,0.003586039878427982,-1.557022094726562
1777498875989542144,0.008198868483304977,0.003279980272054672,-1.557270884513855
1777498875999429120,0.008738745003938675,0.00306268478743732,-1.557399153709412
1777498876009296896,0.009293057024478912,0.002603422850370407,-1.557395100593567
1777498876019145984,0.009756778366863728,0.001820320263504982,-1.557290434837341
1777498876028979200,0.01006477605551481,0.0009179862099699676,-1.557111263275146
1777498876038796544,0.01005118060857058,0.0002527283795643598,-1.556821346282959
1777498876048595200,0.009857841767370701,8.849381265463307e-05,-1.556453824043274
1777498876058603520,0.009992617182433605,0.0001646257005631924,-1.555839657783508
1777498876068820736,0.009992168284952641,-8.768308907747269e-05,-1.554999828338623
1777498876079017984,0.009740591049194336,-0.0006468152278102934,-1.553938150405884
1777498876089195520,0.009175381623208523,-0.00133469037245959,-1.55280876159668
1777498876099353088,0.008535704575479031,-0.001512941787950695,-1.551685810089111
1777498876109492736,0.008010833524167538,-0.001601783675141633,-1.550542712211609
1777498876119612672,0.00750669976696372,-0.001716186641715467,-1.54932427406311
1777498876129712896,0.007070043589919806,-0.001949483761563897,-1.547996282577515
1777498876139793664,0.006587326526641846,-0.002031836425885558,-1.546670079231262
1777498876149854720,0.006437337957322598,-0.001876645488664508,-1.545401096343994
1777498876159896064,0.006238894537091255,-0.001813344308175147,-1.544155359268188
1777498876169917952,0.005945055745542049,-0.001942088827490807,-1.542826890945435
1777498876179920384,0.005521544255316257,-0.002083983272314072,-1.541458368301392
1777498876189903872,0.005369274411350489,-0.001794418436475098,-1.540077686309814
1777498876199867904,0.005264699924737215,-0.001452391617931426,-1.538742661476135
1777498876209812480,0.005048075225204229,-0.001191753312014043,-1.537404298782349
1777498876219737600,0.004716661758720875,-0.0009833330987021327,-1.536088824272156
1777498876229643776,0.004478252958506346,-0.0005586695624515414,-1.534834980964661
1777498876239530240,0.004215357359498739,0.0001115647610276937,-1.533681273460388
1777498876249398016,0.003915679641067982,0.0007957271882332861,-1.532574415206909
1777498876259246592,0.003588245250284672,0.001324252574704587,-1.531511306762695
1777498876269080576,0.003279617754742503,0.001918835681863129,-1.530509948730469
1777498876278898688,0.002951246919110417,0.002552221063524485,-1.529586434364319
1777498876288697856,0.002655028365552425,0.00324922101572156,-1.528731107711792
1777498876298478336,0.002221993869170547,0.003922870382666588,-1.527984976768494
1777498876308696832,0.001828804262913764,0.00450415164232254,-1.527321100234985
1777498876318895360,0.001653938321396708,0.005065659526735544,-1.526745080947876
1777498876329074176,0.001575273694470525,0.00555471470579505,-1.526254534721375
1777498876339232768,0.001435972168110311,0.005969384219497442,-1.525871276855469
1777498876349373440,0.001203571329824626,0.006182950455695391,-1.525601387023926
1777498876359494656,0.001030668732710183,0.006508654449135065,-1.52546215057373
1777498876369596416,0.001047915196977556,0.006767718121409416,-1.525479674339294
1777498876379678976,0.00101226766128093,0.006860329769551754,-1.525611042976379
1777498876389742336,0.0009824614971876144,0.006857287604361773,-1.525808572769165
1777498876399785984,0.000891307950951159,0.006826808676123619,-1.526106476783752
1777498876409810176,0.0009567539673298597,0.006928699091076851,-1.526518940925598
1777498876419815168,0.0010585697600618,0.00693115871399641,-1.527055025100708
1777498876429801472,0.001169547438621521,0.006935428362339735,-1.527719378471375
1777498876439768576,0.001414025202393532,0.006750218104571104,-1.52853262424469
1777498876449716224,0.001651745988056064,0.006629724055528641,-1.52948534488678
1777498876459644416,0.00216851057484746,0.006533810403198004,-1.5305335521698
1777498876469555456,0.002707797335460782,0.006295708008110523,-1.53165602684021
1777498876479449344,0.003043563570827246,0.005973969120532274,-1.532856941223145
1777498876489323776,0.003416642313823104,0.005565987899899483,-1.534114003181458
1777498876499179008,0.003825101535767317,0.005213264375925064,-1.535436511039734
1777498876509015296,0.004171105567365885,0.004745038226246834,-1.536840200424194
1777498876518832384,0.004580719862133265,0.004226013086736202,-1.538320422172546
1777498876528630272,0.004980136174708605,0.00366102484986186,-1.53982412815094
1777498876538408960,0.005428405944257975,0.003020212519913912,-1.541347622871399
1777498876548627456,0.005817101337015629,0.002517035230994225,-1.542846918106079
1777498876558826240,0.006218107882887125,0.002096915384754539,-1.54436194896698
1777498876569005568,0.006601502187550068,0.001717326580546796,-1.545897841453552
1777498876579165184,0.006525579839944839,0.001315700821578503,-1.54735541343689
1777498876589305600,0.006284103728830814,0.001068819197826087,-1.548598051071167
1777498876599426560,0.006280291359871626,0.0007151377503760159,-1.549780488014221
1777498876609528064,0.006146621890366077,0.0001522801030660048,-1.550922513008118
1777498876619609856,0.00546271912753582,-0.0004247948818374425,-1.552070260047913
1777498876629672960,0.005246560089290142,-0.0002400179073447362,-1.553349018096924
1777498876639716608,0.005324962548911572,0.000230737030506134,-1.554774761199951
1777498876649740800,0.005668055731803179,0.0004706562031060457,-1.556149005889893
1777498876659745792,0.005763537250459194,0.0005210284143686295,-1.557382464408875
1777498876669731584,0.005997677333652973,0.0006598840118385851,-1.558525323867798
1777498876679698176,0.006705303210765123,0.001260454533621669,-1.559630632400513
1777498876689647616,0.00718231126666069,0.001862430828623474,-1.560698986053467
1777498876699579904,0.007360289804637432,0.002305769128724933,-1.56161367893219
1777498876709492736,0.007440935354679823,0.002587297931313515,-1.562359094619751
1777498876719386368,0.007396756671369076,0.003112285630777478,-1.562958240509033
1777498876729260544,0.007242006249725819,0.003694165498018265,-1.563498258590698
1777498876739115776,0.006668027024716139,0.004424657206982374,-1.563917517662048
1777498876748951552,0.006154321599751711,0.005022987723350525,-1.564192891120911
1777498876758768384,0.005625370424240828,0.005607686005532742,-1.564321517944336
1777498876768566528,0.005261752288788557,0.006112811155617237,-1.564379930496216
1777498876778345472,0.005247378256171942,0.006772126071155071,-1.564400315284729
1777498876788570112,0.005195414181798697,0.007384562864899635,-1.564403295516968
1777498876798775040,0.005430942866951227,0.008049707859754562,-1.564425468444824
1777498876808960000,0.00558813288807869,0.008596679195761681,-1.564417600631714
1777498876819126272,0.005701839458197355,0.009190835058689117,-1.564351797103882
1777498876829272832,0.005815682467073202,0.009875171817839146,-1.564175128936768
1777498876839399680,0.006048548500984907,0.01058697607368231,-1.563921213150024
1777498876849506816,0.006136036012321711,0.01112582627683878,-1.563527226448059
1777498876859594240,0.006121206562966108,0.01160701457411051,-1.563035488128662
1777498876869661952,0.006090373732149601,0.01217946503311396,-1.562474608421326
1777498876879710208,0.005833527073264122,0.01282827649265528,-1.561839580535889
1777498876889738496,0.005472044460475445,0.01350013073533773,-1.561114311218262
1777498876899747584,0.004767206963151693,0.01400923263281584,-1.56028950214386
1777498876909737216,0.003905191086232662,0.01467730384320021,-1.559406280517578
1777498876919707392,0.003127490635961294,0.01534200739115477,-1.558520674705505
1777498876929660416,0.002326127607375383,0.01603786647319794,-1.557661652565002
1777498876939596544,0.001606192323379219,0.01644422858953476,-1.556836128234863
1777498876949513984,0.001038027810864151,0.01677080430090427,-1.556059718132019
1777498876959411968,0.0008257714216597378,0.01720314845442772,-1.555364012718201
1777498876969290752,0.001012324704788625,0.01769171468913555,-1.554740190505981
1777498876979150592,0.001256242743693292,0.01805542595684528,-1.554170846939087
1777498876988991232,0.001337263849563897,0.01827222108840942,-1.553662896156311
1777498876998812672,0.001568011823110282,0.01853154227137566,-1.553223848342896
1777498877008615936,0.001720375847071409,0.01882922649383545,-1.552838921546936
1777498877018400512,0.001729937735944986,0.0191749669611454,-1.552463889122009
1777498877028626176,0.001509965164586902,0.01937152817845345,-1.552097082138062
1777498877038832384,0.001352862105704844,0.01963941007852554,-1.551761627197266
1777498877049019136,0.001274959766305983,0.01983913965523243,-1.551479458808899
1777498877059187200,0.001280496013350785,0.02007259055972099,-1.551218867301941
1777498877069335552,0.001237687305547297,0.02021138370037079,-1.551007390022278
1777498877079464448,0.001296294620260596,0.0203915573656559,-1.550827145576477
1777498877089573376,0.001326029421761632,0.0205601267516613,-1.550713181495667
1777498877099663104,0.001447171904146671,0.02084166742861271,-1.550635099411011
1777498877109733632,0.001707910560071468,0.02107503078877926,-1.550595760345459
1777498877119784960,0.001938387635163963,0.02138054184615612,-1.550602078437805
1777498877129818880,0.002044141292572021,0.02175392396748066,-1.550600051879883
1777498877139833344,0.001999376807361841,0.02253226563334465,-1.550508141517639
1777498877149828608,0.001903848955407739,0.02317546866834164,-1.550389528274536
1777498877159804416,0.001017942326143384,0.02385444939136505,-1.550192475318909
1777498877169761024,0.0006089348462410271,0.02472409047186375,-1.54989755153656
1777498877179698432,0.0007066733669489622,0.02529550902545452,-1.54960560798645
1777498877189616384,0.0005374394240789115,0.02560607902705669,-1.549358248710632
1777498877199515136,0.0003523499181028455,0.02599351480603218,-1.549184322357178
1777498877209395456,0.0003329293103888631,0.02687669359147549,-1.549163103103638
1777498877219256320,0.0009502348257228732,0.02812934294342995,-1.549277663230896
1777498877229098240,0.001105169416405261,0.02877827174961567,-1.549437642097473
1777498877238920704,0.00101481971796602,0.02899902872741222,-1.549493432044983
1777498877248724224,0.001387021038681269,0.02954759262502193,-1.549516439437866
1777498877258509056,0.002286563394591212,0.03045458905398846,-1.549507617950439
1777498877268509184,0.00293341837823391,0.03123614937067032,-1.549375653266907
1777498877278724608,0.003179585328325629,0.03158827498555183,-1.549048185348511
1777498877288920576,0.003580158809199929,0.03197717666625977,-1.548680305480957
1777498877299097600,0.003976152278482914,0.0326293408870697,-1.548265933990479
1777498877309254656,0.004103273618966341,0.03348777070641518,-1.547773003578186
1777498877319391744,0.003610377432778478,0.03398921340703964,-1.547079920768738
1777498877329509376,0.002501220442354679,0.03430723026394844,-1.546153783798218
1777498877339607296,0.0009119505994021893,0.03451924398541451,-1.544925808906555
1777498877349685760,-0.0004430214466992766,0.03471474722027779,-1.543507814407349
1777498877359744256,-0.001791055779904127,0.0349525511264801,-1.541994690895081
1777498877369783040,-0.002899286802858114,0.03485843166708946,-1.540411114692688
1777498877379802880,-0.00395512767136097,0.03449717164039612,-1.538827419281006
1777498877389803264,-0.004602199420332909,0.03439655154943466,-1.537263631820679
1777498877399784192,-0.00502454349771142,0.03464460372924805,-1.53582227230072
1777498877409745664,-0.00523418327793479,0.03441329300403595,-1.534379601478577
1777498877419687680,-0.005259538069367409,0.03417717665433884,-1.532999396324158
1777498877429610240,-0.005086670629680157,0.0338628850877285,-1.531602263450623
1777498877439513600,-0.00472684483975172,0.03365818783640862,-1.53026008605957
1777498877449397248,-0.004276019986718893,0.03370960801839828,-1.528891444206238
1777498877459262720,-0.004151344299316406,0.03381673619151115,-1.527485966682434
1777498877469108736,-0.004196315538138151,0.03397217392921448,-1.52604353427887
1777498877478941440,-0.004522900097072124,0.03409221023321152,-1.524550676345825
1777498877488754944,-0.005215931683778763,0.03456725180149078,-1.523080348968506
1777498877498549504,-0.006044105160981417,0.03510288894176483,-1.521703004837036
1777498877508555264,-0.006748584099113941,0.0360034853219986,-1.520400047302246
1777498877518771968,-0.007754045538604259,0.0368841141462326,-1.519191265106201
1777498877528968960,-0.008570907637476921,0.03813930600881577,-1.51818323135376
1777498877539146752,-0.008756604045629501,0.03951720520853996,-1.517491698265076
1777498877549304832,-0.008683742955327034,0.04104232415556908,-1.517029285430908
1777498877559443456,-0.008496597409248352,0.04232502728700638,-1.516782283782959
1777498877569562368,-0.008303819224238396,0.04398464784026146,-1.51670229434967
1777498877579662080,-0.007907466031610966,0.04587508738040924,-1.516837954521179
1777498877589742080,-0.007554159965366125,0.04793333634734154,-1.517109632492065
1777498877599802880,-0.007111844141036272,0.04975486919283867,-1.517514586448669
1777498877609843968,-0.006635640282183886,0.0516943447291851,-1.51807963848114
1777498877619867648,-0.005949909798800945,0.05386441200971603,-1.518884778022766
1777498877629873664,-0.005388551857322454,0.05623387917876244,-1.519902467727661
1777498877639859968,-0.004876105114817619,0.05851543322205544,-1.521046757698059
1777498877649826816,-0.004787473939359188,0.06067630276083946,-1.522170305252075
1777498877659774208,-0.005022735334932804,0.06259133666753769,-1.523276090621948
1777498877669702912,-0.005458421539515257,0.06460233777761459,-1.524476170539856
1777498877679612160,-0.005748517345637083,0.06666287034749985,-1.525763869285583
1777498877689501952,-0.005874206777662039,0.06841099262237549,-1.527169227600098
1777498877699374848,-0.005581462290138006,0.06954385340213776,-1.528774738311768
1777498877709228544,-0.004965184722095728,0.07045964896678925,-1.53049623966217
1777498877719063296,-0.004235424567013979,0.07190277427434921,-1.532401442527771
1777498877728878592,-0.003182228654623032,0.07415469735860825,-1.534403681755066
1777498877738674944,-0.002792945830151439,0.074931800365448,-1.536542892456055
1777498877748682240,-0.002504431642591953,0.07594015449285507,-1.538659453392029
1777498877758899456,-0.002353472635149956,0.0767311304807663,-1.540725231170654
1777498877769096960,-0.002191228559240699,0.07689110189676285,-1.54270875453949
1777498877779275264,-0.001863260520622134,0.0773087739944458,-1.544687271118164
1777498877789433600,-0.001166647067293525,0.07722585648298264,-1.546655774116516
1777498877799572480,-0.0007953205495141447,0.07685668021440506,-1.548598289489746
1777498877809691648,-0.0002846417482942343,0.07675150781869888,-1.550511717796326
1777498877819791104,0.0002173047396354377,0.07643069326877594,-1.552437663078308
1777498877829870848,0.000496135326102376,0.0757891908288002,-1.554343342781067
1777498877839931136,0.0003998997271992266,0.07493681460618973,-1.556130766868591
1777498877849971456,0.0001737465645419434,0.07373759150505066,-1.55780017375946
1777498877859992320,-0.0001241743448190391,0.07259643822908401,-1.559359788894653
1777498877869993728,-0.0003375800151843578,0.0710211917757988,-1.560839533805847
1777498877879976192,-0.0006233684835024178,0.06934664398431778,-1.562204837799072
1777498877889938688,-0.001101055881008506,0.06736541539430618,-1.563553690910339
1777498877899886592,-0.001301612821407616,0.0655742883682251,-1.564878106117249
1777498877909815296,-0.001375031773932278,0.06355130672454834,-1.566187143325806
1777498877919724800,-0.001365288975648582,0.06147773191332817,-1.567421674728394
1777498877929615104,-0.001369341975077987,0.05891809612512589,-1.568539500236511
1777498877939486208,-0.001238470780663192,0.05636100098490715,-1.569646716117859
1777498877949337856,-0.001071249367669225,0.05365167185664177,-1.570693373680115
1777498877959170560,-0.0008581376750953496,0.05104534700512886,-1.571717739105225
1777498877968983808,-0.0006908918730914593,0.04852945357561111,-1.572696805000305
1777498877978778624,-0.0005009658634662628,0.04612031206488609,-1.573663830757141
1777498877988554496,-7.843651474104263e-06,0.04374554753303528,-1.574531316757202
1777498877998774528,0.0001900428760563955,0.04117950052022934,-1.575260639190674
1777498878008974592,8.045549475355074e-05,0.03862272202968597,-1.575825810432434
1777498878019154944,6.439498247345909e-05,0.03631415590643883,-1.57627284526825
1777498878029316352,-2.226786818937398e-05,0.03415056690573692,-1.576605796813965
1777498878039458304,-0.000457308633485809,0.03199803456664085,-1.576811671257019
1777498878049580544,-0.0008687583613209426,0.02983144670724869,-1.576929092407227
1777498878059683072,-0.001550302491523325,0.02771060727536678,-1.576980233192444
1777498878069765888,-0.00246294355019927,0.02572031505405903,-1.577003479003906
1777498878079828992,-0.003464315552264452,0.0239397045224905,-1.576984763145447
1777498878089872640,-0.004358231090009212,0.02239907905459404,-1.576986789703369
1777498878099896320,-0.004921460058540106,0.020981190726161,-1.57696795463562
1777498878109901312,-0.005047375336289406,0.0196535736322403,-1.5770663022995
1777498878119886848,-0.004715892020612955,0.01854858361184597,-1.577304124832153
1777498878129852672,-0.003881650976836681,0.01704523712396622,-1.577751755714417
1777498878139800832,-0.003025418845936656,0.01549303811043501,-1.578297972679138
1777498878149731584,-0.002864582696929574,0.01383440103381872,-1.578857660293579
1777498878159642880,-0.002536578336730599,0.01314620394259691,-1.57936704158783
1777498878169534976,-0.001718333922326565,0.01260555628687143,-1.579849243164062
1777498878179408128,-0.001048875972628593,0.01191573590040207,-1.580198049545288
1777498878189261824,-0.001092627528123558,0.01077753398567438,-1.580419778823853
1777498878199096320,-0.0009719039080664515,0.009910699911415577,-1.58061158657074
1777498878208911616,-0.0009257597266696393,0.009545182809233665,-1.580803513526917
1777498878218708224,-0.001050847349688411,0.009287218563258648,-1.580999255180359
1777498878228486144,-0.001580657553859055,0.008881068788468838,-1.58105731010437
1777498878238711040,-0.002231859834864736,0.008279390633106232,-1.581123471260071
1777498878248916480,-0.002665372332558036,0.007973042316734791,-1.581182360649109
1777498878259102464,-0.002938304329290986,0.00766120757907629,-1.581316590309143
1777498878269269248,-0.003090287558734417,0.007609772961586714,-1.581446409225464
1777498878279416064,-0.003073948202654719,0.007464535534381866,-1.581597566604614
1777498878289543168,-0.002855611499398947,0.007671868894249201,-1.581788063049316
1777498878299650560,-0.002463195938616991,0.0078464075922966,-1.582068204879761
1777498878309738240,-0.001909063779748976,0.008124809712171555,-1.582444190979004
1777498878319806208,-0.001422156463377178,0.008133980445563793,-1.582799792289734
1777498878329854720,-0.0009644613019190729,0.008313520811498165,-1.583106160163879
1777498878339883520,-0.0006024736794643104,0.008466850966215134,-1.583349943161011
1777498878349893120,-0.0002589494979474694,0.008850150741636753,-1.583522081375122
1777498878359883264,-8.342289220308885e-05,0.009027403779327869,-1.583621859550476
1777498878369853952,-8.822327072266489e-05,0.009203081019222736,-1.583620429039001
1777498878379806976,-0.0001476662437198684,0.009347309358417988,-1.583536148071289
1777498878389742336,-0.0004725000180769712,0.009734755381941795,-1.583421945571899
1777498878399658496,-0.0007201916887424886,0.01003461796790361,-1.583242893218994
1777498878409555200,-0.001244260929524899,0.0101705901324749,-1.582995891571045
1777498878419432960,-0.001780534628778696,0.01028331648558378,-1.582675933837891
1777498878429291520,-0.002087621949613094,0.01025112252682447,-1.582394361495972
1777498878439130880,-0.002342443214729428,0.01013938058167696,-1.582166433334351
1777498878448950784,-0.002557984320446849,0.00991774071007967,-1.581953644752502
1777498878458751488,-0.002574386307969689,0.009723477065563202,-1.581768274307251
1777498878468534016,-0.002487560268491507,0.009393353015184402,-1.581633448600769
1777498878478759424,-0.002284829039126635,0.008975587785243988,-1.581584572792053
1777498878488964864,-0.002113386988639832,0.008418401703238487,-1.581564545631409
1777498878499150848,-0.001908376929350197,0.007782863453030586,-1.5815509557724
1777498878509316864,-0.001809829263947904,0.007182972971349955,-1.581524014472961
1777498878519462912,-0.001690120901912451,0.006520108319818974,-1.581496119499207
1777498878529590272,-0.001694265985861421,0.005797781050205231,-1.581453084945679
1777498878539698688,-0.001694998238235712,0.00502815144136548,-1.58141815662384
1777498878549787648,-0.001778670470230281,0.00418498832732439,-1.581409215927124
1777498878559857408,-0.001859763055108488,0.003425617935135961,-1.581413388252258
1777498878569907456,-0.002016473328694701,0.002617491176351905,-1.58144474029541
1777498878579938048,-0.00229245238006115,0.001910959952510893,-1.581482172012329
1777498878589949952,-0.002560416935011744,0.001325947232544422,-1.581510066986084
1777498878599942144,-0.002825766336172819,0.0008845346746966243,-1.581552147865295
1777498878609915136,-0.003141063032671809,0.0006517459987662733,-1.581620693206787
1777498878619869184,-0.003165293717756867,0.000607903697527945,-1.581718683242798
1777498878629804032,-0.002962841419503093,0.0003728580195456743,-1.581939578056335
1777498878639719424,-0.002586428308859468,-0.0001821572805056348,-1.582270860671997
1777498878649615872,-0.002652755239978433,-0.000801735557615757,-1.58267080783844
1777498878659492864,-0.002825628267601132,-0.000711523462086916,-1.583171486854553
1777498878669351168,-0.002527892822399735,-0.0001193933421745896,-1.583771944046021
1777498878679190016,-0.002051429357379675,0.0005500243860296905,-1.584388494491577
1777498878689013504,-0.001569236512295902,0.0008872589678503573,-1.584891319274902
1777498878698821120,-0.001626025885343552,0.001175524666905403,-1.5853431224823
1777498878708609536,-0.001410189550369978,0.002074286341667175,-1.585837244987488
1777498878718611968,-0.0009965223725885153,0.003271413734182715,-1.586401700973511
1777498878728827392,-0.000724778336007148,0.004211357329040766,-1.586923480033875
1777498878739023360,-0.0006991463014855981,0.004832925274968147,-1.587352633476257
1777498878749199360,-0.0005576566327363253,0.005680555943399668,-1.587719798088074
1777498878759355904,-0.0003872509114444256,0.006851171143352985,-1.588121175765991
1777498878769493760,-0.0002792082668747753,0.008206926286220551,-1.588508129119873
1777498878779612416,-0.0003751949407160282,0.009319180622696877,-1.588854074478149
1777498878789711616,-0.0005176582490094006,0.01035644207149744,-1.589035630226135
1777498878799790848,-0.0005688382661901414,0.01148701179772615,-1.589186310768127
1777498878809850880,-0.0006754184723831713,0.01275275740772486,-1.589315891265869
1777498878819891456,-0.0007577521610073745,0.01393979601562023,-1.589417099952698
1777498878829912576,-0.0008253103005699813,0.01498999446630478,-1.589452981948853
1777498878839915008,-0.0009900884469971061,0.01586221903562546,-1.589451193809509
1777498878849898240,-0.001210821908898652,0.01674143597483635,-1.589439630508423
1777498878859862528,-0.001186669804155827,0.01770821027457714,-1.589416027069092
1777498878869807360,-0.001311580068431795,0.01845672912895679,-1.589386940002441
1777498878879732736,-0.001680415356531739,0.01887300051748753,-1.58929443359375
1777498878889638912,-0.002093360060825944,0.01920524425804615,-1.589190006256104
1777498878899525632,-0.002162310294806957,0.01958923973143101,-1.58911657333374
1777498878909393152,-0.002032265765592456,0.01982933655381203,-1.589081406593323
1777498878919241472,-0.002000749111175537,0.01980746537446976,-1.589028239250183
1777498878929071616,-0.001871486892923713,0.01964105293154716,-1.588937759399414
1777498878938889728,-0.001828598673455417,0.01948945783078671,-1.588803052902222
1777498878948688640,-0.001821204321458936,0.01933077722787857,-1.588711500167847
1777498878958696704,-0.001989538781344891,0.01895717903971672,-1.588598370552063
1777498878968913152,-0.002447611419484019,0.0183708555996418,-1.588476181030273
1777498878979110144,-0.002757458714768291,0.01780694164335728,-1.58835506439209
1777498878989287168,-0.002909593051299453,0.01728648692369461,-1.58826470375061
1777498878999444736,-0.003136847168207169,0.01655150391161442,-1.58820629119873
1777498879009582592,-0.003183834254741669,0.0158759132027626,-1.588185548782349
1777498879019701760,-0.002917515346780419,0.01514114998281002,-1.588218092918396
1777498879029801728,-0.002759222872555256,0.0143079599365592,-1.588377952575684
1777498879039881984,-0.002480725990608335,0.0134680550545454,-1.588572978973389
1777498879049942528,-0.002324580447748303,0.01262422930449247,-1.588764071464539
1777498879059983616,-0.002292223274707794,0.01183897349983454,-1.58891761302948
1777498879070005248,-0.002344765234738588,0.01115357596427202,-1.589045286178589
1777498879080007424,-0.002227060031145811,0.01056724973022938,-1.58917760848999
1777498879089989888,-0.002026020549237728,0.009920027107000351,-1.58934473991394
1777498879099952896,-0.001720332424156368,0.009261014871299267,-1.589558005332947
1777498879109896704,-0.001336001674644649,0.008674509823322296,-1.589753389358521
1777498879119821056,-0.0009906177874654531,0.008145270869135857,-1.589978337287903
1777498879129726208,-0.0007608507294207811,0.007685844320803881,-1.590083241462708
1777498879139612160,-0.0009069864172488451,0.007282591890543699,-1.590101599693298
1777498879149479168,-0.001100949477404356,0.007073360495269299,-1.589958786964417
1777498879159326976,-0.001251420471817255,0.006985857617110014,-1.58965277671814
1777498879169155072,-0.001801316044293344,0.00697645777836442,-1.589200854301453
1777498879178964736,-0.001809132634662092,0.006816784851253033,-1.588733077049255
1777498879188755712,-0.002163340570405126,0.006215360015630722,-1.588474869728088
1777498879198759936,-0.00280632427893579,0.00551491416990757,-1.588276863098145
1777498879208977664,-0.003207157365977764,0.005315331276506186,-1.588054418563843
1777498879219175680,-0.00331916892901063,0.005479397717863321,-1.587817788124084
1777498879229354752,-0.00326380948536098,0.005327283404767513,-1.587585926055908
1777498879239513856,-0.003145473077893257,0.005088089033961296,-1.587274193763733
1777498879249653248,-0.003245050786063075,0.004700316581875086,-1.586972713470459
1777498879259773184,-0.003166894195601344,0.004716509953141212,-1.586757898330688
1777498879269873408,-0.003058054950088263,0.004922647494822741,-1.586637020111084
1777498879279954432,-0.003134549595415592,0.005226091481745243,-1.586561799049377
1777498879290016256,-0.003452126635238528,0.005461495835334063,-1.586525082588196
1777498879300059648,-0.003462961874902248,0.006002334412187338,-1.586492896080017
1777498879310083840,-0.003229531226679683,0.006489506457000971,-1.586474418640137
1777498879320088064,-0.003047802252694964,0.006951525341719389,-1.586451053619385
1777498879330073088,-0.00285345409065485,0.007254394702613354,-1.586414933204651
1777498879340038656,-0.002390831708908081,0.007754845544695854,-1.586418032646179
1777498879349984512,-0.002048483351245522,0.008352764882147312,-1.586428999900818
1777498879359911168,-0.001702115056104958,0.009065105579793453,-1.586430072784424
1777498879369818624,-0.001495692180469632,0.009683309122920036,-1.586464285850525
1777498879379707136,-0.001232394250109792,0.01009945943951607,-1.586481094360352
1777498879389576192,-0.001174426288343966,0.01041904557496309,-1.586403608322144
1777498879399426048,-0.001149945775978267,0.0106553016230464,-1.586233019828796
1777498879409256448,-0.001193991512991488,0.0108677027747035,-1.585994243621826
1777498879419067648,-0.001315864967182279,0.01095608528703451,-1.585675597190857
1777498879428859904,-0.001596293761394918,0.01090939436107874,-1.585288524627686
1777498879438632704,-0.002035986399278045,0.0108645036816597,-1.584921479225159
1777498879448851968,-0.002221296774223447,0.01084990799427032,-1.584585189819336
1777498879459051264,-0.002493909327313304,0.01059513632208109,-1.58423376083374
1777498879469231360,-0.00288395956158638,0.01023200154304504,-1.583869934082031
1777498879479392256,-0.003514468669891357,0.009876505471765995,-1.583564400672913
1777498879489533184,-0.00382715743035078,0.009628442116081715,-1.583358883857727
1777498879499654400,-0.003788687288761139,0.009156220592558384,-1.583152055740356
1777498879509756160,-0.003924723248928785,0.008549513295292854,-1.582989096641541
1777498879519838208,-0.003807748667895794,0.0078944256529212,-1.58290708065033
1777498879529900288,-0.003547308966517448,0.007326377555727959,-1.582936406135559
1777498879539942912,-0.0031614457257092,0.00696723535656929,-1.583052396774292
1777498879549966080,-0.002925861859694123,0.006293464917689562,-1.583225250244141
1777498879559969792,-0.002604958601295948,0.005787023808807135,-1.58335292339325
1777498879569954048,-0.002121102064847946,0.005273797549307346,-1.583500504493713
1777498879579918848,-0.001664571813307703,0.004966237116605043,-1.583596348762512
1777498879589866752,-0.001448654802516103,0.004694557283073664,-1.583661437034607
1777498879599797248,-0.001163251232355833,0.004490857012569904,-1.583696484565735
1777498879609708800,-0.00102062220685184,0.004321498330682516,-1.583672404289246
1777498879619601408,-0.001022987766191363,0.004205692559480667,-1.583598732948303
1777498879629474816,-0.001204548752866685,0.004239761736243963,-1.583436012268066
1777498879639329536,-0.001388318953104317,0.004326165188103914,-1.583223104476929
1777498879649164800,-0.001724293222650886,0.004491976927965879,-1.582968592643738
1777498879658981376,-0.002058204729110003,0.004810016136616468,-1.582639336585999
1777498879668779008,-0.002429981017485261,0.005414904095232487,-1.582252025604248
1777498879678557696,-0.00218321243301034,0.006022226996719837,-1.581822037696838
1777498879688777728,-0.002052752999588847,0.00613976689055562,-1.581521034240723
1777498879698977792,-0.001899972558021545,0.006201503332704306,-1.581263065338135
1777498879709158144,-0.00178175326436758,0.006267102435231209,-1.580978512763977
1777498879719320064,-0.001538797048851848,0.006820642855018377,-1.580716013908386
1777498879729462016,-0.001076990156434476,0.007156414911150932,-1.580356478691101
1777498879739584256,-0.000782624410931021,0.007221551612019539,-1.579809308052063
1777498879749687040,-0.001182532054372132,0.00708432774990797,-1.579154491424561
1777498879759770112,-0.001413510181009769,0.007352533750236034,-1.578514933586121
1777498879769833472,-0.001630133134312928,0.007809245958924294,-1.577895045280457
1777498879779877376,-0.002226575510576367,0.008185872808098793,-1.577264070510864
1777498879789901568,-0.002758285496383905,0.008502381853759289,-1.576589465141296
1777498879799906816,-0.002988648600876331,0.008818086236715317,-1.57591438293457
1777498879809892608,-0.002911662915721536,0.009233217686414719,-1.575278282165527
1777498879819858688,-0.002889931434765458,0.009483975358307362,-1.574680685997009
1777498879829805056,-0.00270710070617497,0.009756876155734062,-1.574121594429016
1777498879839731968,-0.002564004622399807,0.009904890321195126,-1.57362163066864
1777498879849639168,-0.002268863143399358,0.01015708316117525,-1.573133230209351
1777498879859526912,-0.002055755816400051,0.01034578587859869,-1.572702765464783
1777498879869395456,-0.001752943033352494,0.01059832889586687,-1.572289228439331
1777498879879248896,-0.001632382278330624,0.01056650653481483,-1.571864604949951
1777498879889086208,-0.001479851081967354,0.01070345565676689,-1.5713791847229
1777498879898904832,-0.001422576373443007,0.01068165432661772,-1.570896029472351
1777498879908704256,-0.001276000053621829,0.01076325867325068,-1.570384860038757
1777498879918484480,-0.001250846777111292,0.01060537807643414,-1.569876670837402
1777498879928709888,-0.001376769389025867,0.01038604509085417,-1.569369912147522
1777498879938915584,-0.001568690757267177,0.01009361259639263,-1.568864226341248
1777498879949101568,-0.001591238426044583,0.009975215420126915,-1.568371534347534
1777498879959267840,-0.001640049973502755,0.009702417999505997,-1.567913174629211
1777498879969414656,-0.00168007705360651,0.009372403845191002,-1.567399740219116
1777498879979541504,-0.001818231656216085,0.008902367204427719,-1.566863894462585
1777498879989648640,-0.00208722916431725,0.008425378240644932,-1.566345691680908
1777498879999736320,-0.002227907767519355,0.008009417913854122,-1.565829753875732
1777498880009804288,-0.002260196255519986,0.007620424963533878,-1.565369009971619
1777498880019852544,-0.002170245163142681,0.007278076838701963,-1.564965486526489
1777498880029883136,-0.001802767044864595,0.00692949490621686,-1.564603686332703
1777498880039895808,-0.001351360231637955,0.006485430523753166,-1.56428599357605
1777498880049889280,-0.001277175033465028,0.005880734417587519,-1.56397020816803
1777498880059863552,-0.001163865206763148,0.005492267664521933,-1.563609838485718
1777498880069818624,-0.0008429517620243132,0.005139898043125868,-1.563251256942749
1777498880079754496,-0.0006468947976827621,0.00486245471984148,-1.562776684761047
1777498880089671168,-0.0004867947136517614,0.004635802004486322,-1.562236070632935
1777498880099568384,-0.0005003128899261355,0.004477677866816521,-1.561657667160034
1777498880109446912,-0.0004130882152821869,0.004433354828506708,-1.561084866523743
1777498880119306496,-0.0005015540518797934,0.004338613711297512,-1.560489177703857
1777498880129146624,-0.0005595515831373632,0.004365382250398397,-1.559841275215149
1777498880138967808,-0.0005804923712275922,0.004425412509590387,-1.559151768684387
1777498880148769792,-0.0004000588960479945,0.005051200743764639,-1.55841588973999
1777498880158552576,-0.0001758627768140286,0.005605177953839302,-1.557660460472107
1777498880168552192,-9.308205335400999e-05,0.006478865630924702,-1.556902289390564
1777498880178768384,0.0003383837465662509,0.007146117277443409,-1.556050658226013
1777498880188964864,0.0003049206861760467,0.00775075750425458,-1.555168151855469
1777498880199141632,0.0002014757919823751,0.008321399800479412,-1.554185748100281
1777498880209299200,0.0001443268411094323,0.009345126338303089,-1.553163170814514
1777498880219436800,0.0003337378730066121,0.01051460299640894,-1.552092552185059
1777498880229556224,0.0003051867242902517,0.01151357032358646,-1.550945997238159
1777498880239655936,0.0001444695662939921,0.0121881514787674,-1.549736738204956
1777498880249735936,1.937267734319903e-05,0.01298885233700275,-1.548476815223694
1777498880259796480,0.0001786143548088148,0.01396582461893559,-1.547209143638611
1777498880269837824,0.0003212454030290246,0.01505806297063828,-1.545880556106567
1777498880279859456,0.0003715827770065516,0.01598209142684937,-1.544418811798096
1777498880289861632,0.0003283041878603399,0.01682892441749573,-1.542884349822998
1777498880299844352,0.000481004361063242,0.01787500642240047,-1.541285276412964
1777498880309808640,0.0005572974332608283,0.01877187751233578,-1.539617419242859
1777498880319753472,0.0005421977257356048,0.01973266154527664,-1.537868857383728
1777498880329678848,0.0006559446337632835,0.02072098292410374,-1.536011695861816
1777498880339585024,0.000937902950681746,0.02176359854638577,-1.534126162528992
1777498880349472000,0.001073748688213527,0.02268625609576702,-1.532153129577637
1777498880359339520,0.001147541333921254,0.02352196909487247,-1.530025005340576
1777498880369188096,0.001023623859509826,0.02414840087294579,-1.527759909629822
1777498880379017472,0.000848340627271682,0.02478227578103542,-1.525324940681458
1777498880388832512,0.0005928617902100086,0.02528861351311207,-1.52276086807251
1777498880398631680,0.000265610171481967,0.02578045055270195,-1.520132780075073
1777498880408639744,-3.224872125429101e-05,0.02610788680613041,-1.517419338226318
1777498880418856192,-0.0003625640529207885,0.02635227702558041,-1.514657258987427
1777498880429053184,-0.0007629005704075098,0.02633780054748058,-1.511813044548035
1777498880439230976,-0.001161580090411007,0.02643938362598419,-1.508975267410278
1777498880449388800,-0.001321901334449649,0.02652418985962868,-1.506129741668701
1777498880459526912,-0.001456076861359179,0.02647670730948448,-1.50324809551239
1777498880469645056,-0.001711837714537978,0.02615933492779732,-1.500306248664856
1777498880479743488,-0.002051746938377619,0.0257281381636858,-1.497327923774719
1777498880489821952,-0.002296159276738763,0.02523932792246342,-1.494326829910278
1777498880499880704,-0.002535385545343161,0.02477738074958324,-1.491333484649658
1777498880509921536,-0.00275968131609261,0.02422271482646465,-1.488438367843628
1777498880519944704,-0.002880404004827142,0.02363784611225128,-1.485604882240295
1777498880529948928,-0.002905630972236395,0.0230406392365694,-1.482844471931458
1777498880539933696,-0.002917527919635177,0.02261876314878464,-1.480171322822571
1777498880549899264,-0.002698693657293916,0.02226129733026028,-1.47754180431366
1777498880559845632,-0.002544829854741693,0.02200217917561531,-1.474939584732056
1777498880569772800,-0.002336769131943583,0.02181033976376057,-1.472393155097961
1777498880579680512,-0.002158943796530366,0.02165173552930355,-1.469879269599915
1777498880589569536,-0.001934856525622308,0.02172029949724674,-1.467419862747192
1777498880599439360,-0.001730364747345448,0.02178792655467987,-1.464962482452393
1777498880609290240,-0.001651347614824772,0.0220529418438673,-1.462534666061401
1777498880619121664,-0.001669181510806084,0.02243742346763611,-1.460113167762756
1777498880628934144,-0.00154197693336755,0.02298762090504169,-1.457672476768494
1777498880638727936,-0.001101680682040751,0.02367209829390049,-1.455207109451294
1777498880648502272,-0.0004381359904073179,0.02439083717763424,-1.452750205993652
1777498880658719232,0.0007126434938982129,0.02520892769098282,-1.450253009796143
1777498880668916224,0.002021558815613389,0.02602201141417027,-1.447731137275696
1777498880679093760,0.003240543650463223,0.02685166522860527,-1.445057034492493
1777498880689251328,0.004350023809820414,0.02776993438601494,-1.44218909740448
1777498880699388672,0.005043947603553534,0.02870210446417332,-1.439002156257629
1777498880709508096,0.005253562238067389,0.02961601875722408,-1.435433745384216
1777498880719607808,0.005162735003978014,0.03045234642922878,-1.431474924087524
1777498880729687808,0.004507959820330143,0.03118142299354076,-1.427286624908447
1777498880739748096,0.003439899068325758,0.03202799707651138,-1.422852993011475
1777498880749789184,0.002283419482409954,0.03281290829181671,-1.418241739273071
1777498880759811072,0.001189026865176857,0.03366830572485924,-1.413465261459351
1777498880769813248,0.0002541961730457842,0.03435457870364189,-1.408531904220581
1777498880779795968,-0.0007043542573228478,0.03490353003144264,-1.40349018573761
1777498880789759744,-0.001417194725945592,0.03560831770300865,-1.398332715034485
1777498880799704064,-0.001968810334801674,0.03637845814228058,-1.393136143684387
1777498880809629184,-0.002361629856750369,0.03722244501113892,-1.387911796569824
1777498880819534848,-0.002790826605632901,0.03777172788977623,-1.382643938064575
1777498880829421056,-0.003009479725733399,0.03861783072352409,-1.377429127693176
1777498880839288064,-0.002977761905640364,0.03944272547960281,-1.372234106063843
1777498880849135616,-0.003015606664121151,0.04046035557985306,-1.36703634262085
1777498880858963968,-0.003235518932342529,0.0412529744207859,-1.361793756484985
1777498880868773888,-0.003317872993648052,0.04223116487264633,-1.356554508209229
1777498880878564608,-0.003231879556551576,0.04314802214503288,-1.351356267929077
1777498880888336384,-0.003185917157679796,0.04410251602530479,-1.346177339553833
1777498880898555136,-0.002919003833085299,0.04502269998192787,-1.341020941734314
1777498880908754176,-0.002651326125487685,0.04591510072350502,-1.335934281349182
1777498880918933504,-0.002297997940331697,0.04680680856108665,-1.330795288085938
1777498880929093888,-0.001929462770931423,0.04770988970994949,-1.325608849525452
1777498880939234816,-0.00165556138381362,0.04850582405924797,-1.320337533950806
1777498880949356288,-0.001249660272151232,0.04926565289497375,-1.314946174621582
1777498880959457792,-0.0007363153854385018,0.04991047456860542,-1.309529900550842
1777498880969540352,-0.00042698610923253,0.05042962357401848,-1.303974270820618
1777498880979602944,-0.0001468879490857944,0.05083321779966354,-1.298294425010681
1777498880989645824,0.0001454381854273379,0.05125141516327858,-1.292483687400818
1777498880999669248,0.0003561439225450158,0.05158093944191933,-1.286469340324402
1777498881009673472,0.0006056091515347362,0.05184996873140335,-1.280321002006531
1777498881019657984,0.0007723768940195441,0.0520063042640686,-1.273999571800232
1777498881029622784,0.000866666785441339,0.05204897373914719,-1.267473459243774
1777498881039568128,0.0009055262780748308,0.05201990529894829,-1.260805487632751
1777498881049494272,0.0006346228183247149,0.05188670381903648,-1.253912568092346
1777498881059401216,2.612870594020933e-05,0.05169864743947983,-1.246756315231323
1777498881069288448,-0.0006031703087501228,0.05169461295008659,-1.239361524581909
1777498881079156224,-0.001342349802143872,0.05168524011969566,-1.231824278831482
1777498881089009408,-0.002191336592659354,0.05168316885828972,-1.224133729934692
1777498881098847744,-0.003148744348436594,0.05172115191817284,-1.216427326202393
1777498881108666880,-0.004099986050277948,0.05203425511717796,-1.208746552467346
1777498881118467072,-0.004785398487001657,0.05265422537922859,-1.201139092445374
1777498881128247808,-0.006070702336728573,0.05327226966619492,-1.193665146827698
1777498881138472960,-0.006681774277240038,0.05444068089127541,-1.186348915100098
1777498881148678400,-0.006946675479412079,0.0554058775305748,-1.179171681404114
1777498881158864128,-0.00726597011089325,0.05649235099554062,-1.172057151794434
1777498881169030144,-0.00754084438085556,0.05759916082024574,-1.165037631988525
1777498881179177984,-0.007506158202886581,0.05918284505605698,-1.158212900161743
1777498881189306112,-0.007465389557182789,0.06100849062204361,-1.15165114402771
1777498881199414784,-0.007465401664376259,0.06266583502292633,-1.1451256275177
1777498881209503744,-0.007785475347191095,0.06414740532636642,-1.138532876968384
1777498881219573504,-0.008083980530500412,0.06583747267723083,-1.131965398788452
1777498881229623808,-0.008087259717285633,0.068106509745121,-1.125483274459839
1777498881239654656,-0.007894175127148628,0.07050991058349609,-1.119133114814758
1777498881249666048,-0.007517197169363499,0.07277277112007141,-1.112894892692566
1777498881259658752,-0.00721440277993679,0.07463347911834717,-1.106709718704224
1777498881269632000,-0.00672089820727706,0.07689215987920761,-1.100642323493958
1777498881279587840,-0.006268438883125782,0.07900238782167435,-1.094638228416443
1777498881289525504,-0.00575593626126647,0.08133532851934433,-1.088587164878845
1777498881299443968,-0.005572881549596786,0.08318839222192764,-1.082418322563171
1777498881309342976,-0.005580063909292221,0.08499542623758316,-1.076048493385315
1777498881319223040,-0.005494071170687675,0.08663473278284073,-1.069495558738708
1777498881329083904,-0.005561436992138624,0.08834580332040787,-1.062825441360474
1777498881338925568,-0.005871695000678301,0.08960971981287003,-1.056049466133118
1777498881348747776,-0.006228681188076735,0.09077557921409607,-1.049146413803101
1777498881358551296,-0.006735762115567923,0.09163989871740341,-1.042140483856201
1777498881368336128,-0.007182992994785309,0.09254753589630127,-1.03508996963501
1777498881378562048,-0.007543823681771755,0.09319467097520828,-1.028006792068481
1777498881388768256,-0.007899323478341103,0.09369365125894547,-1.020916700363159
1777498881398955008,-0.008281267248094082,0.09393084049224854,-1.013722538948059
1777498881409121792,-0.008703054860234261,0.0940731093287468,-1.006443858146667
1777498881419268864,-0.009070707485079765,0.09415238350629807,-0.9990836977958679
1777498881429397248,-0.009608577936887741,0.09401816874742508,-0.9916110634803772
1777498881439507456,-0.01007293909788132,0.09386179596185684,-0.9840074181556702
1777498881449598464,-0.01060222089290619,0.09345011413097382,-0.9764147996902466
1777498881459669760,-0.01108355820178986,0.09313676506280899,-0.9688894748687744
1777498881469721856,-0.01151870936155319,0.0926772803068161,-0.9614407420158386
1777498881479754240,-0.0125798936933279,0.09231741726398468,-0.9540795087814331
1777498881489767168,-0.01327774953097105,0.09223157167434692,-0.9468351006507874
1777498881499760640,-0.013643404468894,0.09205690026283264,-0.93967604637146
1777498881509734912,-0.0139766363427043,0.09186241775751114,-0.932603120803833
1777498881519689984,-0.01429391279816628,0.09148426353931427,-0.9255948066711426
1777498881529625600,-0.0140406247228384,0.09161879867315292,-0.9186654090881348
1777498881539541760,-0.01357599627226591,0.09174932539463043,-0.9118819832801819
1777498881549438208,-0.01319457590579987,0.09199466556310654,-0.9052258729934692
1777498881559315456,-0.01269584335386753,0.0920996218919754,-0.8986734747886658
1777498881569173248,-0.01227259915322065,0.09246114641427994,-0.8921823501586914
1777498881579012096,-0.01188627909868956,0.09291376918554306,-0.8857278823852539
1777498881588832000,-0.01166058517992496,0.09359021484851837,-0.8792383074760437
1777498881598633472,-0.01147140469402075,0.09421844035387039,-0.8727136254310608
1777498881608416000,-0.0112429354339838,0.09485401213169098,-0.8660975694656372
1777498881618415360,-0.01098628994077444,0.09545109421014786,-0.8594199419021606
1777498881628631296,-0.01067936699837446,0.09600844234228134,-0.8527252078056335
1777498881638827264,-0.0101187638938427,0.09667636454105377,-0.8459611535072327
1777498881649004288,-0.009613522328436375,0.09718145430088043,-0.8391139507293701
1777498881659161344,-0.009276446886360645,0.09759832173585892,-0.8321768045425415
1777498881669298944,-0.008919753134250641,0.09793321788311005,-0.8250700235366821
1777498881679416832,-0.008635186590254307,0.09839430451393127,-0.8178998231887817
1777498881689515264,-0.008550642058253288,0.09862487763166428,-0.8105739951133728
1777498881699593984,-0.008703931234776974,0.09877440333366394,-0.8030533194541931
1777498881709652992,-0.009107552468776703,0.09878963232040405,-0.7953935265541077
1777498881719692800,-0.009663520380854607,0.09908147901296616,-0.7876085638999939
1777498881729716736,-0.01017452217638493,0.09931640326976776,-0.7796796560287476
1777498881739721472,-0.0106477178633213,0.09964010119438171,-0.7717221975326538
1777498881749706752,-0.01110966503620148,0.09974683821201324,-0.7637853026390076
1777498881759672320,-0.01195658557116985,0.100063256919384,-0.7559493780136108
1777498881769618944,-0.01239993702620268,0.1005885452032089,-0.7483087778091431
1777498881779546112,-0.01263662055134773,0.1010014861822128,-0.74077308177948
1777498881789453824,-0.01295706164091825,0.1012861654162407,-0.7332612872123718
1777498881799342080,-0.01303273532539606,0.1015819534659386,-0.725822389125824
1777498881809211904,-0.01268783770501614,0.1021545454859734,-0.7185214161872864
1777498881819062528,-0.0119823319837451,0.1029365509748459,-0.7113050818443298
1777498881828894208,-0.01130797527730465,0.1035784706473351,-0.7041571140289307
1777498881838706432,-0.01075481809675694,0.1041179597377777,-0.6970772743225098
1777498881848499712,-0.009950318373739719,0.1048732995986938,-0.69012451171875
1777498881858504960,-0.009179494343698025,0.105688787996769,-0.6832795739173889
1777498881868721408,-0.008760551922023296,0.1064994484186172,-0.6764825582504272
1777498881878917888,-0.008155719377100468,0.1072136089205742,-0.6696683764457703
1777498881889094912,-0.007585832383483648,0.1078580245375633,-0.6628993153572083
1777498881899252480,-0.007335991133004427,0.1082235053181648,-0.656105101108551
1777498881909390336,-0.007167455740272999,0.1086135059595108,-0.6492575407028198
1777498881919507968,-0.007011175155639648,0.1088994815945625,-0.6422911882400513
1777498881929606144,-0.007199527695775032,0.1090619117021561,-0.6352048516273499
1777498881939684864,-0.007265081163495779,0.1091350913047791,-0.6280657052993774
1777498881949743616,-0.007264158222824335,0.1090513840317726,-0.6209179162979126
1777498881959782656,-0.007353588473051786,0.1090370491147041,-0.6137770414352417
1777498881969802496,-0.007354151923209429,0.1088126972317696,-0.6066937446594238
1777498881979802880,-0.007354369387030602,0.108541876077652,-0.5997085571289062
1777498881989783808,-0.007499901112169027,0.1081526651978493,-0.5927243828773499
1777498881999745280,-0.007633694447577,0.1076348647475243,-0.5857883095741272
1777498882009687552,-0.007640765514224768,0.1071249917149544,-0.5788704752922058
1777498882019610368,-0.007683072239160538,0.1063769608736038,-0.5719708800315857
1777498882029518592,-0.007638321723788977,0.105683907866478,-0.5650720596313477
1777498882039407360,-0.007664591073989868,0.1046821549534798,-0.5580265522003174
1777498882049276928,-0.007958348840475082,0.1037983000278473,-0.5509246587753296
1777498882059127040,-0.008204322308301926,0.1029622256755829,-0.5438100099563599
1777498882068958464,-0.00831650011241436,0.1022428050637245,-0.5366578698158264
1777498882078770432,-0.008490582928061485,0.1013016030192375,-0.5295037031173706
1777498882088563200,-0.00890735536813736,0.1003379970788956,-0.5224304795265198
1777498882098568704,-0.009095041081309319,0.09963083267211914,-0.5154634714126587
1777498882108786432,-0.009199117310345173,0.09900857508182526,-0.5086306929588318
1777498882118984192,-0.009890611283481121,0.09846150130033493,-0.5017896890640259
1777498882129162752,-0.01090252492576838,0.09778039157390594,-0.4949446618556976
1777498882139322112,-0.01174286846071482,0.09734050184488297,-0.4881442189216614
1777498882149461760,-0.01243761088699102,0.09706380218267441,-0.4814345240592957
1777498882159581440,-0.01297076232731342,0.09665577113628387,-0.4747467339038849
1777498882169681664,-0.01326536107808352,0.09625913202762604,-0.4681795835494995
1777498882179761920,-0.01302125211805105,0.0960921123623848,-0.4617786705493927
1777498882189822464,-0.0123414620757103,0.09593013674020767,-0.4555310010910034
1777498882199863040,-0.01153448037803173,0.0956648513674736,-0.4494397640228271
1777498882209884416,-0.01074292603880167,0.09536504000425339,-0.4434861838817596
1777498882219886592,-0.009959385730326176,0.09503256529569626,-0.4376082420349121
1777498882229869568,-0.009323971346020699,0.09488920867443085,-0.4316716194152832
1777498882239833088,-0.008743987418711185,0.09464424848556519,-0.4256192445755005
1777498882249776896,-0.00854621734470129,0.09424304962158203,-0.4194274544715881
1777498882259701248,-0.008684867061674595,0.09367143362760544,-0.4130815863609314
1777498882269606144,-0.008907845243811607,0.09336061030626297,-0.406591385602951
1777498882279491584,-0.009406514465808868,0.09298521280288696,-0.4000053107738495
1777498882289358336,-0.01012958399951458,0.09247656166553497,-0.3932958841323853
1777498882299213056,-0.0107722133398056,0.09165431559085846,-0.3865382671356201
1777498882309048576,-0.01171238906681538,0.09080184251070023,-0.3797394335269928
1777498882318865408,-0.0125208729878068,0.08994148671627045,-0.372915506362915
1777498882328662528,-0.01306157186627388,0.08926775306463242,-0.3661410808563232
1777498882338440960,-0.0139732388779521,0.08829174190759659,-0.3593862652778625
1777498882348660224,-0.01546589005738497,0.08728449046611786,-0.3527502417564392
1777498882358859776,-0.01645323820412159,0.08652916550636292,-0.3463036417961121
1777498882369039360,-0.0170295462012291,0.08578954637050629,-0.3399919867515564
1777498882379200000,-0.01768754981458187,0.08477768301963806,-0.3338403701782227
1777498882389340928,-0.01802627742290497,0.08394345641136169,-0.3278635740280151
1777498882399462144,-0.01794295571744442,0.08337105065584183,-0.3221990466117859
1777498882409563904,-0.01755574904382229,0.08287670463323593,-0.3167970180511475
1777498882419645696,-0.01727638207376003,0.08241202682256699,-0.3115857839584351
1777498882429708032,-0.01697171851992607,0.08167632669210434,-0.3065623342990875
1777498882439750656,-0.01659775152802467,0.08131261914968491,-0.3017662167549133
1777498882449773824,-0.01598935201764107,0.0809553787112236,-0.2971832156181335
1777498882459777536,-0.0155989034101367,0.08075367659330368,-0.292756050825119
1777498882469762048,-0.01541201490908861,0.08026966452598572,-0.2883789241313934
1777498882479727104,-0.0154429329559207,0.08007796853780746,-0.2840093374252319
1777498882489672704,-0.01560071762651205,0.08013022691011429,-0.279627799987793
1777498882499598848,-0.01639276556670666,0.08032859116792679,-0.2751708626747131
1777498882509509376,-0.01751629821956158,0.08052731305360794,-0.2705844938755035
1777498882519400960,-0.01905007287859917,0.08064717799425125,-0.2657924592494965
1777498882529273600,-0.0212760716676712,0.08100671321153641,-0.2608620822429657
1777498882539126784,-0.02354453317821026,0.08165134489536285,-0.2557463943958282
1777498882548961536,-0.02562535740435123,0.08212731778621674,-0.2504679262638092
1777498882558777088,-0.02844744920730591,0.08200085908174515,-0.2450590133666992
1777498882568573440,-0.03164809569716454,0.08165058493614197,-0.2396655082702637
1777498882578350848,-0.03450602665543556,0.08183150738477707,-0.2342851907014847
1777498882588570880,-0.03680965304374695,0.08260957151651382,-0.2290239185094833
1777498882598770944,-0.03948359936475754,0.08290544897317886,-0.2238156646490097
1777498882608951040,-0.04172246158123016,0.08296120166778564,-0.2187061607837677
1777498882619111680,-0.04291744530200958,0.08347054570913315,-0.2139427810907364
1777498882629253120,-0.04313035309314728,0.08424996584653854,-0.2096364498138428
1777498882639374592,-0.04351877793669701,0.08517506718635559,-0.2059273570775986
1777498882649476608,-0.04269274696707726,0.08699334412813187,-0.2025109380483627
1777498882659558656,-0.04171871766448021,0.08761567622423172,-0.1993605643510818
1777498882669621504,-0.04052188247442245,0.08857639133930206,-0.1963982880115509
1777498882679664384,-0.03950038552284241,0.09005382657051086,-0.1935096383094788
1777498882689687296,-0.0387379564344883,0.09148772060871124,-0.1907870471477509
1777498882699691008,-0.03728699311614037,0.09337025135755539,-0.188210666179657
1777498882709675264,-0.03621441125869751,0.09428806602954865,-0.185655266046524
1777498882719639808,-0.03629551455378532,0.09548109769821167,-0.1831689178943634
1777498882729584896,-0.03586545214056969,0.09690015763044357,-0.1808431446552277
1777498882739510528,-0.03530847653746605,0.09943881630897522,-0.1786857098340988
1777498882749416704,-0.03505734726786613,0.1014466732740402,-0.1765108853578568
1777498882759303424,-0.03506062924861908,0.1032389178872108,-0.1743010878562927
1777498882769170944,-0.03433997929096222,0.1046191230416298,-0.1721809208393097
1777498882779022848,-0.03389914333820343,0.1058205589652061,-0.1702080070972443
1777498882788859648,-0.03326864168047905,0.1068631187081337,-0.168289452791214
1777498882798676992,-0.03248796612024307,0.1080654636025429,-0.1664872318506241
1777498882808475392,-0.03158509731292725,0.1093389764428139,-0.1647382974624634
1777498882818254848,-0.03090708144009113,0.1103705167770386,-0.163084551692009
1777498882828481024,-0.03020689822733402,0.1107199117541313,-0.161532387137413
1777498882838687488,-0.02959669381380081,0.1113287284970284,-0.1598327606916428
1777498882848874496,-0.02932572551071644,0.1116872429847717,-0.1579710245132446
1777498882859042048,-0.02873928658664227,0.1128416582942009,-0.1559925973415375
1777498882869189888,-0.02840533293783665,0.1142253503203392,-0.1541200131177902
1777498882879318272,-0.02843930013477802,0.1149836182594299,-0.1524146944284439
1777498882889426944,-0.02869710326194763,0.115074597299099,-0.1507521718740463
1777498882899516672,-0.02863129787147045,0.1149914637207985,-0.1488499492406845
1777498882909586688,-0.02822278626263142,0.1146378591656685,-0.1466315388679504
1777498882919636992,-0.02717165276408195,0.115111455321312,-0.144431471824646
1777498882929668096,-0.02508016303181648,0.1154439598321915,-0.1424494087696075
1777498882939683328,-0.02413497120141983,0.1142701208591461,-0.1405518800020218
1777498882949679104,-0.02205993421375751,0.1138064935803413,-0.1386025100946426
1777498882959655680,-0.01951184682548046,0.1142998412251472,-0.1367088556289673
1777498882969613568,-0.01767437346279621,0.116075687110424,-0.135148361325264
1777498882979552256,-0.0168417114764452,0.1143115609884262,-0.1334328800439835
1777498882989471744,-0.01588274538516998,0.1150887906551361,-0.1313523352146149
1777498882999371776,-0.01649338752031326,0.1150215789675713,-0.1289135962724686
1777498883009252864,-0.01759430393576622,0.1155611649155617,-0.1261735111474991
1777498883019115520,-0.01852751895785332,0.1159763783216476,-0.1229777485132217
1777498883028958976,-0.01859313622117043,0.1158292666077614,-0.119666151702404
1777498883038783488,-0.01946761272847652,0.1150805279612541,-0.116340234875679
1777498883048588800,-0.01948093995451927,0.1152186170220375,-0.1131141483783722
1777498883058375168,-0.0174711849540472,0.11699029058218,-0.1103558018803596
1777498883068376576,-0.01713958010077477,0.1175597608089447,-0.1078924760222435
1777498883078593024,-0.01719078794121742,0.117136649787426,-0.1053125783801079
1777498883088789504,-0.01741611957550049,0.1183906644582748,-0.1027311086654663
1777498883098966784,-0.01624889299273491,0.1191317513585091,-0.1000287309288979
1777498883109124352,-0.01528791710734367,0.1193297654390335,-0.09741548448801041
1777498883119262208,-0.01488765887916088,0.1196511760354042,-0.09482441842556
1777498883129380352,-0.01425938960164785,0.1204553619027138,-0.09239772707223892
1777498883139479296,-0.01396907959133387,0.121213011443615,-0.09001705795526505
1777498883149560064,-0.01404880918562412,0.1226639896631241,-0.08752597123384476
1777498883159621376,-0.01392026245594025,0.1239613369107246,-0.08499332517385483
1777498883169663488,-0.01345016807317734,0.1252059936523438,-0.08251944929361343
1777498883179685888,-0.01288931630551815,0.1264622211456299,-0.08035190403461456
1777498883189689344,-0.01235869619995356,0.1279964298009872,-0.07859958708286285
1777498883199673344,-0.01242223661392927,0.1292382627725601,-0.07694680988788605
1777498883209637888,-0.01285597030073404,0.1313846558332443,-0.07524537295103073
1777498883219583488,-0.01345469243824482,0.1343122124671936,-0.07366989552974701
1777498883229510656,-0.01247391290962696,0.1380134373903275,-0.07181847095489502
1777498883239418624,-0.01162739749997854,0.1407242119312286,-0.06990630924701691
1777498883249307392,-0.01167056430131197,0.142546147108078,-0.06814787536859512
1777498883259177216,-0.01254803594201803,0.1433253139257431,-0.06601288169622421
1777498883269027840,-0.01271224115043879,0.1477932929992676,-0.06380364298820496
1777498883278859520,-0.012741694226861,0.1502843201160431,-0.06187982857227325
1777498883288671488,-0.01333004701882601,0.1521835327148438,-0.06010448560118675
1777498883298464512,-0.01366143673658371,0.1523058265447617,-0.05848994106054306
1777498883308470784,-0.01366141624748707,0.1551270633935928,-0.05714548379182816
1777498883318687744,-0.01145636662840843,0.158224955201149,-0.05594686046242714
1777498883328884736,-0.00958719477057457,0.1572734415531158,-0.05557702854275703
1777498883339062784,-0.008107778616249561,0.1547271311283112,-0.05552814528346062
1777498883349220864,-0.006368884351104498,0.1536840796470642,-0.05589782074093819
1777498883359359488,-0.004831037484109402,0.1538771390914917,-0.05622154101729393
1777498883369478144,-0.002797940280288458,0.1534238010644913,-0.05681975185871124
1777498883379577344,-0.004314694553613663,0.1536557972431183,-0.05752118676900864
1777498883389656832,-0.004417865537106991,0.1528151780366898,-0.05851658061146736
1777498883399716864,-0.004289847798645496,0.1508315354585648,-0.05951152741909027
1777498883409757184,-0.004183640703558922,0.1481246054172516,-0.06096921861171722
1777498883419780096,-0.002866282127797604,0.145344153046608,-0.0615018792450428
1777498883429785088,-0.002337573794648051,0.1424254328012466,-0.06193855777382851
1777498883439770880,-0.0008487694431096315,0.1420252174139023,-0.06195111200213432
1777498883449736960,-0.0009229170973412693,0.1408764272928238,-0.06124931573867798
1777498883459683840,-0.001296901842579246,0.1389929354190826,-0.06065591052174568
1777498883469611776,-0.001135958242230117,0.1370257288217545,-0.06017724424600601
1777498883479520000,-0.001389638055115938,0.1351882517337799,-0.05980535596609116
1777498883489408768,-0.002225302858278155,0.1332222521305084,-0.0594903789460659
1777498883499278592,-0.002906897570937872,0.1318207532167435,-0.05922567099332809
1777498883509129216,-0.003638772759586573,0.1298216879367828,-0.05900963395833969
1777498883518960896,-0.003824438434094191,0.1275116354227066,-0.05885255709290504
1777498883528773376,-0.004586662631481886,0.1257801651954651,-0.05854842439293861
1777498883538566400,-0.004968909546732903,0.123612567782402,-0.05835539102554321
1777498883548340480,-0.004921875428408384,0.1218596696853638,-0.05829750746488571
1777498883558558208,-0.004630055744200945,0.1195855364203453,-0.0583217591047287
1777498883568755968,-0.003748404327780008,0.117500975728035,-0.05847100540995598
1777498883578933760,-0.002356595359742641,0.1159295439720154,-0.05870559439063072
1777498883589091584,-0.00155293382704258,0.1139229610562325,-0.05913040786981583
1777498883599231488,-0.0002486177545506507,0.1120316088199615,-0.05965368449687958
1777498883609351680,0.0008181185112334788,0.1100336462259293,-0.06010748073458672
1777498883619452160,0.001831243978813291,0.1080235838890076,-0.06044070795178413
1777498883629532928,0.002388608176261187,0.1060743629932404,-0.06055588275194168
1777498883639594496,0.002879139268770814,0.1040190309286118,-0.0604032538831234
1777498883649636096,0.002993777161464095,0.1020289212465286,-0.06004353985190392
1777498883659657984,0.002510146936401725,0.09989924728870392,-0.0595177449285984
1777498883669660416,0.001743945758789778,0.09778620302677155,-0.05885964632034302
1777498883679643904,0.0006375469383783638,0.09579406678676605,-0.05818087607622147
1777498883689607936,-0.0003375575179234147,0.09379334002733231,-0.05748812481760979
1777498883699552256,-0.001376636675558984,0.09163819253444672,-0.05682354047894478
1777498883709477376,-0.001963992603123188,0.0895334929227829,-0.05620281770825386
1777498883719383296,-0.002344050677493215,0.08758600801229477,-0.05564375594258308
1777498883729270016,-0.002334331395104527,0.08572378754615784,-0.05512372404336929
1777498883739137280,-0.001902189920656383,0.0837690681219101,-0.05469515919685364
1777498883748985088,-0.001316772541031241,0.08177527785301208,-0.05435483902692795
1777498883758818304,-0.0006053733523003757,0.07967208325862885,-0.05412216112017632
1777498883768635392,0.0001401920453645289,0.07749772071838379,-0.05391785874962807
1777498883778433280,0.00067618687171489,0.07549868524074554,-0.05368571355938911
1777498883788212224,0.001056454959325492,0.07354876399040222,-0.05325080826878548
1777498883798431744,0.001173031283542514,0.07173012942075729,-0.05266135558485985
1777498883808631808,0.001348093501292169,0.069781593978405,-0.05181704461574554
1777498883818812416,0.001363027840852737,0.06755450367927551,-0.05096906423568726
1777498883828973824,0.001757452846504748,0.06527154147624969,-0.05022555962204933
1777498883839115776,0.001672257436439395,0.06317446380853653,-0.04960991442203522
1777498883849238016,0.001415476552210748,0.06099279597401619,-0.04905830323696136
1777498883859340800,0.00125963834580034,0.05873959884047508,-0.04848507419228554
1777498883869424128,0.0008769965497776866,0.05630539357662201,-0.04769312962889671
1777498883879488000,0.0005354738677851856,0.05391698330640793,-0.04669936373829842
1777498883889532160,0.0001849523250712082,0.05157329887151718,-0.04561731591820717
1777498883899557120,-0.0001721995649859309,0.04950913414359093,-0.04453602805733681
1777498883909566208,-0.0005798611091449857,0.04706177487969398,-0.04342502355575562
1777498883919556096,-0.0008980530546978116,0.04478803277015686,-0.04237524792551994
1777498883929526784,-0.001047136727720499,0.04254961386322975,-0.04142870754003525
1777498883939478016,-0.001048153848387301,0.04039099812507629,-0.0406116358935833
1777498883949410048,-0.0009282117825932801,0.03839866071939468,-0.03983735293149948
1777498883959322880,-0.0008214506669901311,0.03633970394730568,-0.03911270201206207
1777498883969216256,-0.0005273074493743479,0.03447900339961052,-0.03838882595300674
1777498883979090688,-5.177196726435795e-05,0.03256581723690033,-0.03766757622361183
1777498883988946432,0.0004022333596367389,0.03074836172163486,-0.03690101951360703
1777498883998782976,0.0007133336621336639,0.02902761846780777,-0.03606970235705376
1777498884008600320,0.0009799853432923555,0.02756107039749622,-0.03520752489566803
1777498884018398720,0.001220509991981089,0.02619064040482044,-0.03433872014284134
1777498884028177920,0.001228540320880711,0.02490267902612686,-0.03339128941297531
1777498884038402816,0.001116357278078794,0.02382889203727245,-0.03240300714969635
1777498884048608000,0.0008770853164605796,0.0228569358587265,-0.0313388928771019
1777498884058793472,0.0006185786915011704,0.02204899117350578,-0.03021190129220486
1777498884068959744,0.0002658741432242095,0.0213722437620163,-0.02901425957679749
1777498884079106048,-0.0001380881731165573,0.02090891264379025,-0.02787722647190094
1777498884089233152,-0.0005725491791963577,0.02058827318251133,-0.02676992304623127
1777498884099340544,-0.0008972991490736604,0.02042612805962563,-0.0257656816393137
1777498884109428224,-0.001101348432712257,0.0204265546053648,-0.02476724050939083
1777498884119496704,-0.001265037222765386,0.02065009437501431,-0.02379288896918297
1777498884129545728,-0.001100965309888124,0.02084092609584332,-0.02284974418580532
1777498884139574784,-0.0007397769950330257,0.02125879935920238,-0.0219289492815733
1777498884149585152,-0.000316161458613351,0.02167829684913158,-0.02100652270019054
1777498884159576064,0.0002334581658942625,0.02238421700894833,-0.02012621611356735
1777498884169550848,0.0006649280549027026,0.0229787565767765,-0.01930897124111652
1777498884179506432,0.001009452971629798,0.02383606880903244,-0.01847618259489536
1777498884189442560,0.001178781734779477,0.02458187565207481,-0.01758939400315285
1777498884199358976,0.001349169295281172,0.02531827241182327,-0.01664637587964535
1777498884209256448,0.001253930968232453,0.02595407143235207,-0.01560352649539709
1777498884219134720,0.0009966428624466062,0.02650064416229725,-0.01443387102335691
1777498884228993536,0.000424667727202177,0.0268676932901144,-0.0131866717711091
1777498884238833408,-0.0002629117807373405,0.02727811969816685,-0.01190030016005039
1777498884248654592,-0.001041681505739689,0.02736184932291508,-0.01060894317924976
1777498884258456320,-0.001771370298229158,0.02737383730709553,-0.009299580939114094
1777498884268238848,-0.002420241245999932,0.02698934078216553,-0.008025710470974445
1777498884278465280,-0.003035076661035419,0.02659388445317745,-0.006858039181679487
1777498884288671744,-0.003261707024648786,0.02604412287473679,-0.005820678547024727
1777498884298858752,-0.003250957233831286,0.02532567456364632,-0.004868199583142996
1777498884309025792,-0.002957477699965239,0.02443796209990978,-0.004029416479170322
1777498884319173120,-0.00241938978433609,0.02367483451962471,-0.003257495118305087
1777498884329300736,-0.002125438069924712,0.02281910739839077,-0.002524505602195859
1777498884339409920,-0.00165370071772486,0.02136474661529064,-0.001771884388290346
1777498884349499904,-0.001403625588864088,0.01941864937543869,-0.0009974542772397399
1777498884359570432,-0.001484737847931683,0.01711377874016762,-0.0002419716474832967
1777498884369621248,-0.001793722854927182,0.01499675866216421,0.0003968121891375631
1777498884379652864,-0.001657141023315489,0.01319262944161892,0.0009236012119799852
1777498884389665024,-0.001561647630296648,0.0110143143683672,0.001362529583275318
1777498884399657472,-0.001840784796513617,0.008970712311565876,0.001811158726923168
1777498884409630720,-0.001916477456688881,0.006807976868003607,0.002156889997422695
1777498884419585792,-0.00199374184012413,0.005014932248741388,0.002356854267418385
1777498884429521408,-0.001725924899801612,0.002985833678394556,0.002504026051610708
1777498884439437824,-0.001278641982935369,0.0009467951022088528,0.002688121050596237
1777498884449335040,-0.0008615897968411446,-0.0008157931151799858,0.002864996436983347
1777498884459212800,-0.0004614214703906327,-0.00237666442990303,0.002880094107240438
1777498884469071104,-6.018144267727621e-05,-0.003813569433987141,0.002876687562093139
1777498884478910208,-0.0003661890223156661,-0.005212770774960518,0.002854047808796167
1777498884488730368,-0.0007941871299408376,-0.006344073452055454,0.002790087135508657
1777498884498532096,-0.00121935538481921,-0.007208322640508413,0.002721600467339158
1777498884508314880,-0.001508304732851684,-0.007790837436914444,0.002732174471020699
1777498884518314240,-0.001754693454131484,-0.008228499442338943,0.002719242358580232
1777498884528529664,-0.001852027839049697,-0.008362301625311375,0.002614799654111266
1777498884538725376,-0.002020045183598995,-0.008302193135023117,0.002388780005276203
1777498884548901120,-0.00206966302357614,-0.007910803891718388,0.002101482357829809
1777498884559057152,-0.00224421382881701,-0.007452619727700949,0.001827300060540438
1777498884569193472,-0.002284161746501923,-0.006912758573889732,0.00158526364248246
1777498884579310080,-0.00235556298866868,-0.006326594389975071,0.001391410012729466
1777498884589408768,-0.002403643913567066,-0.005860164761543274,0.001212722272612154
1777498884599487488,-0.002776107285171747,-0.005310623440891504,0.0010073744924739
1777498884609546752,-0.002918985905125737,-0.004867240786552429,0.0007306489278562367
1777498884619586304,-0.002955976407974958,-0.004438102245330811,0.0003171415301039815
1777498884629606656,-0.003096345579251647,-0.003794902935624123,-0.0001420071057509631
1777498884639607296,-0.002949334913864732,-0.003377246903255582,-0.0005847513675689697
1777498884649588224,-0.002792986575514078,-0.00285292835906148,-0.001071373699232936
1777498884659549952,-0.002539718523621559,-0.002383166458457708,-0.001527537009678781
1777498884669492736,-0.002199996262788773,-0.002003340283408761,-0.001965800300240517
1777498884679416064,-0.001898420858196914,-0.001582777593284845,-0.002393299713730812
1777498884689319680,-0.001542293233796954,-0.0012916469713673,-0.002788643352687359
1777498884699204352,-0.001389101962558925,-0.0009586996166035533,-0.003125895280390978
1777498884709069824,-0.001422637375071645,-0.0006522956537082791,-0.003398636123165488
1777498884718916096,-0.001503768027760088,-0.0003333518397994339,-0.003670511767268181
1777498884728743168,-0.001652561244554818,-7.769244984956458e-05,-0.003930567298084497
1777498884738551296,-0.001852547633461654,0.0001660578418523073,-0.004098253324627876
1777498884748341248,-0.00222238851711154,0.0003460899461060762,-0.004169762134552002
1777498884758344704,-0.002666967920958996,0.0006034536636434495,-0.004176649264991283
1777498884768561152,-0.003118749475106597,0.0008094351505860686,-0.004175554029643536
1777498884778757632,-0.003520171623677015,0.001124157453887165,-0.004174435511231422
1777498884788934656,-0.003940969239920378,0.001017555245198309,-0.00414919713512063
1777498884799092480,-0.004179331939667463,0.0007840688340365887,-0.003941159229725599
1777498884809230336,-0.004871666431427002,0.0006646846304647624,-0.003707701340317726
1777498884819348480,-0.005469121038913727,0.0008703685598447919,-0.003595997113734484
1777498884829446912,-0.005781880579888821,0.001257693162187934,-0.003699318505823612
1777498884839525888,-0.005859063472598791,0.001095241983421147,-0.003910348750650883
1777498884849584640,-0.006118081044405699,0.0006361971027217805,-0.004132202826440334
1777498884859623936,-0.005936718080192804,0.0006818934343755245,-0.004367441404610872
1777498884869643520,-0.005851995199918747,0.0007640479598194361,-0.004649829585105181
1777498884879643648,-0.005714563187211752,0.0007496446487493813,-0.004991796799004078
1777498884889624064,-0.005589509848505259,0.0004363450570963323,-0.005293225403875113
1777498884899584768,-0.005403791088610888,0.0001793394476408139,-0.005635542795062065
1777498884909525760,-0.005091541912406683,0.0001311097003053874,-0.006059781648218632
1777498884919447296,-0.004945262335240841,0.0001995941420318559,-0.006542210001498461
1777498884929349376,-0.004881369881331921,0.000224708768655546,-0.00704622408375144
1777498884939236864,-0.004782420583069324,0.0002934291842393577,-0.007489115931093693
1777498884949105152,-0.004636567085981369,0.0003928623045794666,-0.007852121256291866
1777498884958954240,-0.004372559487819672,0.0005893225898034871,-0.008182092569768429
1777498884968784128,-0.004095417913049459,0.0008008359000086784,-0.008470164611935616
1777498884978594816,-0.003839531913399696,0.00108087167609483,-0.008770214393734932
1777498884988386560,-0.003853560891002417,0.001464204746298492,-0.009058667346835136
1777498884998391296,-0.003968119621276855,0.001850488362833858,-0.009307641535997391
1777498885008609024,-0.004352347459644079,0.002475159242749214,-0.009494053199887276
1777498885018807040,-0.004910321906208992,0.003302702447399497,-0.009647693485021591
1777498885028985344,-0.005397062748670578,0.004186001140624285,-0.009794481098651886
1777498885039144192,-0.005836949218064547,0.004927103873342276,-0.009948606602847576
1777498885049283072,-0.00615376140922308,0.005642851814627647,-0.01013402920216322
1777498885059402240,-0.006416399963200092,0.00643537100404501,-0.01040811743587255
1777498885069501440,-0.00651172548532486,0.007402687799185514,-0.01079277414828539
1777498885079581184,-0.006485134828835726,0.008389057591557503,-0.01125612761825323
1777498885089641216,-0.006288654170930386,0.009405788965523243,-0.01176130678504705
1777498885099681280,-0.005987388547509909,0.01032929588109255,-0.01228392496705055
1777498885109701888,-0.005675529129803181,0.0113154798746109,-0.01284597534686327
1777498885119703296,-0.005327190272510052,0.01223690528422594,-0.01342435739934444
1777498885129685248,-0.004984420258551836,0.01310556940734386,-0.01400213316082954
1777498885139647744,-0.004902245011180639,0.01375475246459246,-0.01452739629894495
1777498885149590784,-0.004785023164004087,0.01429999805986881,-0.01497898064553738
1777498885159514112,-0.004928935784846544,0.01474552601575851,-0.01536395028233528
1777498885169418240,-0.005290327128022909,0.01516810245811939,-0.01567903347313404
1777498885179305984,-0.005604109261184931,0.01552119292318821,-0.01595507748425007
1777498885189177088,-0.005972360726445913,0.01578941941261292,-0.01618228480219841
1777498885199028736,-0.006196058820933104,0.01591559313237667,-0.01637584157288074
1777498885208861440,-0.006415983662009239,0.01596624962985516,-0.0165455024689436
1777498885218674688,-0.00654505891725421,0.01595017313957214,-0.01674973964691162
1777498885228468992,-0.006750062108039856,0.01593355648219585,-0.01705404929816723
1777498885238244352,-0.006896500010043383,0.01599072851240635,-0.01738978736102581
1777498885248463872,-0.007030039094388485,0.01582540944218636,-0.01770532689988613
1777498885258663680,-0.00714899692684412,0.01527531072497368,-0.01790709979832172
1777498885268844288,-0.007177736144512892,0.01451702602207661,-0.01796670630574226
1777498885279005440,-0.007391679100692272,0.01385607291013002,-0.01801847107708454
1777498885289146880,-0.007727370597422123,0.01362444553524256,-0.01818165555596352
1777498885299268608,-0.00778648117557168,0.01323006115853786,-0.01839886419475079
1777498885309370880,-0.007810957729816437,0.01269990485161543,-0.01859248429536819
1777498885319453696,-0.007813354954123497,0.01228081341832876,-0.01874841749668121
1777498885329516800,-0.007492117118090391,0.01201073080301285,-0.01896741427481174
1777498885339562496,-0.007039261516183615,0.01193702593445778,-0.01922713592648506
1777498885349588992,-0.00675984425470233,0.01170456781983376,-0.01941690593957901
1777498885359596288,-0.006467059254646301,0.01139170024544001,-0.01944231055676937
1777498885369584128,-0.006477911025285721,0.01111021637916565,-0.0194565188139677
1777498885379552768,-0.006819087546318769,0.01115328352898359,-0.01942681893706322
1777498885389501952,-0.007046373561024666,0.01121728681027889,-0.01933910325169563
1777498885399431680,-0.00739357341080904,0.01144614070653915,-0.01920030079782009
1777498885409342208,-0.007765594404190779,0.01175065524876118,-0.01903985440731049
1777498885419234816,-0.008119151927530766,0.01222662255167961,-0.01891183853149414
1777498885429108224,-0.00842210091650486,0.01279023848474026,-0.01878550089895725
1777498885438962432,-0.008585882373154163,0.01336019672453403,-0.01866795681416988
1777498885448797440,-0.008517635054886341,0.01393596641719341,-0.01856669597327709
1777498885458613248,-0.008417458273470402,0.01460504159331322,-0.01849984563887119
1777498885468410112,-0.008219892159104347,0.01547608524560928,-0.01846815086901188
1777498885478187520,-0.007711195386946201,0.01623231172561646,-0.01847886480391026
1777498885488407296,-0.007294365670531988,0.01703434064984322,-0.01849818602204323
1777498885498607360,-0.00672852573916316,0.01770729944109917,-0.01854640431702137
1777498885508787712,-0.006108440924435854,0.01856798678636551,-0.01861625537276268
1777498885518947840,-0.005669963080435991,0.0193899143487215,-0.01867522299289703
1777498885529089792,-0.005204972811043262,0.0202062614262104,-0.01868976652622223
1777498885539212800,-0.0049814791418612,0.02096055075526237,-0.01860012486577034
1777498885549316096,-0.004873540252447128,0.02165413275361061,-0.01837944984436035
1777498885559399680,-0.004966711159795523,0.0223054327070713,-0.01809932105243206
1777498885569464064,-0.005076891742646694,0.02302542142570019,-0.01775341294705868
1777498885579508992,-0.005275533068925142,0.0236029326915741,-0.01742914132773876
1777498885589534464,-0.005219253711402416,0.02410601265728474,-0.0171291958540678
1777498885599540224,-0.005252459552139044,0.02442650310695171,-0.01689563505351543
1777498885609527552,-0.005341816693544388,0.02477032318711281,-0.01669113896787167
1777498885619495424,-0.005327309481799603,0.02517113834619522,-0.0164478924125433
1777498885629443840,-0.005297888536006212,0.02543601952493191,-0.01629728637635708
1777498885639372800,-0.00508920568972826,0.02553758025169373,-0.0162535198032856
1777498885649282560,-0.00479866610839963,0.02575075812637806,-0.01630554534494877
1777498885659173120,-0.004497524350881577,0.02586116269230843,-0.01631438545882702
1777498885669047040,-0.004155006725341082,0.02576507814228535,-0.01626317203044891
1777498885678904576,-0.003768018214032054,0.0254579521715641,-0.01617825031280518
1777498885688742912,-0.003580075688660145,0.02507347799837589,-0.01606835052371025
1777498885698562304,-0.003580092452466488,0.02470046654343605,-0.01596782170236111
1777498885708362496,-0.003939520101994276,0.02407192997634411,-0.01575703173875809
1777498885718144000,-0.0045246547088027,0.02317260578274727,-0.01518531143665314
1777498885728370176,-0.005545791238546371,0.02220273390412331,-0.01431052386760712
1777498885738576640,-0.006275283172726631,0.02161353826522827,-0.01344337780028582
1777498885748763648,-0.006771288346499205,0.02064831182360649,-0.01267146319150925
1777498885758930944,-0.007419679313898087,0.01943226344883442,-0.01203116588294506
1777498885769079040,-0.008299773558974266,0.01812173053622246,-0.01127585768699646
1777498885779207168,-0.008628148585557938,0.01728224195539951,-0.01042270287871361
1777498885789316864,-0.009102983400225639,0.01599799655377865,-0.0095949936658144
1777498885799407104,-0.009560870006680489,0.01471377722918987,-0.008704464882612228
1777498885809478144,-0.01012911275029182,0.01346757169812918,-0.00772519875317812
1777498885819529472,-0.01039027329534292,0.01250633504241705,-0.006837680470198393
1777498885829561344,-0.01030022092163563,0.01118376199156046,-0.006028618663549423
1777498885839574016,-0.01006735861301422,0.01018676906824112,-0.00534210866317153
1777498885849567232,-0.009680746123194695,0.009526122361421585,-0.004694084636867046
1777498885859540992,-0.009332367219030857,0.008843094110488892,-0.004135701805353165
1777498885869496064,-0.008933120407164097,0.008353902958333492,-0.003571478184312582
1777498885879431424,-0.008663658984005451,0.00792144238948822,-0.002921230858191848
1777498885889347584,-0.008682603016495705,0.00794746819883585,-0.00220361677929759
1777498885899244800,-0.008725554682314396,0.007775385864078999,-0.001392268924973905
1777498885909122560,-0.008835660293698311,0.007691365201026201,-0.0006065908237360418
1777498885918981120,-0.009043753147125244,0.007918159477412701,0.0001410162658430636
1777498885928825344,-0.009408016689121723,0.008377082645893097,0.0007684509037062526
1777498885938650880,-0.00943282712250948,0.009035210125148296,0.001288390951231122
1777498885948457472,-0.009448697790503502,0.009509983472526073,0.001721767126582563
1777498885958244864,-0.009484503418207169,0.01008441299200058,0.002105759689584374
1777498885968247040,-0.00949462316930294,0.01064939051866531,0.002489384729415178
1777498885978462976,-0.009255084209144115,0.01140625402331352,0.002777191111817956
1777498885988659200,-0.009291944094002247,0.01221252325922251,0.003001246368512511
1777498885998835712,-0.009291434660553932,0.01286576874554157,0.003149269614368677
1777498886008993024,-0.0089602405205369,0.01347786467522383,0.003199841594323516
1777498886019130368,-0.008883506990969181,0.0141524113714695,0.003086143173277378
1777498886029250048,-0.008587309159338474,0.01485297083854675,0.002886887174099684
1777498886039350272,-0.008374259807169437,0.01549698784947395,0.002645458560436964
1777498886049430784,-0.008139444515109062,0.01627866365015507,0.00240292982198298
1777498886059491584,-0.007904705591499805,0.01688255928456783,0.00218214699998498
1777498886069533440,-0.007652103900909424,0.01742183603346348,0.001952758058905602
1777498886079555584,-0.007582300808280706,0.01797584258019924,0.001772516057826579
1777498886089558272,-0.007567923050373793,0.01836446858942509,0.001495624193921685
1777498886099541504,-0.007531612645834684,0.01857835054397583,0.001204034779220819
1777498886109505536,-0.007830810733139515,0.01876276358962059,0.0008947032620199025
1777498886119450112,-0.008018627762794495,0.01905188336968422,0.0006082287291064858
1777498886129375232,-0.008019735105335712,0.01939182355999947,0.0002954163355752826
1777498886139280896,-0.008204055018723011,0.01950018107891083,-3.679457222460769e-05
1777498886149167360,-0.008707296103239059,0.01934405416250229,-0.0002589388168416917
1777498886159034368,-0.009259872138500214,0.01914177648723125,-0.0002463569690007716
1777498886168882176,-0.009822447784245014,0.01893119513988495,-0.0001268059568246827
1777498886178710784,-0.0101659968495369,0.01875795423984528,-9.225825488101691e-05
1777498886188524288,-0.01034537795931101,0.01835883781313896,-0.0002572651719674468
1777498886198321408,-0.01026169024407864,0.01780609227716923,-0.000608895905315876
1777498886208328704,-0.01027196645736694,0.01720470562577248,-0.001083442475646734
1777498886218545920,-0.01008068583905697,0.0167486947029829,-0.001496088574640453
1777498886228743424,-0.009696497581899166,0.0162822138518095,-0.002013065852224827
1777498886238921472,-0.009209228679537773,0.01565569825470448,-0.00246714148670435
1777498886249080064,-0.009180857799947262,0.0147548895329237,-0.002791400766000152
1777498886259219200,-0.00905961450189352,0.01390376780182123,-0.002971467096358538
1777498886269338368,-0.008751806803047657,0.013021195307374,-0.003176374128088355
1777498886279438080,-0.008728803135454655,0.01223101280629635,-0.003401954425498843
1777498886289518080,-0.008813113905489445,0.01157813705503941,-0.003541780635714531
1777498886299578368,-0.008773226290941238,0.01081324741244316,-0.003718483494594693
1777498886309619456,-0.008819065056741238,0.01018890272825956,-0.003951110877096653
1777498886319644160,-0.008907810784876347,0.009569349698722363,-0.004127639811486006
1777498886329649152,-0.009057928808033466,0.009214064106345177,-0.004136801231652498
1777498886339634688,-0.009514753706753254,0.008817953057587147,-0.004092476330697536
1777498886349600768,-0.009983919560909271,0.008491340093314648,-0.003995867446064949
1777498886359547648,-0.01043897774070501,0.008064714260399342,-0.003893721848726273
1777498886369475328,-0.01104064844548702,0.007821620441973209,-0.003839248791337013
1777498886379383808,-0.01161864027380943,0.007759122643619776,-0.00378557457588613
1777498886389273088,-0.01197807211428881,0.00810597836971283,-0.003861112520098686
1777498886399143424,-0.01228658761829138,0.008588866330683231,-0.004051353316754103
1777498886408994560,-0.01203584671020508,0.008950355462729931,-0.004296934232115746
1777498886418826240,-0.01175361126661301,0.009380283765494823,-0.004574769176542759
1777498886428638976,-0.01128354948014021,0.009878264740109444,-0.00492515554651618
1777498886438432512,-0.01062085572630167,0.01070631947368383,-0.005358401220291853
1777498886448438528,-0.01011546235531569,0.01164708100259304,-0.005857457872480154
1777498886458656256,-0.00968558993190527,0.01261894777417183,-0.006313591729849577
1777498886468854016,-0.009089093655347824,0.01356289442628622,-0.006731343455612659
1777498886479033088,-0.008642789907753468,0.01456498261541128,-0.007131177466362715
1777498886489192704,-0.008327157236635685,0.01547897234559059,-0.007474152836948633
1777498886499332608,-0.008186772465705872,0.01649856008589268,-0.007753323763608932
1777498886509452800,-0.008385187946259975,0.01764059625566006,-0.007954251021146774
1777498886519553280,-0.008657187223434448,0.01881213113665581,-0.008064516820013523
1777498886529634048,-0.009093518368899822,0.01984149031341076,-0.0080805579200387
1777498886539695360,-0.009862711653113365,0.02098636329174042,-0.008058963343501091
1777498886549737216,-0.01057182811200619,0.02215950936079025,-0.008067574352025986
1777498886559759616,-0.01121436804533005,0.02298969030380249,-0.008293012157082558
1777498886569762816,-0.01149898208677769,0.02363669686019421,-0.008559009060263634
1777498886579746304,-0.01201417576521635,0.02410462871193886,-0.008795801550149918
1777498886589710336,-0.01202349737286568,0.02471340261399746,-0.009065284393727779
1777498886599656960,-0.01169411931186914,0.02521695755422115,-0.00943415891379118
1777498886609586432,-0.01130065880715847,0.02528785727918148,-0.009890628978610039
1777498886619496448,-0.01076193805783987,0.02509229630231857,-0.0104368980973959
1777498886629387264,-0.01009265426546335,0.02480998449027538,-0.01111583318561316
1777498886639258624,-0.009421315975487232,0.02414932288229465,-0.01188824418932199
1777498886649111296,-0.008767280727624893,0.02352702803909779,-0.01258665230125189
1777498886658944512,-0.008182788267731667,0.02280104719102383,-0.01323295943439007
1777498886668758528,-0.00754289235919714,0.02179096080362797,-0.01374055724591017
1777498886678553600,-0.007279947400093079,0.02045160345733166,-0.01413996051996946
1777498886688329472,-0.007268508430570364,0.019228246062994,-0.01442043296992779
1777498886698548224,-0.007469686213880777,0.01790032163262367,-0.01470097340643406
1777498886708747008,-0.007638305425643921,0.01641906797885895,-0.01494958717375994
1777498886718926592,-0.008098417893052101,0.01473707985132933,-0.01509868260473013
1777498886729086464,-0.008778841234743595,0.01316255331039429,-0.01519301626831293
1777498886739228160,-0.009359700605273247,0.01173169352114201,-0.01536864135414362
1777498886749350656,-0.009646525606513023,0.01047284621745348,-0.01556781399995089
1777498886759453440,-0.009880213998258114,0.009062409400939941,-0.01572377234697342
1777498886769536512,-0.009945588186383247,0.007983342744410038,-0.01594537496566772
1777498886779600384,-0.009665703400969505,0.006916344631463289,-0.01627181470394135
1777498886789644800,-0.009345702826976776,0.005965642631053925,-0.016725093126297
1777498886799669248,-0.008722257800400257,0.005142451729625463,-0.01718149892985821
1777498886809674496,-0.008143746294081211,0.004278854001313448,-0.01764083839952946
1777498886819660800,-0.007457048166543245,0.00373461632989347,-0.0181314442306757
1777498886829627648,-0.006715289782732725,0.003091030288487673,-0.01855872757732868
1777498886839575040,-0.006283184979110956,0.002593839773908257,-0.01894516684114933
1777498886849502976,-0.006126703228801489,0.002234866144135594,-0.01918350905179977
1777498886859411712,-0.006393938791006804,0.002195646055042744,-0.01937872171401978
1777498886869301248,-0.006588913965970278,0.002452042885124683,-0.01942490041255951
1777498886879171328,-0.006872488185763359,0.002435845788568258,-0.01939261704683304
1777498886889022208,-0.007266039960086346,0.002430950058624148,-0.0192633830010891
1777498886898858240,-0.007805939298123121,0.002458396134898067,-0.01909488439559937
1777498886908678144,-0.008295215666294098,0.002998560201376677,-0.01895655691623688
1777498886918478848,-0.008758931420743465,0.003600334515795112,-0.01888407766819
1777498886928260608,-0.008878733962774277,0.004189974628388882,-0.01886075176298618
1777498886938480640,-0.009028316475450993,0.00489788968116045,-0.01881826482713223
1777498886948680704,-0.008989535272121429,0.005785924382507801,-0.01888090744614601
1777498886958860800,-0.009071355685591698,0.006894859950989485,-0.01902775838971138
1777498886969021696,-0.008945168927311897,0.007974152453243732,-0.01923266798257828
1777498886979163392,-0.008688170462846756,0.009153192862868309,-0.01938223280012608
1777498886989285120,-0.008477403782308102,0.01035513449460268,-0.01952084340155125
1777498886999387392,-0.008098127320408821,0.0115085132420063,-0.01964706741273403
1777498887009469696,-0.007999863475561142,0.01264214981347322,-0.01980453729629517
1777498887019532544,-0.007592178415507078,0.01376787666231394,-0.01983107253909111
1777498887029575680,-0.007437780499458313,0.01486644893884659,-0.01986806280910969
1777498887039599360,-0.007349641993641853,0.01580487936735153,-0.01995764300227165
1777498887049603584,-0.007494180928915739,0.01654063165187836,-0.01994424313306808
1777498887059588608,-0.007800227962434292,0.01727021858096123,-0.01974789425730705
1777498887069554176,-0.0081791952252388,0.01801715977489948,-0.01945621334016323
1777498887079500544,-0.008344986476004124,0.01841988228261471,-0.01921822875738144
1777498887089427456,-0.00875433161854744,0.01868263818323612,-0.01910576783120632
1777498887099334912,-0.009197194129228592,0.01894342340528965,-0.01904080621898174
1777498887109225984,-0.009496871381998062,0.01898846030235291,-0.01900158822536469
1777498887119100672,-0.009586283937096596,0.01884359680116177,-0.01889150775969028
1777498887128955904,-0.009714475832879543,0.01825013384222984,-0.0187547579407692
1777498887138792192,-0.009766997769474983,0.01770536229014397,-0.01864806562662125
1777498887148609280,-0.00967402383685112,0.01716168038547039,-0.01869977079331875
1777498887158407168,-0.009333102963864803,0.01632320135831833,-0.01889784261584282
1777498887168186112,-0.009193413890898228,0.01541335694491863,-0.01914383843541145
1777498887178412032,-0.008911705575883389,0.01452468987554312,-0.01937175169587135
1777498887188617984,-0.008340961299836636,0.01351371128112078,-0.01969737559556961
1777498887198804224,-0.007824573665857315,0.01226926781237125,-0.02014236710965633
1777498887208971008,-0.007593994494527578,0.01098490506410599,-0.02048405818641186
1777498887219118336,-0.007507235277444124,0.009758388623595238,-0.02077001333236694
1777498887229246208,-0.007389151956886053,0.008570747449994087,-0.0210618432611227
1777498887239354624,-0.0073411432094872,0.007093975320458412,-0.02133448608219624
1777498887249443840,-0.007570969872176647,0.005797204095870256,-0.021572545170784
1777498887259513344,-0.007683498784899712,0.004654430784285069,-0.02182680368423462
1777498887269565184,-0.007585716899484396,0.003554177470505238,-0.02217333950102329
1777498887279597568,-0.007574017159640789,0.002441175282001495,-0.02259204722940922
1777498887289610752,-0.00778237683698535,0.001475657802075148,-0.0229616928845644
1777498887299604224,-0.007972978986799717,0.0006301722605712712,-0.02333837747573853
1777498887309578752,-0.008203659206628799,8.184104081010446e-05,-0.02379724197089672
1777498887319533824,-0.008264962583780289,-0.0006115058204159141,-0.02426244877278805
1777498887329469696,-0.008129054680466652,-0.001079430221579969,-0.02472487837076187
1777498887339386112,-0.00804500188678503,-0.001382291200570762,-0.02526497840881348
1777498887349284352,-0.007805489003658295,-0.001363316085189581,-0.02589563466608524
1777498887359163136,-0.007535201497375965,-0.001180531340651214,-0.02655627205967903
1777498887369022720,-0.007258155383169651,-0.0008022341062314808,-0.0271791610866785
1777498887378863104,-0.007016551680862904,-0.0003676050982903689,-0.02780025824904442
1777498887388684544,-0.006816944573074579,0.0001622687268536538,-0.02849500253796577
1777498887398486528,-0.006617465522140265,0.0009288068395107985,-0.02914296463131905
1777498887408269824,-0.006385288666933775,0.00168853288050741,-0.02975363470613956
1777498887418269952,-0.00630344869568944,0.002700858050957322,-0.03033913113176823
1777498887428486144,-0.006220684852451086,0.003601562930271029,-0.03095530159771442
1777498887438682368,-0.006245463620871305,0.004635223187506199,-0.03150581195950508
1777498887448858880,-0.006236422341316938,0.005584188271313906,-0.03196335583925247
1777498887459016192,-0.006146304309368134,0.006436267867684364,-0.03237209469079971
1777498887469153792,-0.006155936047434807,0.007437883876264095,-0.03280987218022346
1777498887479271424,-0.006187476217746735,0.008208835497498512,-0.03330886736512184
1777498887489369600,-0.006363134831190109,0.009132872335612774,-0.03378494828939438
1777498887499447808,-0.00659135403111577,0.009937204420566559,-0.03429641574621201
1777498887509506048,-0.006648581475019455,0.01067252550274134,-0.03480087593197823
1777498887519544576,-0.006738439667969942,0.01120238658040762,-0.03532952442765236
1777498887529563904,-0.006942968349903822,0.0116988830268383,-0.03579035401344299
1777498887539564032,-0.006899503525346518,0.01212852355092764,-0.0362330786883831
1777498887549544960,-0.006842122878879309,0.01231974549591541,-0.03679705411195755
1777498887559506176,-0.006747550331056118,0.01223259884864092,-0.03743703663349152
1777498887569447936,-0.006639647297561169,0.01193252485245466,-0.0380108505487442
1777498887579370240,-0.006786974146962166,0.0117640383541584,-0.03855730965733528
1777498887589272832,-0.006780088879168034,0.0115458145737648,-0.0390966534614563
1777498887599156224,-0.006519548129290342,0.01116959284991026,-0.03975461050868034
1777498887609020672,-0.006146985106170177,0.01067861542105675,-0.04049577191472054
1777498887618866432,-0.005719644483178854,0.009914408437907696,-0.04134393483400345
1777498887628696064,-0.00533175328746438,0.008977502584457397,-0.04212429746985435
1777498887638509568,-0.005133653990924358,0.007897915318608284,-0.04277446866035461
1777498887648303872,-0.005332188215106726,0.007106253877282143,-0.04327556863427162
1777498887658309632,-0.005737104918807745,0.006484594661742449,-0.04368888959288597
1777498887668526848,-0.006115640513598919,0.005574020557105541,-0.04403902590274811
1777498887678724096,-0.006509295664727688,0.00469870213419199,-0.04430695623159409
1777498887688902400,-0.007225728593766689,0.003931649494916201,-0.04447456076741219
1777498887699061504,-0.007642548531293869,0.003269580192863941,-0.04462764039635658
1777498887709200896,-0.00803808867931366,0.002515553962439299,-0.0449228473007679
1777498887719320832,-0.008258583955466747,0.001828617183491588,-0.04528020322322845
1777498887729421568,-0.008584006689488888,0.001183584681712091,-0.04559263959527016
1777498887739502592,-0.008551309816539288,0.0005185468471609056,-0.04593876376748085
1777498887749563904,-0.008237572386860847,-0.0002215866552432999,-0.04627090692520142
1777498887759605760,-0.008090447634458542,-0.0007952025043778121,-0.04671579971909523
1777498887769628928,-0.007747785653918982,-0.001283133868128061,-0.04715590551495552
1777498887779634944,-0.007255402859300375,-0.001744001172482967,-0.04756594821810722
1777498887789623808,-0.006727175321429968,-0.002285067457705736,-0.04792617633938789
1777498887799593472,-0.006364611443132162,-0.002628073329105973,-0.04816465824842453
1777498887809543424,-0.005807111505419016,-0.003007520455867052,-0.04834217950701714
1777498887819474176,-0.005263051949441433,-0.003349109785631299,-0.04847944527864456
1777498887829385472,-0.005041283089667559,-0.003536230651661754,-0.04850944876670837
1777498887839277568,-0.005052853841334581,-0.003721968969330192,-0.04840889945626259
1777498887849149696,-0.005009398330003023,-0.003598369192332029,-0.0481429360806942
1777498887859002880,-0.005016859155148268,-0.003485091496258974,-0.04773752018809319
1777498887868837120,-0.00510973297059536,-0.003175606718286872,-0.04734621942043304
1777498887878652160,-0.005363033153116703,-0.002892271149903536,-0.04694395139813423
1777498887888447488,-0.005487005691975355,-0.002401195932179689,-0.04656108468770981
1777498887898454016,-0.005920346826314926,-0.001872357912361622,-0.0460522249341011
1777498887908671488,-0.006406880915164948,-0.001389215118251741,-0.04539965838193893
1777498887918868992,-0.007058036979287863,-0.0008039053645916283,-0.04460810869932175
1777498887929047552,-0.007855245843529701,-6.883563037263229e-05,-0.04374948889017105
1777498887939206656,-0.008591460064053535,0.0007823752239346504,-0.04284593835473061
1777498887949345792,-0.009096956811845303,0.001519431476481259,-0.04207300022244453
1777498887959465216,-0.009632679633796215,0.002111986745148897,-0.0414063073694706
1777498887969564928,-0.009900163859128952,0.002741930773481727,-0.04085804522037506
1777498887979645440,-0.009960422292351723,0.003466525813564658,-0.04042234644293785
1777498887989706240,-0.009863183833658695,0.004062607884407043,-0.04007617384195328
1777498887999747584,-0.009558686055243015,0.004453533794730902,-0.03974462300539017
1777498888009769728,-0.009177150204777718,0.004806021694093943,-0.03945330530405045
1777498888019774976,-0.008687837049365044,0.005011086817830801,-0.03916668519377708
1777498888029760512,-0.008260851725935936,0.005068208556622267,-0.03899604827165604
1777498888039726848,-0.007855153642594814,0.004986212588846684,-0.0387934111058712
1777498888049673728,-0.00756610045209527,0.004721617326140404,-0.03861071914434433
1777498888059601152,-0.007658143527805805,0.004526003263890743,-0.03840939328074455
1777498888069509376,-0.007756588514894247,0.004160329699516296,-0.03818229585886002
1777498888079398400,-0.00785436574369669,0.003939261194318533,-0.03791220113635063
1777498888089267968,-0.008046624250710011,0.003462085733190179,-0.03757906705141068
1777498888099119104,-0.008080773986876011,0.002954788971692324,-0.03723205626010895
1777498888108950528,-0.008006435818970203,0.002179219154641032,-0.03702760115265846
1777498888118763008,-0.00805878359824419,0.001478862366639078,-0.03702316805720329
1777498888128556032,-0.008048622868955135,0.0006144616054370999,-0.03704287111759186
1777498888138329856,-0.008149575442075729,-0.000310895120492205,-0.03707306832075119
1777498888148548608,-0.008574980311095715,-0.001168492715805769,-0.0370737724006176
1777498888158747648,-0.008547335863113403,-0.001997702987864614,-0.03712862730026245
1777498888168927232,-0.008474931120872498,-0.00272777583450079,-0.03721220418810844
1777498888179087616,-0.008340797387063503,-0.003495731158182025,-0.037373136729002
1777498888189228032,-0.008074839599430561,-0.004064104985445738,-0.03760309517383575
1777498888199348736,-0.007472929079085588,-0.004700310062617064,-0.03797745704650879
1777498888209449984,-0.007020325399935246,-0.005121506750583649,-0.03845590353012085
1777498888219531520,-0.006446816492825747,-0.005727095529437065,-0.0389082133769989
1777498888229593344,-0.005788117647171021,-0.006297211162745953,-0.03933116793632507
1777498888239635712,-0.005396594759076834,-0.006951510906219482,-0.03966931626200676
1777498888249658624,-0.005363470409065485,-0.007321502082049847,-0.0399528443813324
1777498888259664896,-0.005475317128002644,-0.007535271346569061,-0.04014536365866661
1777498888269651968,-0.005539692007005215,-0.007537685334682465,-0.04022615402936935
1777498888279619840,-0.006053242366760969,-0.007647869642823935,-0.0403149239718914
1777498888289568256,-0.006499258801341057,-0.007227155379951,-0.04037113860249519
1777498888299497216,-0.006954604294151068,-0.007018573116511106,-0.04049891978502274
1777498888309406976,-0.007511920761317015,-0.006332091987133026,-0.04057837277650833
1777498888319297536,-0.007699140813201666,-0.006196944043040276,-0.04067786037921906
1777498888329168640,-0.007960242219269276,-0.005614376161247492,-0.04084596410393715
1777498888339020800,-0.008157785050570965,-0.005164030473679304,-0.04102065414190292
1777498888348853760,-0.008100464940071106,-0.004389273002743721,-0.04128077253699303
1777498888358667776,-0.008062083274126053,-0.003649384249001741,-0.0416238084435463
1777498888368462336,-0.007718883454799652,-0.002956822281703353,-0.04198814556002617
1777498888378237696,-0.007169414311647415,-0.002245425712317228,-0.04237950220704079
1777498888388463104,-0.006591960787773132,-0.001491739298216999,-0.04284175485372543
1777498888398668544,-0.006148632615804672,-0.000680557219311595,-0.04329491406679153
1777498888408854016,-0.005570854526013136,0.0002046923327725381,-0.04373318701982498
1777498888419021312,-0.005393190309405327,0.0012254707980901,-0.04414519295096397
1777498888429169152,-0.005328970495611429,0.002233552280813456,-0.04446253180503845
1777498888439297024,-0.005372545216232538,0.003038723487406969,-0.0446588397026062
1777498888449405184,-0.005619089119136333,0.003860079683363438,-0.04474562779068947
1777498888459494144,-0.006144690327346325,0.004520036280155182,-0.04474194347858429
1777498888469563648,-0.00667771277949214,0.005278801079839468,-0.04477956146001816
1777498888479613440,-0.007007379550486803,0.005991594865918159,-0.04477974027395248
1777498888489643520,-0.007329932879656553,0.006594797130674124,-0.04479489102959633
1777498888499656192,-0.007478938903659582,0.007072236388921738,-0.04481767117977142
1777498888509651200,-0.007482766639441252,0.007407334633171558,-0.04486540704965591
1777498888519626752,-0.007225634064525366,0.007584385108202696,-0.04492257162928581
1777498888529583104,-0.006735265720635653,0.007618355564773083,-0.04515139386057854
1777498888539520256,-0.006103767082095146,0.007497113198041916,-0.04548891633749008
1777498888549438464,-0.00563530158251524,0.007202685344964266,-0.04585547745227814
1777498888559337216,-0.005310636945068836,0.006830991711467505,-0.04605720192193985
1777498888569217280,-0.005123731680214405,0.006442328914999962,-0.0461423322558403
1777498888579078656,-0.004928193520754576,0.00600959500297904,-0.04610118269920349
1777498888588920832,-0.004887073766440153,0.005392180290073156,-0.04596352204680443
1777498888598744064,-0.005246822722256184,0.004571324214339256,-0.04572207108139992
1777498888608548352,-0.005785887595266104,0.003423207905143499,-0.04528556391596794
1777498888618333440,-0.006657712161540985,0.00237180246040225,-0.04452410340309143
1777498888628558336,-0.007565571926534176,0.001530412002466619,-0.04372302442789078
1777498888638763776,-0.008607195690274239,0.001011853688396513,-0.04307463392615318
1777498888648949504,-0.009069458581507206,0.0002298106992384419,-0.04249635711312294
1777498888659115776,-0.009434639476239681,-0.000875887053553015,-0.04190803319215775
1777498888669262336,-0.009938962757587433,-0.001960812136530876,-0.04137412831187248
1777498888679388672,-0.00948045589029789,-0.002390684327110648,-0.04086345061659813
1777498888689496064,-0.009184876456856728,-0.00345514016225934,-0.04047420993447304
1777498888699583232,-0.008541062474250793,-0.004251893609762192,-0.04007842764258385
1777498888709652480,-0.007890938781201839,-0.004918133374303579,-0.03961772099137306
1777498888719703296,-0.007190711796283722,-0.005747335962951183,-0.03905745595693588
1777498888729734912,-0.00644676061347127,-0.006253272294998169,-0.03837915882468224
1777498888739746816,-0.005830785725265741,-0.00673475069925189,-0.03761905431747437
1777498888749739520,-0.005646064877510071,-0.006832471117377281,-0.03680414706468582
1777498888759712768,-0.005343692377209663,-0.007171889301389456,-0.03586478903889656
1777498888769666560,-0.005278858356177807,-0.007170044351369143,-0.03479720279574394
1777498888779601408,-0.005439911503344774,-0.007131561636924744,-0.03355098888278008
1777498888789517568,-0.005799026694148779,-0.007199465297162533,-0.03226860612630844
1777498888799414272,-0.006293176673352718,-0.006909523159265518,-0.03095244988799095
1777498888809291776,-0.007008424960076809,-0.006683692801743746,-0.02951686829328537
1777498888819150080,-0.007682195864617825,-0.006096870172768831,-0.02800313383340836
1777498888828989184,-0.008196331560611725,-0.005498484708368778,-0.02652516774833202
1777498888838809344,-0.009335699491202831,-0.004705461207777262,-0.02510993368923664
1777498888848610560,-0.009998138062655926,-0.003740964690223336,-0.02383245341479778
1777498888858392576,-0.01030607987195253,-0.002663765102624893,-0.0225962195545435
1777498888868391936,-0.01070737652480602,-0.001669066026806831,-0.0214374978095293
1777498888878607104,-0.01087310910224915,-0.0006515973946079612,-0.02036365307867527
1777498888888802816,-0.01079345215111971,0.0005865697748959064,-0.01950878091156483
1777498888898979072,-0.01051894016563892,0.001828011940233409,-0.01877380907535553
1777498888909135616,-0.01026476547122002,0.00299991387873888,-0.01817892491817474
1777498888919273728,-0.009726967662572861,0.004092724993824959,-0.0176509153097868
1777498888929392640,-0.009162371046841145,0.005092824343591928,-0.01718384586274624
1777498888939491840,-0.008745123632252216,0.005860662087798119,-0.01681426726281643
1777498888949571584,-0.008188155479729176,0.006583037320524454,-0.01641816645860672
1777498888959631616,-0.007739278022199869,0.007026662584394217,-0.01594459637999535
1777498888969671936,-0.007752684410661459,0.007335980888456106,-0.01548478659242392
1777498888979692800,-0.007815116085112095,0.00740062166005373,-0.01498735975474119
1777498888989694208,-0.008151586167514324,0.007336440961807966,-0.01447031833231449
1777498888999676416,-0.008513688109815121,0.007238951977342367,-0.01393415872007608
1777498889009639168,-0.008950532414019108,0.00664233323186636,-0.01335018221288919
1777498889019582464,-0.009427563287317753,0.005972042679786682,-0.01270563527941704
1777498889029506304,-0.009854243136942387,0.004996397998183966,-0.01201625354588032
1777498889039410944,-0.0101610217243433,0.004141455050557852,-0.01149204559624195
1777498889049295872,-0.009997745044529438,0.003322044853121042,-0.01114311534911394
1777498889059161600,-0.00979570671916008,0.00248373462818563,-0.01098662614822388
1777498889069008128,-0.009572356939315796,0.001539094024337828,-0.01092893444001675
1777498889078836480,-0.009125837124884129,0.0004373167175799608,-0.01084740553051233
1777498889088645120,-0.008530064485967159,-0.0009266641573049128,-0.010781304910779
1777498889098438656,-0.008180368691682816,-0.002343020401895046,-0.01071261242032051
1777498889108445440,-0.007750430144369602,-0.003408725606277585,-0.01069361437112093
1777498889118661888,-0.006927147973328829,-0.004275805782526731,-0.01063852291554213
1777498889128858368,-0.006390636321157217,-0.005219870246946812,-0.01052714418619871
1777498889139034880,-0.006126071326434612,-0.006049833260476589,-0.01035052724182606
1777498889149192448,-0.005741801112890244,-0.006831412203609943,-0.01022030971944332
1777498889159330304,-0.005582579877227545,-0.00713933864608407,-0.01011085696518421
1777498889169448960,-0.005795916542410851,-0.007609574589878321,-0.009924857877194881
1777498889179547904,-0.006091027520596981,-0.007627618499100208,-0.009572931565344334
1777498889189627136,-0.006802279036492109,-0.007642120122909546,-0.0091213658452034
1777498889199686656,-0.007683704141527414,-0.007440012879669666,-0.008620009757578373
1777498889209726720,-0.008135245181620121,-0.006982228253036737,-0.008097762241959572
1777498889219746816,-0.008435295894742012,-0.006414397619664669,-0.007678087800741196
1777498889229747712,-0.008777104318141937,-0.0056716687977314,-0.007391891907900572
1777498889239729152,-0.008909547701478004,-0.004797438625246286,-0.007210684474557638
1777498889249691648,-0.008906549774110317,-0.003823193721473217,-0.007105346769094467
1777498889259634432,-0.008489078842103481,-0.00271073984913528,-0.007110187318176031
1777498889269557760,-0.007935650646686554,-0.001864254008978605,-0.007123473566025496
1777498889279461632,-0.0072736581787467,-0.0007076134206727147,-0.007192349061369896
1777498889289346304,-0.006540131289511919,0.0003990241675637662,-0.007295249029994011
1777498889299211520,-0.005801810417324305,0.00153907504864037,-0.007441174238920212
1777498889309058304,-0.005247746128588915,0.002703661099076271,-0.007488579489290714
1777498889318886144,-0.004982339218258858,0.003707192139700055,-0.007476052269339561
1777498889328694528,-0.00470229797065258,0.004976212978363037,-0.007340092677623034
1777498889338483712,-0.00453826691955328,0.005805443972349167,-0.00709435623139143
1777498889348487424,-0.004706458188593388,0.006864128168672323,-0.006769383326172829
1777498889358705152,-0.004959364887326956,0.007816514000296593,-0.006339563988149166
1777498889368902912,-0.005326771177351475,0.008949988521635532,-0.005947702564299107
1777498889379080960,-0.005885458551347256,0.009763114154338837,-0.005480334162712097
1777498889389239808,-0.006589510943740606,0.01050969399511814,-0.004906388930976391
1777498889399378688,-0.007280468475073576,0.01100058108568192,-0.004265969153493643
1777498889409497344,-0.007721805479377508,0.0113668255507946,-0.00372143741697073
1777498889419596800,-0.007981370203197002,0.01140336692333221,-0.003166678128764033
1777498889429676032,-0.008138548582792282,0.01136756036430597,-0.002715758280828595
1777498889439735808,-0.008086971938610077,0.01149807777255774,-0.002364739775657654
1777498889449775616,-0.007782590109854937,0.01144573837518692,-0.002110149012878537
1777498889459795968,-0.007503658533096313,0.01125076785683632,-0.001970594050362706
1777498889469797120,-0.006883499678224325,0.01111985370516777,-0.001905094017274678
1777498889479778304,-0.006001801695674658,0.01091369986534119,-0.001905481913127005
1777498889489740032,-0.005360192619264126,0.009944730438292027,-0.001796997850760818
1777498889499682048,-0.005014019086956978,0.009059849195182323,-0.001431919517926872
1777498889509604864,-0.004804180469363928,0.00829770416021347,-0.0009746915893629193
1777498889519508224,-0.004663237370550632,0.007690784055739641,-0.0005615439149551094
1777498889529392128,-0.004777946043759584,0.006948611699044704,-0.0002376779593760148
1777498889539261952,-0.005000939127057791,0.006339572835713625,0.0001629122562007979
1777498889549112576,-0.005546574480831623,0.005688881035894156,0.0007194420322775841
1777498889558944256,-0.006155551876872778,0.004644764587283134,0.00128497090190649
1777498889568756992,-0.006737912073731422,0.003589067840948701,0.001793721108697355
1777498889578550528,-0.007605480961501598,0.002490628743544221,0.002289116382598877
1777498889588324864,-0.008477472700178623,0.001989393262192607,0.002741772448644042
1777498889598543360,-0.00869288481771946,0.00145599152892828,0.003152540186420083
1777498889608742144,-0.009084264747798443,0.0005452106706798077,0.003554052906110883
1777498889618920960,-0.009487209841609001,-2.376294833084103e-05,0.003880735486745834
1777498889629080576,-0.009472697973251343,-0.0006426898762583733,0.004039779771119356
1777498889639220224,-0.009249551221728325,-0.0009031398221850395,0.00400603748857975
1777498889649339904,-0.008759858086705208,-0.001268464257009327,0.003923741634935141
1777498889659440128,-0.007988389581441879,-0.001671338453888893,0.003804367268458009
1777498889669520640,-0.007190350443124771,-0.001991833792999387,0.003517756704241037
1777498889679581440,-0.00630180025473237,-0.002119556302204728,0.003162591485306621
1777498889689622272,-0.005598343908786774,-0.002109657740220428,0.002724650548771024
1777498889699643648,-0.005193792749196291,-0.002017701976001263,0.002451695501804352
1777498889709645568,-0.004944401327520609,-0.001783830230124295,0.002358282217755914
1777498889719630848,-0.004952186718583107,-0.001333179301582277,0.002320885425433517
1777498889729596672,-0.005088266916573048,-0.0009633974405005574,0.002460555406287313
1777498889739543040,-0.005315827671438456,-0.0006303971167653799,0.002597980899736285
1777498889749469952,-0.005687138997018337,-0.0001372080441797152,0.002784058684483171
1777498889759377664,-0.006010509561747313,0.0006954328273423016,0.002943957457318902
1777498889769266176,-0.00616174004971981,0.00169550790451467,0.003043916076421738
1777498889779134720,-0.006001956760883331,0.002540360437706113,0.003057554131373763
1777498889788984320,-0.006604669615626335,0.003307450097054243,0.003051679115742445
1777498889798814976,-0.00697640422731638,0.004514383152127266,0.003008008701726794
1777498889808626688,-0.006927769165486097,0.00574515899643302,0.002993186935782433
1777498889818419712,-0.007129792589694262,0.006801986135542393,0.002974604722112417
1777498889828193280,-0.007250415626913309,0.007818266749382019,0.003023969475179911
1777498889838413568,-0.007039197720587254,0.008776270784437656,0.002998625859618187
1777498889848614400,-0.006923630367964506,0.009986761026084423,0.00289131049066782
1777498889858795264,-0.00667851185426116,0.01110976841300726,0.002641321159899235
1777498889868956672,-0.006281713489443064,0.01218685135245323,0.002449208637699485
1777498889879099136,-0.005969481077045202,0.01305019203573465,0.002230145270004869
1777498889889221632,-0.005766565911471844,0.01387119572609663,0.001994757214561105
1777498889899324928,-0.00575264124199748,0.01448819879442453,0.001810828340239823
1777498889909408000,-0.005627527832984924,0.01502675563097,0.001775213517248631
1777498889919471360,-0.00589813431724906,0.01550755370408297,0.001751513103954494
1777498889929515264,-0.006113776937127113,0.01587080210447311,0.001797735458239913
1777498889939538944,-0.006373694632202387,0.01613359712064266,0.001800439204089344
1777498889949543168,-0.00671567814424634,0.01628123968839645,0.001795337069779634
1777498889959527936,-0.007026167586445808,0.01619677618145943,0.001812421600334346
1777498889969493248,-0.007135515566915274,0.01589864678680897,0.001823066384531558
1777498889979438592,-0.007196809630841017,0.01549483928829432,0.001877696951851249
1777498889989364480,-0.007279808167368174,0.01507063955068588,0.001954878913238645
1777498889999270656,-0.007245457731187344,0.01477887108922005,0.001945947064086795
1777498890009157376,-0.006850011646747589,0.01459088642150164,0.001793073723092675
1777498890019024640,-0.006489289458841085,0.0141687598079443,0.001626760349608958
1777498890028872448,-0.006076342891901731,0.01389936916530132,0.00150666746776551
1777498890038701568,-0.00558538781479001,0.01317432895302773,0.00136576488148421
1777498890048511744,-0.005278794094920158,0.01237298641353846,0.001331873936578631
1777498890058302720,-0.005295827053487301,0.01129782199859619,0.001483767642639577
1777498890068079872,-0.005626560654491186,0.01054427027702332,0.001675838488154113
1777498890078306560,-0.005922161042690277,0.01013131346553564,0.001962898066267371
1777498890088513280,-0.005777174141258001,0.009593034163117409,0.002290325472131371
1777498890098700288,-0.006071833427995443,0.008955994620919228,0.00266341189853847
1777498890108868608,-0.006468088831752539,0.008250812999904156,0.003008148400112987
1777498890119017472,-0.006735691335052252,0.007739543449133635,0.00326805911026895
1777498890129146624,-0.00700067775323987,0.007476509548723698,0.003467821050435305
1777498890139256064,-0.007391613908112049,0.007012298796325922,0.003760912921279669
1777498890149346048,-0.007938168942928314,0.006814584136009216,0.004126065876334906
1777498890159416576,-0.008234807290136814,0.00673226360231638,0.004491346888244152
1777498890169467392,-0.008316346444189548,0.00682914862409234,0.004758459981530905
1777498890179498496,-0.008184437640011311,0.006805901881307364,0.004911629017442465
1777498890189510656,-0.008216959424316883,0.007039327174425125,0.004996498115360737
1777498890199503360,-0.007877301424741745,0.007542827632278204,0.004964361898601055
1777498890209478912,-0.007258419413119555,0.008328171446919441,0.004846871830523014
1777498890219436800,-0.006431275513023138,0.00887710228562355,0.004772546235471964
1777498890229375488,-0.005953794810920954,0.009404148906469345,0.004814845509827137
1777498890239295232,-0.005574995186179876,0.01002142950892448,0.004866729956120253
1777498890249195520,-0.005260803271085024,0.01084866560995579,0.005010078195482492
1777498890259076608,-0.005082166753709316,0.01180445682257414,0.005240256432443857
1777498890268938752,-0.005091105587780476,0.01258333493024111,0.005560660269111395
1777498890278781440,-0.005111460108309984,0.01345210708677769,0.00597480358555913
1777498890288605440,-0.005553415976464748,0.01452283374965191,0.006442714482545853
1777498890298410752,-0.005853830836713314,0.01559228356927633,0.006994246505200863
1777498890308196864,-0.006225841585546732,0.01644746959209442,0.007569204084575176
1777498890318198272,-0.00695494282990694,0.01721205562353134,0.008184838108718395
1777498890328414208,-0.007575610652565956,0.01789732463657856,0.008709537796676159
1777498890338610432,-0.00814338494092226,0.01860723271965981,0.009162028320133686
1777498890348786688,-0.00863937009125948,0.01919872127473354,0.009609634056687355
1777498890358943488,-0.008660833351314068,0.01972783170640469,0.01000835467129946
1777498890369080832,-0.008587694726884365,0.02021096274256706,0.01025758776813745
1777498890379198464,-0.008460694923996925,0.02029929868876934,0.01044917292892933
1777498890389296384,-0.007992398925125599,0.02030442096292973,0.01055712252855301
1777498890399374336,-0.007597176823765039,0.02021485939621925,0.01055825594812632
1777498890409432576,-0.007071350235491991,0.01997556164860725,0.01057345140725374
1777498890419471616,-0.00649241590872407,0.0197061225771904,0.01057311147451401
1777498890429490688,-0.005873193498700857,0.01932811364531517,0.01048032939434052
1777498890439490560,-0.005327059887349606,0.0185470599681139,0.01041941158473492
1777498890449471488,-0.00503156054764986,0.01760399155318737,0.01036224979907274
1777498890459432960,-0.005018263589590788,0.01661660335958004,0.01043957564979792
1777498890469374976,-0.005183523986488581,0.01565893366932869,0.01059938315302134
1777498890479297280,-0.005740460939705372,0.01489920541644096,0.01084860321134329
1777498890489200384,-0.006738465279340744,0.01387173961848021,0.01135001704096794
1777498890499084288,-0.007897086441516876,0.01265153381973505,0.01209975872188807
1777498890508948736,-0.009166102856397629,0.01182947400957346,0.01298710517585278
1777498890518793984,-0.01051687635481358,0.01045915577560663,0.01380227319896221
1777498890528626688,-0.01149833016097546,0.009757243096828461,0.01435714773833752
1777498890538440448,-0.01140081323683262,0.009365150704979897,0.01450411230325699
1777498890548235264,-0.01141201518476009,0.008646386675536633,0.01447610091418028
1777498890558240768,-0.01152994856238365,0.007804813329130411,0.01445630379021168
1777498890568456704,-0.01125738210976124,0.006816137582063675,0.01445476245135069
1777498890578652928,-0.01090630982071161,0.005926036741584539,0.01446466241031885
1777498890588829184,-0.01053562015295029,0.004724040161818266,0.01443827711045742
1777498890598986496,-0.009940957650542259,0.003925456199795008,0.01431878563016653
1777498890609123584,-0.00926322303712368,0.003145665163174272,0.01409496832638979
1777498890619241472,-0.008596614003181458,0.002286854200065136,0.01387270260602236
1777498890629339392,-0.008223366923630238,0.001639137743040919,0.01363643631339073
1777498890639417856,-0.008027900941669941,0.001062767812982202,0.01339005306363106
1777498890649476864,-0.007740871980786324,0.0005332781584002078,0.01320404466241598
1777498890659515904,-0.007976345717906952,8.784231613390148e-05,0.01311760302633047
1777498890669535488,-0.008352926000952721,-0.0001678056869423017,0.01322101335972548
1777498890679535872,-0.008708509616553783,-0.0004699481360148638,0.01335466839373112
1777498890689517056,-0.009155761450529099,-0.0007283782470040023,0.01342263910919428
1777498890699479040,-0.009595513343811035,-0.000979282078333199,0.01345184631645679
1777498890709421056,-0.009905039332807064,-0.001111071207560599,0.01342375110834837
1777498890719343872,-0.01012085750699043,-0.001034742686897516,0.01331347413361073
1777498890729253888,-0.01004214398562908,-0.0008526933961547911,0.01306226756423712
1777498890739144448,-0.009629740379750729,-0.0006176726310513914,0.01267694961279631
1777498890749015808,-0.009259711019694805,-0.0002032097108894959,0.01220690738409758
1777498890758867968,-0.008881401270627975,0.0001377175212837756,0.01173424907028675
1777498890768701440,-0.008480303920805454,0.0004656730161514133,0.01134745962917805
1777498890778515456,-0.008138461038470268,0.0007416695007123053,0.01110315881669521
1777498890788310528,-0.008129184134304523,0.001013928209431469,0.01089905947446823
1777498890798317312,-0.007956382818520069,0.001347890589386225,0.01067974790930748
1777498890808535296,-0.007846119813621044,0.001716572209261358,0.01039194501936436
1777498890818733312,-0.007968117482960224,0.00199453067034483,0.01012219022959471
1777498890828912384,-0.007928659208118916,0.002263985807076097,0.009917605668306351
1777498890839071744,-0.008138139732182026,0.002227734541520476,0.009643544442951679
1777498890849211392,-0.008411546237766743,0.002258951775729656,0.009434586390852928
1777498890859331584,-0.008693263866007328,0.002086566993966699,0.009285301901400089
1777498890869431808,-0.008984685875475407,0.00190794700756669,0.009206587448716164
1777498890879512576,-0.009110537357628345,0.001427200739271939,0.009173046797513962
1777498890889573632,-0.009187818504869938,0.001018911716528237,0.009138556197285652
1777498890899614976,-0.009178342297673225,0.0006051781238056719,0.009054997004568577
1777498890909639168,-0.008992606773972511,8.909618918551132e-05,0.008903340436518192
1777498890919645440,-0.008776870556175709,-0.0005596073460765183,0.008727617561817169
1777498890929632256,-0.008561026304960251,-0.001319618080742657,0.008599286898970604
1777498890939599872,-0.008485380560159683,-0.002051416086032987,0.008539587259292603
1777498890949548288,-0.008338958024978638,-0.002759328577667475,0.008506921119987965
1777498890959477504,-0.008346598595380783,-0.003567030886188149,0.008485300466418266
1777498890969387520,-0.008465534076094627,-0.00430918438360095,0.008467740379273891
1777498890979278080,-0.008755652233958244,-0.005123581737279892,0.008639480918645859
1777498890989149696,-0.009421496652066708,-0.005896161776036024,0.0090888487175107
1777498890999002368,-0.00999237596988678,-0.006343825720250607,0.009542727842926979
1777498891008836096,-0.0104694664478302,-0.006367250345647335,0.01000199094414711
1777498891018650624,-0.01067387219518423,-0.006513044703751802,0.01044269092381001
1777498891028446208,-0.01090870704501867,-0.006610548123717308,0.01068901270627975
1777498891038222592,-0.01131820864975452,-0.006483302917331457,0.01100664492696524
1777498891048441344,-0.01146348100155592,-0.006523338612169027,0.01124501507729292
1777498891058640640,-0.0114973708987236,-0.005909273866564035,0.0113673759624362
1777498891068820480,-0.01116622518748045,-0.005727086216211319,0.01157628744840622
1777498891078980352,-0.01093757338821888,-0.005482278764247894,0.01178271323442459
1777498891089122048,-0.010908511467278,-0.005255010444670916,0.0118501977995038
1777498891099244288,-0.01068130694329739,-0.004533480387181044,0.01193930860608816
1777498891109346560,-0.01061891112476587,-0.003963252529501915,0.01199930906295776
1777498891119429376,-0.01041582319885492,-0.003097139298915863,0.01207475923001766
1777498891129492480,-0.01044863928109407,-0.002516190521419048,0.01215859781950712
1777498891139535872,-0.01049524359405041,-0.001308979233726859,0.0122133856639266
1777498891149559296,-0.01026880647987127,-0.0002044444991042838,0.01222100388258696
1777498891159563008,-0.01002852339297533,0.0009367131860926747,0.01221109740436077
1777498891169547776,-0.009884973056614399,0.002023777458816767,0.01224127411842346
1777498891179513088,-0.00984518975019455,0.003343664342537522,0.01221918687224388
1777498891189458432,-0.009702915325760841,0.004942368716001511,0.01218130625784397
1777498891199384576,-0.009578796103596687,0.006225804332643747,0.01222948543727398
1777498891209291776,-0.009610245935618877,0.007494257297366858,0.01235398929566145
1777498891219179264,-0.009663762524724007,0.008689850568771362,0.01244980562478304
1777498891229047552,-0.009689454920589924,0.0101857939735055,0.01249694731086493
1777498891238896640,-0.009695205837488174,0.01162463240325451,0.01250696461647749
1777498891248727296,-0.009842930361628532,0.01296428125351667,0.01251164544373751
1777498891258538496,-0.01001603901386261,0.01417295448482037,0.01255895849317312
1777498891268330752,-0.01012207847088575,0.01519579160958529,0.01260364148765802
1777498891278103808,-0.01028501894325018,0.01625012420117855,0.01261796057224274
1777498891288328704,-0.01041218917816877,0.01727399043738842,0.01266935188323259
1777498891298533376,-0.01038469467312098,0.01832349039614201,0.01260373741388321
1777498891308718848,-0.01035391632467508,0.01906395331025124,0.01249945256859064
1777498891318884352,-0.01049840822815895,0.01966443099081516,0.01240000315010548
1777498891329030656,-0.01062692794948816,0.0200511272996664,0.01232566125690937
1777498891339158272,-0.01061622705310583,0.0202468503266573,0.01216110121458769
1777498891349266432,-0.01043104380369186,0.02012905478477478,0.01197991333901882
1777498891359355136,-0.01031472999602556,0.01991460844874382,0.01177396066486835
1777498891369424640,-0.01021035574376583,0.01952577754855156,0.01149745564907789
1777498891379474944,-0.01009808294475079,0.01913353241980076,0.01119455136358738
1777498891389505792,-0.009899148717522621,0.01871833391487598,0.0108326580375433
1777498891399517184,-0.00973681453615427,0.01820083893835545,0.01039624214172363
1777498891409509632,-0.009741458110511303,0.01745492219924927,0.009931951761245728
1777498891419482880,-0.009613988921046257,0.01682612299919128,0.009516369551420212
1777498891429436672,-0.009600905701518059,0.01607458293437958,0.009141336195170879
1777498891439371008,-0.009568930603563786,0.01539251953363419,0.00878322497010231
1777498891449285888,-0.009601482190191746,0.01471748482435942,0.008452128618955612
1777498891459181312,-0.009621852077543736,0.01416568178683519,0.008050361648201942
1777498891469057536,-0.01002775318920612,0.01357576064765453,0.00763065367937088
1777498891478914304,-0.01069304998964071,0.01330455951392651,0.007335738744586706
1777498891488755712,-0.01218907535076141,0.01335815247148275,0.007283981423825026
1777498891498580992,-0.01275571435689926,0.01381986774504185,0.007595201954245567
1777498891508387072,-0.01298926584422588,0.01315792091190815,0.007861586287617683
1777498891518174208,-0.01380193885415792,0.01298642717301846,0.008000954985618591
1777498891528399872,-0.01449783053249121,0.01278113201260567,0.007982855662703514
1777498891538605824,-0.01426614075899124,0.01368703693151474,0.007625626865774393
1777498891548792064,-0.01364876609295607,0.01368046645075083,0.007035786285996437
1777498891558958592,-0.0133925499394536,0.01360054779797792,0.006551305297762156
1777498891569104896,-0.01241548359394073,0.01403641980141401,0.006156443152576685
1777498891579233024,-0.01184947974979877,0.01456247828900814,0.005873480811715126
1777498891589341696,-0.01138309575617313,0.01511508692055941,0.005773097276687622
1777498891599431168,-0.01121651101857424,0.01551401056349277,0.005810424219816923
1777498891609500928,-0.01008686050772667,0.01487975660711527,0.005979303270578384
1777498891619551232,-0.009811392053961754,0.0137768667191267,0.006078864447772503
1777498891629582336,-0.01013282500207424,0.01291801687330008,0.006124735809862614
1777498891639593728,-0.01032754313200712,0.01342327799648046,0.006104112602770329
1777498891649585664,-0.01018785871565342,0.01569649577140808,0.006147728301584721
1777498891659558656,-0.009958140552043915,0.01540957856923342,0.006353395991027355
1777498891669512448,-0.01043755654245615,0.01512528862804174,0.006724116858094931
1777498891679446528,-0.01084035076200962,0.01441630069166422,0.007287397515028715
1777498891689361408,-0.01036707684397697,0.01626367494463921,0.007813570089638233
1777498891699256576,-0.01023228839039803,0.0160958506166935,0.008160480298101902
1777498891709132288,-0.01026516128331423,0.01595610938966274,0.008470967411994934
1777498891718988288,-0.01040680147707462,0.0153086120262742,0.008976639248430729
1777498891728824832,-0.01010601129382849,0.01606997288763523,0.009394253604114056
1777498891738642688,-0.009534740820527077,0.01696735806763172,0.009824684821069241
1777498891748444416,-0.009675734676420689,0.01640111953020096,0.01022673025727272
1777498891758229760,-0.009380100294947624,0.01666325330734253,0.0106580862775445
1777498891768464896,-0.009376847185194492,0.01736973412334919,0.01116672623902559
1777498891778680320,-0.009491427801549435,0.01724962890148163,0.01173616759479046
1777498891788875776,-0.009507017210125923,0.01735660433769226,0.01227776240557432
1777498891799051520,-0.009497223421931267,0.01718462817370892,0.01283609494566917
1777498891809207296,-0.009393159300088882,0.01694115065038204,0.01338743604719639
1777498891819343872,-0.009332573972642422,0.0167076364159584,0.01396849378943443
1777498891829460992,-0.009354187175631523,0.01621214300394058,0.01450434513390064
1777498891839558912,-0.009209397248923779,0.01557513326406479,0.01492484379559755
1777498891849636864,-0.009232937358319759,0.01486653462052345,0.01530041825026274
1777498891859695616,-0.009247717447578907,0.01425225008279085,0.01571830362081528
1777498891869735168,-0.009218223392963409,0.01352573186159134,0.01619011908769608
1777498891879755008,-0.009184320457279682,0.01247675064951181,0.01664507575333118
1777498891889755392,-0.009377227164804935,0.01126593071967363,0.01713016256690025
1777498891899736832,-0.009428448043763638,0.01019479800015688,0.01757405512034893
1777498891909699072,-0.009618506766855717,0.009207325987517834,0.01793681085109711
1777498891919641856,-0.009774340316653252,0.008171176537871361,0.01830678060650826
1777498891929565184,-0.01006035972386599,0.007099828217178583,0.0186717864125967
1777498891939471360,-0.0101862819865346,0.006112506147474051,0.01896310225129128
1777498891949360640,-0.01030579581856728,0.005206943023949862,0.01917244866490364
1777498891959230464,-0.01022986322641373,0.004425344057381153,0.01926853507757187
1777498891969081344,-0.0101305739954114,0.00357713014818728,0.01934187673032284
1777498891978913280,-0.01021820586174726,0.002683613682165742,0.0194353349506855
1777498891988726528,-0.01059750001877546,0.002138328505679965,0.01963920891284943
1777498891998520320,-0.01083890255540609,0.001720783766359091,0.0198083370923996
1777498892008525568,-0.01110731810331345,0.001523492857813835,0.01990203559398651
1777498892018742016,-0.01126071251928806,0.001122905872762203,0.01997813023626804
1777498892028938496,-0.01160183176398277,0.001056673820130527,0.01998561434447765
1777498892039115520,-0.01198684796690941,0.001108978874981403,0.01996423862874508
1777498892049273344,-0.01209059450775385,0.001586542814038694,0.01984035223722458
1777498892059411456,-0.0121949128806591,0.00212008529342711,0.01964657008647919
1777498892069529856,-0.01224973611533642,0.002669242210686207,0.01947170868515968
1777498892079628800,-0.01234570611268282,0.003431266872212291,0.01934436149895191
1777498892089708288,-0.01263528969138861,0.004237013403326273,0.01926230266690254
1777498892099768064,-0.01280116476118565,0.00529759144410491,0.01920477673411369
1777498892109808384,-0.01292719785124063,0.006229638587683439,0.01913225464522839
1777498892119831040,-0.01286472287029028,0.007311912719160318,0.01903517544269562
1777498892129834240,-0.01130365114659071,0.007764440961182117,0.01885294541716576
1777498892139818240,-0.01038169208914042,0.008009742014110088,0.01825033314526081
1777498892149783040,-0.009624959900975227,0.008702879771590233,0.01741190813481808
1777498892159728384,-0.009326130151748657,0.0108688035979867,0.01649588532745838
1777498892169654528,-0.007614478934556246,0.0134494798257947,0.01550405099987984
1777498892179561472,-0.006440546829253435,0.01406660862267017,0.01494741346687078
1777498892189449216,-0.006790645886212587,0.01403478998690844,0.01477999892085791
1777498892199318272,-0.006294143386185169,0.01588740013539791,0.01489559002220631
1777498892209168384,-0.00610954686999321,0.01761412620544434,0.01500009465962648
1777498892218999040,-0.00599686149507761,0.01838524453341961,0.01499925926327705
1777498892228810752,-0.006695021875202656,0.0190429799258709,0.01513890270143747
1777498892238605056,-0.007098914589732885,0.01949141547083855,0.0154117988422513
1777498892248611584,-0.007606447208672762,0.02123072929680347,0.01569081097841263
1777498892258829056,-0.008401568979024887,0.02158951386809349,0.01593222841620445
1777498892269026304,-0.008907449431717396,0.02199319936335087,0.01618566550314426
1777498892279204096,-0.009711459279060364,0.02188385650515556,0.01648784801363945
1777498892289362688,-0.01047302223742008,0.02159756422042847,0.01679392531514168
1777498892299501312,-0.01026622951030731,0.02220510505139828,0.01707752421498299
1777498892309620480,-0.00986848771572113,0.02337010763585567,0.01731087826192379
1777498892319719680,-0.009819631464779377,0.02298367954790592,0.01748055033385754
1777498892329799424,-0.009664298966526985,0.02214217558503151,0.01758922077715397
1777498892339859456,-0.009275253862142563,0.02195207960903645,0.01769706979393959
1777498892349899520,-0.008584338240325451,0.02192418649792671,0.01778499595820904
1777498892359920128,-0.007934841327369213,0.0214434526860714,0.01788483373820782
1777498892369921536,-0.007243299391120672,0.02106958255171776,0.01786394789814949
1777498892379903232,-0.00667811231687665,0.02059913240373135,0.01786303892731667
1777498892389865472,-0.006153914146125317,0.01987091079354286,0.01789435930550098
1777498892399808512,-0.005914927925914526,0.01916721276938915,0.01801759377121925
1777498892409732096,-0.005950245540589094,0.01850030943751335,0.01831742003560066
1777498892419636480,-0.006240797229111195,0.01781764812767506,0.01880964450538158
1777498892429521152,-0.006794506683945656,0.01713613979518414,0.01948236301541328
1777498892439390976,-0.007587565574795008,0.01650549843907356,0.0202162005007267
1777498892449241600,-0.008259476162493229,0.01561607047915459,0.02102713659405708
1777498892459073024,-0.009153665043413639,0.01492952276021242,0.02178786881268024
1777498892468885248,-0.010074851103127,0.01436867285519838,0.02249790355563164
1777498892478678528,-0.01052693650126457,0.01439740415662527,0.02308519557118416
1777498892488452608,-0.01060029957443476,0.01437965035438538,0.02355721779167652
1777498892498670592,-0.01075893547385931,0.01404403150081635,0.02400234527885914
1777498892508869120,-0.0109406029805541,0.01372054126113653,0.02436519600450993
1777498892519047936,-0.01107634697109461,0.01372456550598145,0.02467668801546097
1777498892529207552,-0.01042443607002497,0.01395254116505384,0.02489721775054932
1777498892539347200,-0.009878219105303288,0.01387968752533197,0.02512883208692074
1777498892549467392,-0.009499918669462204,0.01402006298303604,0.0252987015992403
1777498892559567616,-0.008938494138419628,0.01442919764667749,0.02541320584714413
1777498892569648896,-0.008405210450291634,0.01505714841187,0.02538889460265636
1777498892579710720,-0.008160104043781757,0.0157967321574688,0.0253884568810463
1777498892589752576,-0.008074462413787842,0.01635127514600754,0.02549681812524796
1777498892599774976,-0.008182128891348839,0.017103161662817,0.02565447613596916
1777498892609778688,-0.008577248081564903,0.01783354952931404,0.02594229951500893
1777498892619762688,-0.008903274312615395,0.0187520943582058,0.02629529125988483
1777498892629730304,-0.009307129308581352,0.01972902566194534,0.02665172331035137
1777498892639678464,-0.009586594067513943,0.02054867707192898,0.02691470272839069
1777498892649607168,-0.0097701046615839,0.02136272937059402,0.02710613049566746
1777498892659516672,-0.009921940043568611,0.02215111255645752,0.02720188908278942
1777498892669406976,-0.009812037460505962,0.02301269397139549,0.02721947059035301
1777498892679277824,-0.009411484003067017,0.0239513348788023,0.02714181691408157
1777498892689129472,-0.008980439975857735,0.02496900036931038,0.02694523334503174
1777498892698961920,-0.008350323885679245,0.02577638067305088,0.02680054306983948
1777498892708775680,-0.007803180254995823,0.02639954909682274,0.02668929472565651
1777498892718570496,-0.007452540099620819,0.02689509838819504,0.02668656036257744
1777498892728346112,-0.007201171014457941,0.0273519791662693,0.02672332525253296
1777498892738565888,-0.00689995102584362,0.02785329706966877,0.02682266756892204
1777498892748766208,-0.006636027712374926,0.02808310277760029,0.02693196572363377
1777498892758947072,-0.006647579371929169,0.02823486924171448,0.02716295048594475
1777498892769108736,-0.006802866235375404,0.02816284634172916,0.02742704935371876
1777498892779250432,-0.006861845031380653,0.02796399220824242,0.0276906955987215
1777498892789372672,-0.007244606502354145,0.02771921828389168,0.02800900489091873
1777498892799474944,-0.007752691861242056,0.02747463993728161,0.02847358398139477
1777498892809558016,-0.008435304276645184,0.02709918469190598,0.02902921289205551
1777498892819621120,-0.009066407568752766,0.02669966965913773,0.02972204424440861
1777498892829664768,-0.009684068150818348,0.02604598551988602,0.03043564409017563
1777498892839688960,-0.01025327015668154,0.02562063559889793,0.03102436289191246
1777498892849693952,-0.01042558625340462,0.02486357465386391,0.03155910968780518
1777498892859679232,-0.01055667456239462,0.02428831346333027,0.03195511177182198
1777498892869648128,-0.0107091860845685,0.02367332018911839,0.03227782249450684
1777498892879597568,-0.01061513181775808,0.02320480346679688,0.03253741189837456
1777498892889528832,-0.01045203767716885,0.02268360555171967,0.03268972411751747
1777498892899440640,-0.01039321441203356,0.02195422351360321,0.03293368592858315
1777498892909333504,-0.01058921497315168,0.02150179818272591,0.03328709676861763
1777498892919207168,-0.01090812869369984,0.02121316269040108,0.03375953063368797
1777498892929061632,-0.01080843340605497,0.02111397497355938,0.03421880677342415
1777498892938896640,-0.01077129784971476,0.02057741023600101,0.03457273170351982
1777498892948713472,-0.0111269261687994,0.01986626535654068,0.03496762737631798
1777498892958511104,-0.01147393137216568,0.01939068548381329,0.03530508652329445
1777498892968289792,-0.01166806556284428,0.01956642046570778,0.03552385792136192
1777498892978515712,-0.01153601706027985,0.019669059664011,0.03569283708930016
1777498892988721664,-0.0115552581846714,0.01937036216259003,0.03584042191505432
1777498892998908416,-0.01195635087788105,0.0192510299384594,0.03594766184687614
1777498893009075200,-0.01208626385778189,0.01934143900871277,0.03606908023357391
1777498893019222528,-0.01182927563786507,0.01987841911613941,0.03617553412914276
1777498893029349376,-0.01180167868733406,0.02016067504882812,0.03622337058186531
1777498893039457024,-0.01183306612074375,0.020582539960742,0.03624874725937843
1777498893049546240,-0.01136758923530579,0.02131065167486668,0.0361989252269268
1777498893059616256,-0.01100177224725485,0.02197939902544022,0.03594787418842316
1777498893069666816,-0.01051802560687065,0.02290655113756657,0.03567690774798393
1777498893079697664,-0.009865036234259605,0.02377462387084961,0.03542940318584442
1777498893089709312,-0.009197387844324112,0.02482000552117825,0.03515447303652763
1777498893099701504,-0.008704319596290588,0.02564669772982597,0.03496597334742546
1777498893109674240,-0.008326373063027859,0.02654894441366196,0.03487903997302055
1777498893119627520,-0.007894670590758324,0.0274971816688776,0.03492071479558945
1777498893129562624,-0.007615834940224886,0.02838073670864105,0.03493671119213104
1777498893139478272,-0.007407256867736578,0.02931151166558266,0.0350128710269928
1777498893149374464,-0.007233232259750366,0.03008805587887764,0.03512188792228699
1777498893159251200,-0.007486939895898104,0.0309531707316637,0.03535863757133484
1777498893169108992,-0.007822350598871708,0.03160886839032173,0.03572685271501541
1777498893178947584,-0.008287189528346062,0.03237511217594147,0.03624625131487846
1777498893188766976,-0.008680106140673161,0.03295117989182472,0.03683988749980927
1777498893198567424,-0.009335322305560112,0.03339921683073044,0.0374404564499855
1777498893208352256,-0.009898418560624123,0.03379474207758904,0.03803946450352669
1777498893218353664,-0.01026708818972111,0.03415738418698311,0.03857418522238731
1777498893228569344,-0.01051333453506231,0.03453920036554337,0.03913974761962891
1777498893238765312,-0.01069351844489574,0.03469878435134888,0.03971485421061516
1777498893248942336,-0.01066763326525688,0.03464123606681824,0.04028068855404854
1777498893259099392,-0.0106746694073081,0.03449856489896774,0.04081430286169052
1777498893269236480,-0.01054114010185003,0.03399708494544029,0.04129698872566223
1777498893279354112,-0.01037557516247034,0.0334763377904892,0.04169228672981262
1777498893289451264,-0.01013613678514957,0.03299596160650253,0.04201469570398331
1777498893299528960,-0.009477648884057999,0.032669797539711,0.04226746410131454
1777498893309586944,-0.009250542148947716,0.03177373111248016,0.04251783713698387
1777498893319624704,-0.00917239673435688,0.03103909641504288,0.04288532584905624
1777498893329643008,-0.00933539867401123,0.03015696629881859,0.04337944835424423
1777498893339641856,-0.009521732106804848,0.02950869500637054,0.0440128929913044
1777498893349620736,-0.009622639045119286,0.02881352417171001,0.04461093246936798
1777498893359580672,-0.009724641218781471,0.02811947278678417,0.04513933137059212
1777498893369522432,-0.009877108037471771,0.02745536155998707,0.04553510248661041
1777498893379446528,-0.01019645668566227,0.02658690512180328,0.0458190068602562
1777498893389351680,-0.01041012350469828,0.0258130319416523,0.04608744382858276
1777498893399237376,-0.01062905974686146,0.02515986189246178,0.04634177312254906
1777498893409104128,-0.01093588676303625,0.024413226172328,0.04658848792314529
1777498893418951680,-0.01116831600666046,0.02388973534107208,0.04677031189203262
1777498893428780800,-0.01149645447731018,0.02327211387455463,0.0468849390745163
1777498893438590976,-0.01170121040195227,0.02283218875527382,0.04693647474050522
1777498893448382464,-0.01182391960173845,0.02226236090064049,0.0469084270298481
1777498893458387200,-0.01181862782686949,0.02222117595374584,0.04671043902635574
1777498893468604160,-0.01157262548804283,0.02187669649720192,0.04638255760073662
1777498893478801152,-0.01115715876221657,0.02188761718571186,0.04585522040724754
1777498893488978176,-0.01057005114853382,0.02181464061141014,0.04528214782476425
1777498893499136512,-0.009902920573949814,0.02191832102835178,0.04466564208269119
1777498893509275392,-0.009408445097506046,0.02212855033576488,0.04391135647892952
1777498893519394560,-0.008865253999829292,0.02225486747920513,0.0432291142642498
1777498893529493760,-0.008647230453789234,0.02244749665260315,0.04258438944816589
1777498893539573504,-0.008594543673098087,0.02277097105979919,0.04197875782847404
1777498893549633792,-0.008413749746978283,0.02316976524889469,0.04143407940864563
1777498893559674368,-0.00822145864367485,0.02356994338333607,0.04086489230394363
1777498893569694976,-0.008262333460152149,0.02386168204247952,0.04030978307127953
1777498893579696640,-0.008322464302182198,0.02436785399913788,0.03980940207839012
1777498893589678592,-0.008177638053894043,0.02482827939093113,0.03923758864402771
1777498893599641344,-0.008118215017020702,0.02534359134733677,0.0386502593755722
1777498893609584896,-0.008108289912343025,0.02574038319289684,0.03809180483222008
1777498893619508992,-0.007925502024590969,0.02618017606437206,0.03756805509328842
1777498893629413376,-0.007974379695951939,0.0263355802744627,0.03706848993897438
1777498893639298560,-0.008237613365054131,0.02666764333844185,0.03667563572525978
1777498893649164544,-0.008225449360907078,0.02682771347463131,0.0364014096558094
1777498893659017472,-0.008348825387656689,0.0269725639373064,0.03613177686929703
1777498893668851712,-0.008331982418894768,0.02699725516140461,0.0359155684709549
1777498893678666752,-0.008339118212461472,0.02686315402388573,0.03563221171498299
1777498893688462336,-0.008338381536304951,0.02670730464160442,0.03532980009913445
1777498893698469376,-0.008385343477129936,0.02634609304368496,0.03511845320463181
1777498893708686848,-0.008405894041061401,0.02600957453250885,0.03491103276610374
1777498893718884352,-0.008543988689780235,0.02562817744910717,0.03472721204161644
1777498893729062144,-0.008526276797056198,0.02489989623427391,0.03471186384558678
1777498893739220224,-0.008950643241405487,0.02392539568245411,0.03471935167908669
1777498893749358848,-0.009346593171358109,0.02305092290043831,0.03481139987707138
1777498893759477504,-0.009628595784306526,0.02221605367958546,0.03486094251275063
1777498893769576704,-0.009780833497643471,0.02138548344373703,0.03488387912511826
1777498893779656192,-0.01004936546087265,0.02030058391392231,0.03493867069482803
1777498893789716224,-0.01005279924720526,0.01905844733119011,0.03503727167844772
1777498893799756288,-0.0102311410009861,0.01786199025809765,0.03511767461895943
1777498893809776896,-0.0103157851845026,0.01647886075079441,0.03508510813117027
1777498893819778048,-0.01038934476673603,0.01532800681889057,0.03504260629415512
1777498893829761024,-0.01049814280122519,0.01422286592423916,0.03506163507699966
1777498893839725312,-0.01029468048363924,0.01356268394738436,0.03499765694141388
1777498893849670400,-0.009883995167911053,0.01255339849740267,0.03474598005414009
1777498893859595776,-0.009288942441344261,0.01139604672789574,0.03442169725894928
1777498893869501696,-0.008991396054625511,0.009946906007826328,0.0341675691306591
1777498893879388416,-0.008615168742835522,0.008894254453480244,0.03401127457618713
1777498893889255936,-0.008281171321868896,0.008290695957839489,0.03375615924596786
1777498893899104256,-0.007652131374925375,0.007495402358472347,0.03354388475418091
1777498893908933120,-0.007392558269202709,0.00688067777082324,0.03345469012856483
1777498893918743296,-0.007689118385314941,0.006245920900255442,0.03336449339985847
1777498893928534016,-0.00804635975509882,0.005763350520282984,0.03322048112750053
1777498893938305280,-0.00861701276153326,0.005800198297947645,0.03306005895137787
1777498893948524032,-0.009028103202581406,0.005788018461316824,0.03306419774889946
1777498893958722816,-0.009501948952674866,0.0060841697268188,0.03310211375355721
1777498893968901376,-0.009767201729118824,0.00636822497472167,0.03309643641114235
1777498893979059712,-0.009715410880744457,0.006855780724436045,0.03297323733568192
1777498893989198336,-0.009723183698952198,0.007523055654019117,0.03275186195969582
1777498893999316480,-0.009386057034134865,0.008422261103987694,0.03236683085560799
1777498894009417216,-0.008860073052346706,0.009443620219826698,0.03187251463532448
1777498894019498240,-0.008160007186233997,0.01053762994706631,0.03126390278339386
1777498894029560064,-0.007417693734169006,0.01160002406686544,0.03065508045256138
1777498894039602176,-0.006641636602580547,0.01252068020403385,0.03012020513415337
1777498894049625344,-0.005967943463474512,0.01365268044173717,0.02973667345941067
1777498894059629056,-0.005595148541033268,0.01470509730279446,0.02940350957214832
1777498894069613312,-0.005292043089866638,0.0160710085183382,0.02909526973962784
1777498894079578112,-0.005009792745113373,0.01718924008309841,0.02887674979865551
1777498894089523968,-0.004769192077219486,0.01824484393000603,0.02876821346580982
1777498894099450624,-0.005095078144222498,0.019059918820858,0.0287646297365427
1777498894109357824,-0.00539295794442296,0.02015487477183342,0.02879678644239902
1777498894119245824,-0.005872410722076893,0.02120726555585861,0.0288761705160141
1777498894129114624,-0.006406082306057215,0.02200428582727909,0.02905732952058315
1777498894138964480,-0.007145616691559553,0.02240479551255703,0.02936284430325031
1777498894148795136,-0.00797873642295599,0.02267957478761673,0.02968773059546947
1777498894158606848,-0.008679283782839775,0.02305835857987404,0.02996871247887611
1777498894168401152,-0.008901827968657017,0.02340956032276154,0.03021807782351971
1777498894178176512,-0.009091516956686974,0.02303658425807953,0.03046381287276745
1777498894188396800,-0.009269493632018566,0.02256708964705467,0.03071027994155884
1777498894198597632,-0.009257466532289982,0.02239304967224598,0.03084008581936359
1777498894208778496,-0.009043904021382332,0.02186855301260948,0.03086845017969608
1777498894218939648,-0.008802905678749084,0.02117264829576015,0.03075621649622917
1777498894229081600,-0.008320027031004429,0.0201297253370285,0.03055459074676037
1777498894239203840,-0.007575471885502338,0.01947800256311893,0.03041543252766132
1777498894249306624,-0.007146052084863186,0.01852628588676453,0.03030256554484367
1777498894259388928,-0.006691770628094673,0.01733516715466976,0.03026221506297588
1777498894269451776,-0.006354229059070349,0.01622193120419979,0.03037887252867222
1777498894279494400,-0.00604043947532773,0.01506435871124268,0.03053006902337074
1777498894289517568,-0.005987796932458878,0.01401262450963259,0.03066892176866531
1777498894299520512,-0.006058847531676292,0.01233163848519325,0.03079563565552235
1777498894309504000,-0.007307267747819424,0.01110462006181479,0.03118668682873249
1777498894319468032,-0.008845050819218159,0.01011261343955994,0.03185396641492844
1777498894329412352,-0.009530557319521904,0.009629989974200726,0.03267484158277512
1777498894339336704,-0.01069816574454308,0.00819610059261322,0.03348124399781227
1777498894349241600,-0.01185296475887299,0.006804009899497032,0.03419683873653412
1777498894359126784,-0.01250957045704126,0.005877729970961809,0.03473946452140808
1777498894368992512,-0.01270288974046707,0.00536572327837348,0.0349484495818615
1777498894378838784,-0.01244849152863026,0.004354188218712807,0.03494998067617416
1777498894388665600,-0.0118833240121603,0.003862299723550677,0.03483357653021812
1777498894398473728,-0.0112408110871911,0.003779028309509158,0.03464886173605919
1777498894408261888,-0.01042707450687885,0.003763014916330576,0.0343870222568512
1777498894418030592,-0.009337330237030983,0.003846805542707443,0.03411945328116417
1777498894428256768,-0.008318233303725719,0.003537254640832543,0.0339253842830658
1777498894438462976,-0.00758622819557786,0.003872448811307549,0.03375586122274399
1777498894448649472,-0.007242933381348848,0.004246315453201532,0.03359759226441383
1777498894458816000,-0.006761206779628992,0.004930111113935709,0.03341775387525558
1777498894468962816,-0.006870937068015337,0.005697145592421293,0.03330970928072929
1777498894479089152,-0.006770243868231773,0.006427742075175047,0.03326442837715149
1777498894489196032,-0.006967588327825069,0.007276193238794804,0.03323433548212051
1777498894499282944,-0.007079596165567636,0.00808113906532526,0.03326988220214844
1777498894509350144,-0.007102984935045242,0.008964871056377888,0.03333855792880058
1777498894519397376,-0.007057299837470055,0.01003682240843773,0.03336846083402634
1777498894529425152,-0.007089177146553993,0.01110905129462481,0.0333588570356369
1777498894539433216,-0.007017564494162798,0.01219717692583799,0.03327790647745132
1777498894549421312,-0.006907991599291563,0.01344981044530869,0.03318100050091743
1777498894559390208,-0.006914233788847923,0.01461316458880901,0.03312759473919868
1777498894569339392,-0.00682041933760047,0.01580264419317245,0.03315979987382889
1777498894579269376,-0.006810815539211035,0.01690894924104214,0.0332837887108326
1777498894589179648,-0.006775198504328728,0.01798819750547409,0.03344028443098068
1777498894599070208,-0.006652944255620241,0.01893086358904839,0.03354360908269882
1777498894608948736,-0.006690823473036289,0.01983652636408806,0.03359555453062057
1777498894618807808,-0.006799470633268356,0.02059026435017586,0.03364205732941628
1777498894628647680,-0.006969418842345476,0.0212672371417284,0.03364339098334312
1777498894638468096,-0.00717208394780755,0.02204644121229649,0.03365619480609894
1777498894648269056,-0.007419154047966003,0.02249007485806942,0.03366905078291893
1777498894658051072,-0.007653083186596632,0.022798215970397,0.03374427184462547
1777498894668049664,-0.007972375489771366,0.02285369485616684,0.03385704010725021
1777498894678265344,-0.00835888646543026,0.02277321554720402,0.0339835025370121
1777498894688462080,-0.008684280328452587,0.02272736839950085,0.03403995931148529
1777498894698639104,-0.009049565531313419,0.02246326580643654,0.03402161970734596
1777498894708796416,-0.00932532362639904,0.0221564769744873,0.03386661037802696
1777498894718934272,-0.009542489424347878,0.02170485444366932,0.03362900763750076
1777498894729054208,-0.009835437871515751,0.02110885456204414,0.03336377441883087
1777498894739154176,-0.009972355328500271,0.02064869180321693,0.03305621445178986
1777498894749234688,-0.01005367655307055,0.01988943479955196,0.03265077993273735
1777498894759295488,-0.01007286366075277,0.0190767515450716,0.03212869912385941
1777498894769336832,-0.01038396265357733,0.01779863983392715,0.03163934126496315
1777498894779358464,-0.01122547686100006,0.01697341352701187,0.03125371038913727
1777498894789360384,-0.01209174003452063,0.01649582758545876,0.03094952180981636
1777498894799342848,-0.01212425995618105,0.01614282466471195,0.0305889006704092
1777498894809306368,-0.0121230473741889,0.01523171085864305,0.03002832643687725
1777498894819250176,-0.01224671397358179,0.01434555277228355,0.02942315675318241
1777498894829174272,-0.01253196969628334,0.01346259843558073,0.02858811803162098
1777498894839079168,-0.012299420312047,0.01346897333860397,0.02747346833348274
1777498894848964608,-0.01206031255424023,0.01292075030505657,0.02617876604199409
1777498894858830336,-0.01197273191064596,0.01278543379157782,0.02492875419557095
1777498894868676864,-0.01181864831596613,0.01242142356932163,0.02364878542721272
1777498894878504192,-0.01150097977370024,0.01236988417804241,0.02227946929633617
1777498894888313344,-0.01138450391590595,0.01219756808131933,0.02087224088609219
1777498894898103552,-0.01130105741322041,0.01234022062271833,0.01943243108689785
1777498894908107264,-0.01107195299118757,0.01248346455395222,0.01788295619189739
1777498894918323968,-0.01068295445293188,0.01299583725631237,0.01616422645747662
1777498894928520960,-0.0102877439931035,0.0132870702072978,0.01429703366011381
1777498894938698240,-0.009751620702445507,0.01385193224996328,0.01233326457440853
1777498894948855808,-0.009044380858540535,0.01440999004989862,0.01034872326999903
1777498894958993920,-0.008235390298068523,0.0151264201849699,0.008318090811371803
1777498894969112832,-0.007553631439805031,0.01568887382745743,0.00639818049967289
1777498894979212544,-0.006926416885107756,0.01633952558040619,0.004603866022080183
1777498894989292800,-0.006683420389890671,0.01706300117075443,0.002938654273748398
1777498894999353344,-0.006688185501843691,0.01795931160449982,0.001351085375063121
1777498895009394176,-0.006720116827636957,0.01881911046802998,-0.0001851622218964621
1777498895019415808,-0.006822345312684774,0.01980528607964516,-0.001671814592555165
1777498895029419776,-0.006923353765159845,0.02078685350716114,-0.00310272048227489
1777498895039405824,-0.007131938822567463,0.02176155894994736,-0.004452468827366829
1777498895049372416,-0.007406263612210751,0.02271322347223759,-0.00568061601370573
1777498895059319552,-0.007855726405978203,0.02352647669613361,-0.006822978146374226
1777498895069247744,-0.00831046886742115,0.02454204857349396,-0.007865936495363712
1777498895079156736,-0.00895397923886776,0.02536038868129253,-0.008850473910570145
1777498895089046528,-0.009556575678288937,0.02625484392046928,-0.00977280642837286
1777498895098917376,-0.01014329120516777,0.02683183550834656,-0.01065429858863354
1777498895108769024,-0.01047257427126169,0.0273305606096983,-0.01150882057845592
1777498895118601984,-0.01080909743905067,0.02750066481530666,-0.012401576153934
1777498895128415744,-0.0108125489205122,0.02746351063251495,-0.01333779189735651
1777498895138210560,-0.01063637249171734,0.02724054828286171,-0.01435756403952837
1777498895148217088,-0.0103849871084094,0.02693347260355949,-0.01537858694791794
1777498895158435328,-0.01002245489507914,0.02643893659114838,-0.01637103781104088
1777498895168633856,-0.00975763238966465,0.02572504058480263,-0.01737040653824806
1777498895178813184,-0.009404163807630539,0.02507955953478813,-0.01837543956935406
1777498895188973056,-0.009303433820605278,0.02381458878517151,-0.01927117072045803
1777498895199113728,-0.009530159644782543,0.02234651148319244,-0.01999973133206367
1777498895209234432,-0.01001208834350109,0.02068625949323177,-0.02048916928470135
1777498895219335936,-0.01062182523310184,0.01906402222812176,-0.02089850232005119
1777498895229417472,-0.0111923310905695,0.01736846752464771,-0.0213785283267498
1777498895239479552,-0.0121059687808156,0.01588719338178635,-0.02180320769548416
1777498895249521920,-0.01278366521000862,0.0149575462564826,-0.02202745154500008
1777498895259547136,-0.01252490002661943,0.01350600924342871,-0.02232810296118259
1777498895269554688,-0.01308357436209917,0.01184943504631519,-0.02276876010000706
1777498895279543040,-0.01315852534025908,0.01057539321482182,-0.02321640215814114
1777498895289512192,-0.01307485532015562,0.009498133324086666,-0.02378043159842491
1777498895299462144,-0.0126283522695303,0.00893720518797636,-0.02453309297561646
1777498895309393152,-0.01226632390171289,0.007787184324115515,-0.02524156868457794
1777498895319305216,-0.01173274498432875,0.007133867591619492,-0.02585911191999912
1777498895329197824,-0.01153825223445892,0.006302855908870697,-0.02634579688310623
1777498895339071488,-0.01129896938800812,0.006304063368588686,-0.02674149535596371
1777498895348926208,-0.01083100959658623,0.005848736967891455,-0.02709728851914406
1777498895358761728,-0.01057951617985964,0.006078245583921671,-0.02744484506547451
1777498895368578048,-0.01012738514691591,0.006179047282785177,-0.02775892615318298
1777498895378375680,-0.009770325385034084,0.006696535274386406,-0.0281372144818306
1777498895388154112,-0.009420454502105713,0.007290508132427931,-0.02847433462738991
1777498895398373376,-0.009236789308488369,0.008050678297877312,-0.02860375307500362
1777498895408573440,-0.009536069817841053,0.009077757596969604,-0.02860304526984692
1777498895418753536,-0.009944474324584007,0.01016497891396284,-0.02848073095083237
1777498895428914432,-0.01038193050771952,0.01122487243264914,-0.02821353636682034
1777498895439055104,-0.01123654376715422,0.01232545915991068,-0.02787942253053188
1777498895449176576,-0.01203558593988419,0.01356926839798689,-0.02756211720407009
1777498895459277824,-0.01263007707893848,0.01492308918386698,-0.02742155082523823
1777498895469359616,-0.01300626713782549,0.01642798632383347,-0.02745517902076244
1777498895479421696,-0.01317383162677288,0.01782201416790485,-0.02766344510018826
1777498895489464064,-0.01316036190837622,0.01936896704137325,-0.02798588201403618
1777498895499486464,-0.01272815931588411,0.02094974368810654,-0.02839922904968262
1777498895509489920,-0.01222554966807365,0.02265151031315327,-0.02890823781490326
1777498895519473664,-0.01185411401093006,0.02419953793287277,-0.02943058684468269
1777498895529437696,-0.01155907288193703,0.02575059235095978,-0.03007130697369576
1777498895539383296,-0.01075565442442894,0.02731816470623016,-0.03078979067504406
1777498895549310464,-0.01008228305727243,0.02881431765854359,-0.0316096767783165
1777498895559218432,-0.009506160393357277,0.03009271435439587,-0.03252012655138969
1777498895569106944,-0.00889548659324646,0.03126115351915359,-0.03346569091081619
1777498895578976256,-0.008403604850172997,0.03258584439754486,-0.03435634821653366
1777498895588826368,-0.008352825418114662,0.03357375413179398,-0.03514734655618668
1777498895598657024,-0.008291574195027351,0.03448956459760666,-0.03582258895039558
1777498895608468224,-0.008420124650001526,0.03507409617304802,-0.0363042876124382
1777498895618260736,-0.008805091492831707,0.03572480753064156,-0.0367286279797554
1777498895628034304,-0.009349594824016094,0.03627313673496246,-0.03711825236678123
1777498895638254592,-0.009897130541503429,0.03673577308654785,-0.03750402480363846
1777498895648455168,-0.01026982814073563,0.03697993233799934,-0.03780163452029228
1777498895658635776,-0.01062296330928802,0.03716186434030533,-0.03807193785905838
1777498895668797440,-0.01083342358469963,0.03716185688972473,-0.03838777169585228
1777498895678939136,-0.01074052602052689,0.03728412091732025,-0.03876321762800217
1777498895689061888,-0.01079525053501129,0.0374365858733654,-0.03916101530194283
1777498895699164672,-0.01096064876765013,0.03766637668013573,-0.03944576159119606
1777498895709248000,-0.01113126240670681,0.03787445276975632,-0.0394839383661747
1777498895719311872,-0.01167504768818617,0.03788085281848907,-0.03939893841743469
1777498895729355776,-0.01191587839275599,0.03786260262131691,-0.03931117802858353
1777498895739380224,-0.01218624319881201,0.03768953308463097,-0.0392845943570137
1777498895749387264,-0.01223216578364372,0.03775444626808167,-0.03939582034945488
1777498895759374336,-0.01208320260047913,0.03779898583889008,-0.03959642723202705
1777498895769342208,-0.01166115328669548,0.03777532279491425,-0.03985264897346497
1777498895779290112,-0.01125719305127859,0.03777913376688957,-0.0401269756257534
1777498895789219072,-0.01104826107621193,0.03782304003834724,-0.04032447934150696
1777498895799128320,-0.01122249662876129,0.0379367507994175,-0.04038811847567558
1777498895809018368,-0.01138442102819681,0.03788477927446365,-0.04035038128495216
1777498895818888960,-0.01180384680628777,0.03784061595797539,-0.04019719362258911
1777498895828740608,-0.01221257261931896,0.03764261677861214,-0.03998209163546562
1777498895838572800,-0.01264503411948681,0.03744513541460037,-0.03983904421329498
1777498895848385536,-0.01296338252723217,0.03734079748392105,-0.03982695564627647
1777498895858179328,-0.01309532951563597,0.03714442625641823,-0.03992873430252075
1777498895867953664,-0.0129997655749321,0.0370374396443367,-0.04014033079147339
1777498895878180096,-0.01268321089446545,0.03685929626226425,-0.04042555391788483
1777498895888386816,-0.01253798138350248,0.03678819537162781,-0.04078032448887825
1777498895898573824,-0.01223399396985769,0.03652957454323769,-0.04107543453574181
1777498895908741632,-0.01210918463766575,0.03623204305768013,-0.0413556843996048
1777498895918889728,-0.01201969757676125,0.03581157326698303,-0.04160166531801224
1777498895929017856,-0.01205053459852934,0.03532003238797188,-0.04182008653879166
1777498895939126016,-0.01235446240752935,0.03485211730003357,-0.04204395413398743
1777498895949214464,-0.01271383836865425,0.03450597450137138,-0.04225781559944153
1777498895959283456,-0.012907974421978,0.0341142974793911,-0.04255971312522888
1777498895969332736,-0.01321735046803951,0.03369449079036713,-0.0428793840110302
1777498895979362048,-0.01348332408815622,0.03324711695313454,-0.04318796098232269
1777498895989372160,-0.01347566861659288,0.03290542960166931,-0.04354749619960785
1777498895999362816,-0.01347453892230988,0.03246404975652695,-0.04396800324320793
1777498896009334016,-0.01333122793585062,0.03194721788167953,-0.04441134631633759
1777498896019285504,-0.01341623812913895,0.03160110116004944,-0.04489034786820412
1777498896029217536,-0.01327252294868231,0.03134548664093018,-0.04534588754177094
1777498896039130112,-0.01288213953375816,0.03111570701003075,-0.04582827538251877
1777498896049023488,-0.01247991900891066,0.03069296665489674,-0.04634054750204086
1777498896058897408,-0.01196966134011745,0.03016633540391922,-0.04679541662335396
1777498896068752128,-0.0114030884578824,0.02980817854404449,-0.0472382977604866
1777498896078588672,-0.01091338042169809,0.02944877557456493,-0.04761727154254913
1777498896088410624,-0.01030568592250347,0.02897207625210285,-0.04786689952015877
1777498896098213632,-0.009771074168384075,0.02859088778495789,-0.04793098568916321
1777498896107997440,-0.00922069139778614,0.02806085161864758,-0.04790549352765083
1777498896117997568,-0.008924993686378002,0.02733813412487507,-0.04778532683849335
1777498896128213760,-0.008648826740682125,0.02651798166334629,-0.04748202860355377
1777498896138410240,-0.008736205287277699,0.0257062204182148,-0.04695351049304008
1777498896148587008,-0.00923642236739397,0.0250594113022089,-0.0461222417652607
1777498896158744320,-0.009557179175317287,0.02439126744866371,-0.0450640469789505
1777498896168881664,-0.01016998011618853,0.02387330308556557,-0.04398182779550552
1777498896178999296,-0.01160554494708776,0.0237803366035223,-0.04272370412945747
1777498896189097216,-0.01260040327906609,0.02375567704439163,-0.04109060391783714
1777498896199175424,-0.01303758099675179,0.02279812656342983,-0.03938038647174835
1777498896209233920,-0.01467712223529816,0.02167779579758644,-0.03761456161737442
1777498896219272448,-0.01614275202155113,0.02058360725641251,-0.0358833409845829
1777498896229291264,-0.01661211438477039,0.02122971229255199,-0.03436318412423134
1777498896239292160,-0.01609945856034756,0.0212011132389307,-0.0331033319234848
1777498896249274368,-0.01614588126540184,0.02084274031221867,-0.03189151734113693
1777498896259237120,-0.01571553945541382,0.02089680731296539,-0.03065076842904091
1777498896269180416,-0.01556599419564009,0.0209968313574791,-0.02951711788773537
1777498896279104512,-0.01545186527073383,0.02187678962945938,-0.02852657437324524
1777498896289008896,-0.01530390605330467,0.02245108969509602,-0.02751412056386471
1777498896298894080,-0.01518194377422333,0.02294618636369705,-0.02642212994396687
1777498896308759808,-0.01509056705981493,0.02338305674493313,-0.02533940598368645
1777498896318606080,-0.01495416462421417,0.02448553964495659,-0.02441158890724182
1777498896328433664,-0.0147886723279953,0.02552138641476631,-0.02369333989918232
1777498896338241792,-0.01476462092250586,0.02670552954077721,-0.0229649730026722
1777498896348030464,-0.01487087551504374,0.02801531553268433,-0.02220883779227734
1777498896358033664,-0.0149330934509635,0.02905339188873768,-0.02155043557286263
1777498896368250624,-0.01502742525190115,0.03031118959188461,-0.02094444260001183
1777498896378447616,-0.01504828222095966,0.0315304808318615,-0.02041760645806789
1777498896388625408,-0.01524683739989996,0.03265509009361267,-0.01997990347445011
1777498896398783744,-0.01542679965496063,0.03368513286113739,-0.01964186131954193
1777498896408922624,-0.01548836007714272,0.03506727144122124,-0.01940413005650043
1777498896419041280,-0.01540001295506954,0.03633604198694229,-0.01930339075624943
1777498896429140992,-0.01532215811312199,0.03754648193717003,-0.01933257281780243
1777498896439220736,-0.01520957238972187,0.03851473703980446,-0.01939638704061508
1777498896449281024,-0.0154379541054368,0.03943025320768356,-0.01947668567299843
1777498896459324160,-0.01556203793734312,0.04039805382490158,-0.01961753889918327
1777498896469347840,-0.01532399002462626,0.04102320596575737,-0.01983481273055077
1777498896479352832,-0.01528270076960325,0.04139504954218864,-0.02019266039133072
1777498896489338112,-0.01555589307099581,0.04174578189849854,-0.02054619044065475
1777498896499304704,-0.01520005241036415,0.04248054698109627,-0.0210218783468008
1777498896509251840,-0.01469659898430109,0.04254437237977982,-0.02168938703835011
1777498896519179264,-0.01457294914871454,0.04261348396539688,-0.02247605659067631
1777498896529087232,-0.01400680467486382,0.04261962324380875,-0.02325147576630116
1777498896538977024,-0.01371973007917404,0.04239844530820847,-0.02408535219728947
1777498896548847616,-0.01336140185594559,0.04216017201542854,-0.02481445297598839
1777498896558699008,-0.01302880328148603,0.04173458740115166,-0.02544244565069675
1777498896568530688,-0.01285710092633963,0.04129281640052795,-0.02605854719877243
1777498896578343168,-0.0126653416082263,0.04071022197604179,-0.02662176638841629
1777498896588135936,-0.01247407495975494,0.04023872315883636,-0.02725677564740181
1777498896598141440,-0.0123033756390214,0.039503313601017,-0.0278419591486454
1777498896608358400,-0.0123961353674531,0.03880249708890915,-0.0283106155693531
1777498896618555392,-0.01258957386016846,0.03830140456557274,-0.02878826484084129
1777498896628731904,-0.01423110533505678,0.03662071749567986,-0.02946377359330654
1777498896638888960,-0.01716975122690201,0.03407365828752518,-0.02955381013453007
1777498896649026560,-0.02120633237063885,0.03224645555019379,-0.02884176559746265
1777498896659143936,-0.02499715238809586,0.03018074668943882,-0.0276611503213644
1777498896669242112,-0.02902300655841827,0.02927428856492043,-0.02587105333805084
1777498896679320576,-0.02953528054058552,0.0287373848259449,-0.02340393327176571
1777498896689379328,-0.02885928563773632,0.03028801269829273,-0.02151292003691196
1777498896699418368,-0.03070751763880253,0.03170894458889961,-0.0207651499658823
1777498896709437440,-0.03205958381295204,0.02917279861867428,-0.02012424729764462
1777498896719437568,-0.03309749066829681,0.02904324419796467,-0.01942531578242779
1777498896729417984,-0.03306501731276512,0.02899820543825626,-0.01945383474230766
1777498896739378688,-0.03237640485167503,0.02795290946960449,-0.0201021172106266
1777498896749320192,-0.03115489333868027,0.02847825735807419,-0.02069391496479511
1777498896759242240,-0.02832504361867905,0.03034436516463757,-0.02162045985460281
1777498896769144832,-0.0270864013582468,0.03184637054800987,-0.02268209680914879
1777498896779028224,-0.02508456073701382,0.0324321910738945,-0.02360960841178894
1777498896788891904,-0.02329460345208645,0.03379480913281441,-0.02441190741956234
1777498896798739968,-0.02193225733935833,0.03477711230516434,-0.02505128644406796
1777498896808568576,-0.02046343311667442,0.03608660772442818,-0.02540432848036289
1777498896818377984,-0.01938221044838428,0.03747988864779472,-0.02548059076070786
1777498896828168192,-0.01894625276327133,0.03876227512955666,-0.02532538585364819
1777498896837938688,-0.01919570565223694,0.04018869996070862,-0.02495997026562691
1777498896848157696,-0.01969187892973423,0.04156062379479408,-0.02444920875132084
1777498896858356736,-0.02062102966010571,0.04316113144159317,-0.02387361042201519
1777498896868536576,-0.02182846888899803,0.04435043036937714,-0.02330313064157963
1777498896878697216,-0.02316010184586048,0.04546725749969482,-0.02266032062470913
1777498896888838144,-0.02456548810005188,0.04652492329478264,-0.02202476933598518
1777498896898959616,-0.02569666132330894,0.04767580702900887,-0.021491639316082
1777498896909061376,-0.02629262581467628,0.0483604408800602,-0.02112553082406521
1777498896919143680,-0.02741853147745132,0.0487201027572155,-0.02081620693206787
1777498896929206528,-0.02775475941598415,0.04927691444754601,-0.02073782496154308
1777498896939249920,-0.02723949775099754,0.04975904524326324,-0.02098053321242332
1777498896949273344,-0.02639373578131199,0.0496874675154686,-0.02146266400814056
1777498896959277568,-0.02540348470211029,0.04924246668815613,-0.02209774404764175
1777498896969262336,-0.02384521625936031,0.04911138117313385,-0.0228896327316761
1777498896979227648,-0.02219041250646114,0.04958632215857506,-0.02377352118492126
1777498896989173504,-0.02086200751364231,0.04938621446490288,-0.02471205219626427
1777498896999099904,-0.01961372420191765,0.04881729185581207,-0.02568833716213703
1777498897009007104,-0.01833273097872734,0.04812100902199745,-0.0265148114413023
1777498897018898176,-0.01731982827186584,0.04706627503037453,-0.02716726809740067
1777498897028772864,-0.01662954315543175,0.04608789458870888,-0.02773079462349415
1777498897038628608,-0.01620415039360523,0.04500751197338104,-0.02811979688704014
1777498897048464896,-0.01624102704226971,0.04397838935256004,-0.02839211747050285
1777498897058282240,-0.0164607111364603,0.04311471432447433,-0.02849446982145309
1777498897068080384,-0.01664811186492443,0.04187622293829918,-0.02850296907126904
1777498897077859328,-0.01716948673129082,0.04080207645893097,-0.02849855646491051
1777498897088079872,-0.01768572442233562,0.03947712853550911,-0.0284066554158926
1777498897098280704,-0.01807567849755287,0.03823951631784439,-0.02815419621765614
1777498897108461824,-0.01830228604376316,0.03706962615251541,-0.0278934333473444
1777498897118623488,-0.01820948906242847,0.03602008149027824,-0.02773349359631538
1777498897128765952,-0.01762749440968037,0.03499480336904526,-0.02762599103152752
1777498897138889472,-0.01672820001840591,0.03445303067564964,-0.0278214868158102
1777498897148993792,-0.01524930819869041,0.03387320414185524,-0.02836249582469463
1777498897159078144,-0.01383427437394857,0.03316956385970116,-0.02898113243281841
1777498897169143296,-0.01241831947118044,0.03238548710942268,-0.02942369505763054
1777498897179188992,-0.01116892322897911,0.03173767030239105,-0.02979187667369843
1777498897189215232,-0.00993790477514267,0.03186525404453278,-0.02992186136543751
1777498897199222016,-0.008603810332715511,0.03141885250806808,-0.02984769642353058
1777498897209209856,-0.007679127622395754,0.03137141093611717,-0.02965817973017693
1777498897219179264,-0.007170252967625856,0.03145261108875275,-0.02928669564425945
1777498897229128960,-0.00728050759062171,0.03151996061205864,-0.02885258756577969
1777498897239058944,-0.007369859609752893,0.0318969339132309,-0.02830171957612038
1777498897248969472,-0.007730649318546057,0.03228895738720894,-0.02766582742333412
1777498897258860800,-0.008671834133565426,0.03287437558174133,-0.02690612711012363
1777498897268732928,-0.009786444716155529,0.03353540226817131,-0.02601912058889866
1777498897278585600,-0.01085938606411219,0.03422003984451294,-0.02503355778753757
1777498897288419584,-0.01214742660522461,0.03513694927096367,-0.02400128357112408
1777498897298234880,-0.01315510645508766,0.03613746166229248,-0.02295868285000324
1777498897308030720,-0.01441515237092972,0.03713729977607727,-0.02201380953192711
1777498897317807616,-0.01530521456152201,0.03819985687732697,-0.02123726904392242
1777498897328034304,-0.01575149036943913,0.03922810405492783,-0.02065063640475273
1777498897338241024,-0.01585900038480759,0.04033659771084785,-0.02026247419416904
1777498897348428032,-0.0156649611890316,0.04128829017281532,-0.02008793689310551
1777498897358595328,-0.01503370050340891,0.04249243810772896,-0.02017178013920784
1777498897368743680,-0.01403555180877447,0.04342172667384148,-0.02049212157726288
1777498897378872576,-0.01303444057703018,0.04413444176316261,-0.02094468288123608
1777498897388981504,-0.01189307123422623,0.04454870149493217,-0.02150221914052963
1777498897399071232,-0.01095504872500896,0.04497699066996574,-0.0220203585922718
1777498897409141504,-0.01020108629018068,0.04526415839791298,-0.02249583974480629
1777498897419192064,-0.009653979912400246,0.04544932395219803,-0.02286992222070694
1777498897429223168,-0.009423497132956982,0.04545209929347038,-0.02315740287303925
1777498897439235328,-0.009404364973306656,0.04527366161346436,-0.02339184284210205
1777498897449228032,-0.009471980854868889,0.04500916227698326,-0.02358247339725494
1777498897459201792,-0.009708105586469173,0.04460256174206734,-0.02371781505644321
1777498897469160448,-0.009901617653667927,0.04405743256211281,-0.0238315537571907
1777498897479100160,-0.01019019074738026,0.04344442486763,-0.02389714121818542
1777498897489020672,-0.01047914661467075,0.04266388341784477,-0.02393499575555325
1777498897498921984,-0.01078053005039692,0.04175239056348801,-0.02395929396152496
1777498897508804096,-0.01116624195128679,0.04075795412063599,-0.02398045733571053
1777498897518667008,-0.01151284854859114,0.03964458778500557,-0.02402617037296295
1777498897528510720,-0.01172911282628775,0.03852850571274757,-0.02412531152367592
1777498897538335488,-0.01187165081501007,0.03748650476336479,-0.0242557767778635
1777498897548141568,-0.01188947446644306,0.03636382147669792,-0.02438993379473686
1777498897557928704,-0.01162764802575111,0.0352308452129364,-0.02457475662231445
1777498897567926272,-0.01133869029581547,0.03403197601437569,-0.02479192055761814
1777498897578133248,-0.01089585106819868,0.0328788049519062,-0.02507773600518703
1777498897588320512,-0.01052655279636383,0.03185875341296196,-0.0253632552921772
1777498897598488320,-0.01013955753296614,0.03089291043579578,-0.02564917132258415
1777498897608636416,-0.009889503940939903,0.02974321879446507,-0.02586408890783787
1777498897618764800,-0.009873761795461178,0.02863853424787521,-0.02599571272730827
1777498897628873216,-0.01002540905028582,0.02764996513724327,-0.02605619467794895
1777498897638962688,-0.01026069652289152,0.02692632004618645,-0.02609030343592167
1777498897649032448,-0.01028909720480442,0.0263713039457798,-0.02611573785543442
1777498897659082496,-0.0100960424169898,0.02583593130111694,-0.02613022923469543
1777498897669113088,-0.009902322664856911,0.02551954425871372,-0.02613917738199234
1777498897679125760,-0.009765539318323135,0.0253831222653389,-0.02622945979237556
1777498897689118976,-0.009547903202474117,0.02555376105010509,-0.02640620619058609
1777498897699092992,-0.009415680542588234,0.02564580179750919,-0.02656647749245167
1777498897709047552,-0.009353339672088623,0.02577191777527332,-0.02661881968379021
1777498897718982912,-0.009466179646551609,0.02594287134706974,-0.02658112905919552
1777498897728899072,-0.009594643488526344,0.02615890093147755,-0.02644548006355762
1777498897738796032,-0.009584177285432816,0.02646969258785248,-0.02631396614015102
1777498897748673536,-0.009654514491558075,0.02670194953680038,-0.02618044801056385
1777498897758538496,-0.009746343828737736,0.02701337449252605,-0.02608966082334518
1777498897768384256,-0.009870979934930801,0.0273981261998415,-0.0259901974350214
1777498897778211328,-0.009971762076020241,0.02788559347391129,-0.0259484238922596
1777498897788018944,-0.01001054979860783,0.02829291485249996,-0.02591818943619728
1777498897797807872,-0.009982075542211533,0.02869208157062531,-0.02587047778069973
1777498897807811328,-0.009979621507227421,0.02912389859557152,-0.02585228160023689
1777498897818028800,-0.01005321182310581,0.02949648909270763,-0.02580644004046917
1777498897828226304,-0.01028675679117441,0.02985051833093166,-0.02577806077897549
1777498897838404352,-0.01053216960281134,0.0301438644528389,-0.02574390731751919
1777498897848563200,-0.01073369290679693,0.03044475615024567,-0.02568503096699715
1777498897858702848,-0.01081135962158442,0.03075321018695831,-0.025679936632514
1777498897868822528,-0.01081135123968124,0.03097961284220219,-0.02570478618144989
1777498897878922752,-0.01064987760037184,0.03120972588658333,-0.02581057138741016
1777498897889003520,-0.01045158412307501,0.03139337152242661,-0.02595248259603977
1777498897899064832,-0.01023885793983936,0.03161275386810303,-0.02611127495765686
1777498897909106432,-0.009938600473105907,0.03169019520282745,-0.02627803571522236
1777498897919128832,-0.009591531008481979,0.03182133287191391,-0.02639861777424812
1777498897929132032,-0.009324776940047741,0.03173153847455978,-0.02648713067173958
1777498897939116032,-0.009011263027787209,0.03168949857354164,-0.02654039673507214
1777498897949084160,-0.008747991174459457,0.03144858404994011,-0.02655940875411034
1777498897959032832,-0.008652457967400551,0.03130053356289864,-0.02651411667466164
1777498897968962304,-0.008591891266405582,0.03110734187066555,-0.02640265971422195
1777498897978872064,-0.008556701242923737,0.03081021830439568,-0.02620666660368443
1777498897988762624,-0.008722763508558273,0.03045465983450413,-0.02587136253714561
1777498897998634240,-0.008995945565402508,0.03009290620684624,-0.02546192333102226
1777498898008486144,-0.009344086050987244,0.02967455796897411,-0.02498410083353519
1777498898018318848,-0.009710840880870819,0.0292059350758791,-0.02449404075741768
1777498898028132608,-0.01009021513164043,0.02878622896969318,-0.02395183593034744
1777498898037927424,-0.01024328079074621,0.02841310016810894,-0.02348491735756397
1777498898047934464,-0.0102610606700182,0.02794234082102776,-0.02307655848562717
1777498898058153216,-0.01001818384975195,0.02731172926723957,-0.02270361594855785
1777498898068352256,-0.009758966974914074,0.0266210064291954,-0.02230417169630527
1777498898078532352,-0.009420339949429035,0.02595720626413822,-0.0218911562114954
1777498898088692480,-0.008684947155416012,0.02528385631740093,-0.02141509391367435
1777498898098833408,-0.008158228360116482,0.02475797943770885,-0.02083455212414265
1777498898108954624,-0.007674808613955975,0.02424397878348827,-0.02013149112462997
1777498898119056128,-0.00678106676787138,0.02359427697956562,-0.01946011930704117
1777498898129138176,-0.005955231841653585,0.02319717034697533,-0.01897490583360195
1777498898139201024,-0.005631240084767342,0.02275850810110569,-0.01858965493738651
1777498898149243904,-0.005773880053311586,0.02277478016912937,-0.01831521652638912
1777498898159269888,-0.005580632016062737,0.0228389073163271,-0.01792516559362411
1777498898169277952,-0.005713414400815964,0.02252399548888206,-0.01736767776310444
1777498898179266816,-0.006587143056094646,0.02237201668322086,-0.01654167845845222
1777498898189236480,-0.006910007912665606,0.02242344431579113,-0.01565246656537056
1777498898199186944,-0.006824280600994825,0.02287271432578564,-0.01478304713964462
1777498898209117696,-0.007510116789489985,0.02289467677474022,-0.01392357889562845
1777498898219029504,-0.008151359856128693,0.02291326411068439,-0.01317753735929728
1777498898228921856,-0.008431038819253445,0.02314544655382633,-0.01262067258358002
1777498898238795520,-0.008501707576215267,0.02361484989523888,-0.01229286007583141
1777498898248650240,-0.008327282033860683,0.02384235523641109,-0.01204962842166424
1777498898258486272,-0.008100361563265324,0.02393542788922787,-0.01181817799806595
1777498898268303104,-0.007836789824068546,0.02388855442404747,-0.01168745290488005
1777498898278101248,-0.007491989061236382,0.0239156074821949,-0.0117142191156745
1777498898287880448,-0.006863626651465893,0.02385168895125389,-0.01179573871195316
1777498898298099712,-0.006239456590265036,0.02362771332263947,-0.01188489329069853
1777498898308299776,-0.005791902542114258,0.02315279096364975,-0.01194622926414013
1777498898318479872,-0.005396775901317596,0.02287161536514759,-0.01196718867868185
1777498898328641024,-0.004976488184183836,0.02242428809404373,-0.01201914995908737
1777498898338782208,-0.004829355981200933,0.02185218408703804,-0.01204763539135456
1777498898348904448,-0.004667102359235287,0.02104039862751961,-0.01202322822064161
1777498898359006720,-0.004777196794748306,0.02020896412432194,-0.01195074245333672
1777498898369090048,-0.00493522547185421,0.01935280486941338,-0.01188398338854313
1777498898379154176,-0.005140592809766531,0.01839150674641132,-0.01171452924609184
1777498898389198592,-0.00539903249591589,0.01743484660983086,-0.01151848118752241
1777498898399223552,-0.00578059908002615,0.01637562923133373,-0.0113557381555438
1777498898409229824,-0.005891324486583471,0.01526851672679186,-0.01122522074729204
1777498898419216640,-0.006030645687133074,0.01401798613369465,-0.01114648673683405
1777498898429185536,-0.006281530950218439,0.01282723434269428,-0.01105051580816507
1777498898439136512,-0.006445048842579126,0.01148821786046028,-0.01097575295716524
1777498898449068288,-0.006682285573333502,0.0102124847471714,-0.01092079281806946
1777498898458980608,-0.006802987307310104,0.008984537795186043,-0.01090948097407818
1777498898468873984,-0.006703718565404415,0.007735698018223047,-0.01098423823714256
1777498898478747648,-0.006556599400937557,0.006575528532266617,-0.01112158596515656
1777498898488602368,-0.00633161049336195,0.005403778050094843,-0.01133918482810259
1777498898498437632,-0.0061239511705935,0.004380678292363882,-0.01159731950610876
1777498898508254208,-0.005767393857240677,0.003499052254483104,-0.01190197467803955
1777498898518051840,-0.005525839980691671,0.002631718292832375,-0.01224067527800798
1777498898527830272,-0.005372121930122375,0.00185122829861939,-0.01253812480717897
1777498898538050304,-0.005115524865686893,0.001118824700824916,-0.01286273077130318
1777498898548250368,-0.005097996909171343,0.0005773454322479665,-0.01318889297544956
1777498898558430464,-0.005003320053219795,1.122177127399482e-05,-0.0134972408413887
1777498898568592128,-0.004968351684510708,-0.0005529256304726005,-0.01385765615850687
1777498898578733824,-0.005029057152569294,-0.001018708921037614,-0.01416934467852116
1777498898588855808,-0.005063151940703392,-0.001549383974634111,-0.01448445487767458
1777498898598957824,-0.005081013776361942,-0.002024127403274179,-0.01479101460427046
1777498898609040384,-0.005054461304098368,-0.00250140973366797,-0.01506878342479467
1777498898619103232,-0.004922992549836636,-0.002993070986121893,-0.01538211666047573
1777498898629146624,-0.004908467177301645,-0.003343465737998486,-0.01571190543472767
1777498898639170560,-0.004809727426618338,-0.003776209196075797,-0.01604298502206802
1777498898649175808,-0.004729430191218853,-0.004213720094412565,-0.01637491397559643
1777498898659161344,-0.004665649961680174,-0.004548467230051756,-0.01667368039488792
1777498898669127680,-0.00449748057872057,-0.004853523336350918,-0.01694878935813904
1777498898679074304,-0.004233432002365589,-0.005079704336822033,-0.01723893359303474
1777498898689001216,-0.003961566369980574,-0.00530702481046319,-0.01754881627857685
1777498898698909184,-0.003649166319519281,-0.00533463666215539,-0.01789410598576069
1777498898708804352,-0.003402992151677608,-0.005363075062632561,-0.01823076047003269
1777498898718680320,-0.003287270199507475,-0.00516549963504076,-0.01857684180140495
1777498898728537088,-0.003284600330516696,-0.004976332187652588,-0.01885036937892437
1777498898738374656,-0.003239594399929047,-0.004864557180553675,-0.01897776313126087
1777498898748193280,-0.003490936011075974,-0.004602494183927774,-0.01894316077232361
1777498898757992704,-0.003744642715901136,-0.004524988122284412,-0.01875432580709457
1777498898767773184,-0.004155846778303385,-0.004366176202893257,-0.0185181051492691
1777498898778001408,-0.004221462178975344,-0.00436372309923172,-0.01832326501607895
1777498898788209664,-0.004381472710520029,-0.004125103354454041,-0.01818892359733582
1777498898798398208,-0.004208330530673265,-0.004038960672914982,-0.0181051529943943
1777498898808567552,-0.004078659694641829,-0.003976283129304647,-0.0180939082056284
1777498898818717440,-0.004039459861814976,-0.004042107611894608,-0.01803283393383026
1777498898828847872,-0.003964969888329506,-0.004368021618574858,-0.01786640845239162
1777498898838958592,-0.003900173120200634,-0.004743300378322601,-0.01757522486150265
1777498898849049856,-0.004018968902528286,-0.005448460578918457,-0.01719017140567303
1777498898859121664,-0.004008261952549219,-0.006143471226096153,-0.01668821275234222
1777498898869173760,-0.003954030107706785,-0.006955623161047697,-0.01610822789371014
1777498898879206400,-0.004148972686380148,-0.00786119606345892,-0.01545533258467913
1777498898889220352,-0.00339176319539547,-0.008618163876235485,-0.01482704747468233
1777498898899216128,-0.002647569635882974,-0.00905317347496748,-0.01419365312904119
1777498898909193984,-0.002930121496319771,-0.009625110775232315,-0.01334781106561422
1777498898919152384,-0.003339307615533471,-0.009855799376964569,-0.01257794722914696
1777498898929091840,-0.00331359775736928,-0.00961749255657196,-0.011723174713552
1777498898939012096,-0.003718150081112981,-0.009539810940623283,-0.01069817040115595
1777498898948913408,-0.004549110773950815,-0.009470479562878609,-0.009576740674674511
1777498898958795264,-0.004629109520465136,-0.009213738143444061,-0.008437365293502808
1777498898968657920,-0.004605504684150219,-0.009152548387646675,-0.007244409061968327
1777498898978501632,-0.004971609916538,-0.008971644565463066,-0.006160837132483721
1777498898988326400,-0.00573279894888401,-0.009063704870641232,-0.005105003248900175
1777498898998132736,-0.005983024369925261,-0.008783211000263691,-0.004103044513612986
1777498899007920384,-0.006691781338304281,-0.008769404143095016,-0.003200398990884423
1777498899018155520,-0.007619228214025497,-0.008842797949910164,-0.002414813032373786
1777498899028370688,-0.007749259471893311,-0.009224074892699718,-0.001744529465213418
1777498899038566400,-0.007444421760737896,-0.009166937321424484,-0.00121080270037055
1777498899048742144,-0.007300965953618288,-0.009607064537703991,-0.0007813756819814444
1777498899058898176,-0.006903957109898329,-0.009742671623826027,-0.0005911127082072198
1777498899069035008,-0.006487221922725439,-0.009894710034132004,-0.0005423408001661301
1777498899079153152,-0.005660843104124069,-0.01026734337210655,-0.0005374093889258802
1777498899089251840,-0.004838860593736172,-0.01057237945497036,-0.0005684836069121957
1777498899099330560,-0.004111024085432291,-0.01120480615645647,-0.0006199898198246956
1777498899109389568,-0.0031833506654948,-0.01171565148979425,-0.00065501598874107
1777498899119429120,-0.001949746278114617,-0.01215541828423738,-0.0006942895124666393
1777498899129449216,-0.001640276284888387,-0.01218649744987488,-0.0007507349364459515
1777498899139449856,-0.002244345843791962,-0.01251810509711504,-0.000822216272354126
1777498899149431040,-0.002387147396802902,-0.01224325783550739,-0.0008417899953201413
1777498899159393280,-0.00243452750146389,-0.01208064425736666,-0.0008194969850592315
1777498899169336064,-0.002799998037517071,-0.01203303504735231,-0.0007970512961037457
1777498899179259136,-0.002957879798486829,-0.01214791182428598,-0.0008461640099994838
1777498899189163264,-0.003190795658156276,-0.01217547990381718,-0.001005215686745942
1777498899199047936,-0.003437558654695749,-0.01217204984277487,-0.001322831609286368
1777498899208913408,-0.003513131989166141,-0.01219970267266035,-0.001777430064976215
1777498899218759680,-0.003408316057175398,-0.01225770637392998,-0.002317894715815783
1777498899228586752,-0.003415472572669387,-0.01241799164563417,-0.002905609086155891
1777498899238395904,-0.0033302903175354,-0.01241408009082079,-0.003560087876394391
1777498899248185600,-0.003415764076635242,-0.01239211205393076,-0.004246808122843504
1777498899258189056,-0.002918777754530311,-0.01228497829288244,-0.004950879607349634
1777498899268405504,-0.00334343290887773,-0.0123492768034339,-0.005693310406059027
1777498899278601984,-0.003073509549722075,-0.01230878848582506,-0.006563318893313408
1777498899288779264,-0.002733199158683419,-0.01206587627530098,-0.007473975885659456
1777498899298937344,-0.002568030962720513,-0.01214824337512255,-0.008360863663256168
1777498899309075712,-0.002498041605576873,-0.0121783334761858,-0.009216501377522945
1777498899319194624,-0.002401228994131088,-0.01237126998603344,-0.01002017129212618
1777498899329293824,-0.002337710931897163,-0.01240558084100485,-0.01074308343231678
1777498899339373312,-0.002133483532816172,-0.01242412440478802,-0.01143748871982098
1777498899349433600,-0.001933643477968872,-0.01254101656377316,-0.01210282184183598
1777498899359474176,-0.001916555920615792,-0.01259751804172993,-0.01270530000329018
1777498899369497600,-0.001717696897685528,-0.01280240435153246,-0.01327143888920546
1777498899379503616,-0.001555268187075853,-0.01276575028896332,-0.01381595805287361
1777498899389490176,-0.001408110489137471,-0.01262182183563709,-0.0142747163772583
1777498899399457536,-0.001620093360543251,-0.01266301050782204,-0.01460729073733091
1777498899409405952,-0.001665139221586287,-0.01274696551263332,-0.01484975498169661
1777498899419335424,-0.001607935759238899,-0.0127137191593647,-0.01507136505097151
1777498899429245696,-0.001544405124150217,-0.01266056578606367,-0.01529717817902565
1777498899439136768,-0.00165701110381633,-0.01261385902762413,-0.01548926997929811
1777498899449008896,-0.001722549903206527,-0.01265380159020424,-0.01564767397940159
1777498899458862592,-0.001911563100293279,-0.01259550545364618,-0.01590448617935181
1777498899468696832,-0.002068672329187393,-0.01247792318463326,-0.01638507843017578
1777498899478513152,-0.002271805889904499,-0.01247189380228519,-0.01712560653686523
1777498899488310272,-0.002237709704786539,-0.01247258763760328,-0.01803048141300678
1777498899498317568,-0.002040239283815026,-0.01250955276191235,-0.01896403171122074
1777498899508534784,-0.00202490109950304,-0.01244458835572004,-0.019805658608675
1777498899518732288,-0.002072635106742382,-0.01260220259428024,-0.02049831300973892
1777498899528910592,-0.001904045115225017,-0.01283749938011169,-0.02107547223567963
1777498899539069184,-0.001740018138661981,-0.01290383096784353,-0.02161268703639507
1777498899549208320,-0.001999115338549018,-0.01262649707496166,-0.02209406532347202
1777498899559327744,-0.002337000565603375,-0.01318213250488043,-0.0224599801003933
1777498899569427456,-0.002465301426127553,-0.01276001986116171,-0.02282433956861496
1777498899579507456,-0.002483772812411189,-0.01287942845374346,-0.023053964599967
1777498899589568000,-0.002634006552398205,-0.01257029082626104,-0.02322938479483128
1777498899599609088,-0.002690641675144434,-0.01279363408684731,-0.02319689653813839
1777498899609630208,-0.002706937259063125,-0.01288195606321096,-0.02301273681223392
1777498899619631872,-0.002422093879431486,-0.01292572915554047,-0.02276158705353737
1777498899629614592,-0.00216396595351398,-0.01292918436229229,-0.02248929440975189
1777498899639577856,-0.002157360780984163,-0.01293251756578684,-0.0221906341612339
1777498899649521408,-0.002056770026683807,-0.01318276021629572,-0.02182279340922832
1777498899659446016,-0.001894787652418017,-0.01309932488948107,-0.02143403515219688
1777498899669350656,-0.001689817057922482,-0.01314518880099058,-0.02102801948785782
1777498899679236096,-0.001662111724726856,-0.01301671471446753,-0.02064307034015656
1777498899689102080,-0.001647525932639837,-0.01304075121879578,-0.02032118104398251
1777498899698951936,-0.00156875466927886,-0.0130495261400938,-0.02005981281399727
1777498899708784640,-0.001392312929965556,-0.0131123187020421,-0.01988265290856361
1777498899718598400,-0.001295643742196262,-0.01308430172502995,-0.01977419666945934
1777498899728392960,-0.001266809995286167,-0.0130998631939292,-0.0197545662522316
1777498899738167808,-0.001302844961173832,-0.01311209611594677,-0.01982528157532215
1777498899748386048,-0.001394973136484623,-0.01305797975510359,-0.01998426392674446
1777498899758584320,-0.001520371530205011,-0.01302390918135643,-0.02020442299544811
1777498899768762880,-0.001638911082409322,-0.01295361667871475,-0.02048814482986927
1777498899778922496,-0.001695301500149071,-0.01296565309166908,-0.0207837950438261
1777498899789062144,-0.001769713941030204,-0.01295931451022625,-0.02108415588736534
1777498899799182336,-0.001815537456423044,-0.01299923937767744,-0.02134662121534348
1777498899809282560,-0.001916339271701872,-0.01299575623124838,-0.02158219367265701
1777498899819363584,-0.002015582984313369,-0.01298907399177551,-0.02176185324788094
1777498899829425152,-0.002083527389913797,-0.01299515459686518,-0.02187785133719444
1777498899839467008,-0.002133077941834927,-0.01300535444170237,-0.02193801291286945
1777498899849489408,-0.002125563565641642,-0.01301991194486618,-0.0219388660043478
1777498899859492096,-0.002062523970380425,-0.0130500802770257,-0.02187136746942997
1777498899869475328,-0.001986546209082007,-0.01305271778255701,-0.02173631452023983
1777498899879438592,-0.001910414313897491,-0.01305401418358088,-0.02153860591351986
1777498899889382400,-0.001835241564549506,-0.013037976808846,-0.02132032439112663
1777498899899306752,-0.001771629555150867,-0.01301824580878019,-0.02109879441559315
1777498899909211648,-0.001695782761089504,-0.01298897620290518,-0.02088699676096439
1777498899919100160,-0.001624303054995835,-0.01296969037503004,-0.02070110663771629
1777498899928971776,-0.001546769752167165,-0.01296601537615061,-0.02055157534778118
1777498899938824448,-0.001488534035161138,-0.01295377314090729,-0.02044296264648438
1777498899948657664,-0.001447002752684057,-0.01296065654605627,-0.02036662399768829
1777498899958472192,-0.001438547857105732,-0.01295376103371382,-0.02033938840031624
1777498899968267520,-0.001480609644204378,-0.01294663920998573,-0.02038030512630939
1777498899978043648,-0.001513589639216661,-0.01296574249863625,-0.02047894522547722
1777498899988263936,-0.001572543405927718,-0.01297988090664148,-0.02061621472239494
1777498899998464256,-0.001630524406209588,-0.01300245337188244,-0.02078559249639511
1777498900008645120,-0.001684165559709072,-0.0130032068118453,-0.02096658200025558
1777498900018807552,-0.001764640095643699,-0.01300874259322882,-0.02114159613847733
1777498900028950272,-0.001841957098804414,-0.01300939917564392,-0.0213004294782877
1777498900039073280,-0.001896409085020423,-0.01300706155598164,-0.02143773250281811
1777498900049176832,-0.001938640256412327,-0.01300721243023872,-0.02154897153377533
1777498900059260928,-0.001967248041182756,-0.01297954004257917,-0.02161562815308571
1777498900069325312,-0.001965045696124434,-0.01296340860426426,-0.02163120172917843
1777498900079370496,-0.001947804121300578,-0.01294428016990423,-0.02159972116351128
1777498900089395712,-0.001914162538014352,-0.01292598713189363,-0.02152139693498611
1777498900099402240,-0.001871047890745103,-0.01291713677346706,-0.02139697410166264
1777498900109389568,-0.001807692111469805,-0.01293184701353312,-0.02125006541609764
1777498900119360512,-0.00173667969647795,-0.01292513683438301,-0.02109107747673988
1777498900129312000,-0.001682482659816742,-0.01293189637362957,-0.02093811891973019
1777498900139244032,-0.001628980156965554,-0.01294605247676373,-0.02078845351934433
1777498900149156864,-0.001577599556185305,-0.01295538153499365,-0.02066101133823395
1777498900159050240,-0.001557341543957591,-0.01296757627278566,-0.02055873349308968
1777498900168924416,-0.001545696170069277,-0.01297629252076149,-0.02049830928444862
1777498900178779392,-0.001550322049297392,-0.01299948059022427,-0.02048128843307495
1777498900188614656,-0.001555268070660532,-0.01301490142941475,-0.02050948329269886
1777498900198431488,-0.001574250403791666,-0.0130208358168602,-0.02058495208621025
1777498900208228864,-0.001607562066055834,-0.01301681064069271,-0.02069444581866264
1777498900218007040,-0.001655116095207632,-0.01300593931227922,-0.02082492038607597
1777498900228233216,-0.001709202770143747,-0.01299937628209591,-0.02096173726022243
1777498900238439424,-0.001756535493768752,-0.01298122480511665,-0.02111044898629189
1777498900248625408,-0.001789777306839824,-0.01296067517250776,-0.02124308235943317
1777498900258791168,-0.00182449456769973,-0.01294693257659674,-0.02135010063648224
1777498900268938496,-0.001854313886724412,-0.01293151080608368,-0.0214278120547533
1777498900279066880,-0.001873977831564844,-0.0129201477393508,-0.02147551067173481
1777498900289175552,-0.001875519868917763,-0.01291793305426836,-0.02148305810987949
1777498900299264256,-0.001861431868746877,-0.01292485278099775,-0.02145167998969555
1777498900309333504,-0.001838162075728178,-0.01293614879250526,-0.02138735353946686
1777498900319383296,-0.001809655572287738,-0.01294943504035473,-0.02129780687391758
1777498900329413376,-0.001771285315044224,-0.01295952033251524,-0.02118467912077904
1777498900339424000,-0.00173295452259481,-0.01297511160373688,-0.02106821350753307
1777498900349415424,-0.001694318605586886,-0.0129854129627347,-0.02094808407127857
1777498900359387392,-0.001655007828958333,-0.01298984605818987,-0.02084341458976269
1777498900369339648,-0.001625703531317413,-0.01299185398966074,-0.020755460485816
1777498900379272448,-0.001605253084562719,-0.01299733016639948,-0.02068730816245079
1777498900389186048,-0.001586803235113621,-0.01300010178238153,-0.02066175825893879
1777498900399079936,-0.001594094326719642,-0.01298905443400145,-0.02065897919237614
1777498900408954368,-0.001605294877663255,-0.01297691557556391,-0.02068913355469704
1777498900418809600,-0.001629670383408666,-0.01296451594680548,-0.02075043693184853
1777498900428645888,-0.001659463974647224,-0.01295367069542408,-0.02083311602473259
1777498900438463232,-0.00169679056853056,-0.01294180937111378,-0.02093055285513401
1777498900448261632,-0.001735950820147991,-0.0129388552159071,-0.02103721350431442
1777498900458040576,-0.001766392961144447,-0.01293702609837055,-0.0211402103304863
1777498900468038400,-0.001795913442038,-0.01293534785509109,-0.02123034745454788
1777498900478254848,-0.001820345292799175,-0.01294183824211359,-0.02129661105573177
1777498900488451584,-0.001835711882449687,-0.01295206416398287,-0.02133857645094395
1777498900498628352,-0.001850642263889313,-0.01296540908515453,-0.02134666405618191
1777498900508785408,-0.001842976198531687,-0.01297992002218962,-0.02133000642061234
1777498900518923264,-0.00183557125274092,-0.01298873126506805,-0.02128251641988754
1777498900529041152,-0.001814253511838615,-0.01299760770052671,-0.02121643349528313
1777498900539139328,-0.001788807101547718,-0.01299566123634577,-0.02113516815006733
1777498900549219584,-0.001757576246745884,-0.01299131475389004,-0.02104883268475533
1777498900559280384,-0.001713139121420681,-0.01298257615417242,-0.02095949091017246
1777498900569321728,-0.001685296185314655,-0.01297341659665108,-0.02087795361876488
1777498900579343616,-0.001655827392823994,-0.0129651864990592,-0.02081457898020744
1777498900589345792,-0.001633904757909477,-0.01295887026935816,-0.02076733857393265
1777498900599328512,-0.001624551601707935,-0.01294942665845156,-0.02074811607599258
1777498900609291776,-0.001630052924156189,-0.01293784659355879,-0.02074980549514294
1777498900619235328,-0.001637150766327977,-0.01293493434786797,-0.02077862620353699
1777498900629160448,-0.001657729735597968,-0.0129304900765419,-0.02083108015358448
1777498900639066112,-0.001682763453572989,-0.01293189916759729,-0.02090231515467167
1777498900648952576,-0.001708577619865537,-0.01294011808931828,-0.02097926288843155
1777498900658819584,-0.001740410341881216,-0.01294869557023048,-0.02106309868395329
1777498900668667648,-0.001766013097949326,-0.01295581366866827,-0.02113576792180538
1777498900678496256,-0.001794069074094296,-0.01296699605882168,-0.02120199985802174
1777498900688306432,-0.001822821795940399,-0.01296787522733212,-0.02125594578683376
1777498900698097920,-0.001833551097661257,-0.01297353859990835,-0.02128650993108749
1777498900708102912,-0.001838309224694967,-0.01297347526997328,-0.02129116095602512
1777498900718319360,-0.001829575630836189,-0.01296533923596144,-0.02127812243998051
1777498900728516352,-0.001810989459045231,-0.01296073105186224,-0.02123768255114555
1777498900738694400,-0.001791218528524041,-0.01294938195496798,-0.02118551544845104
1777498900748852480,-0.001765263266861439,-0.01294389925897121,-0.02111445926129818
1777498900758991104,-0.001741538988426328,-0.01294124592095613,-0.02104338444769382
1777498900769110272,-0.001709747244603932,-0.01293984893709421,-0.02096971869468689
1777498900779209728,-0.001681274501606822,-0.01294243149459362,-0.02089706435799599
1777498900789289984,-0.00165537535212934,-0.01293577626347542,-0.0208410881459713
1777498900799350528,-0.001634880085475743,-0.01293681096285582,-0.02080220356583595
1777498900809391360,-0.001638874062336981,-0.01295071933418512,-0.02078641764819622
1777498900819413248,-0.001642648945562541,-0.01296522840857506,-0.02078968659043312
1777498900829415680,-0.001652682782150805,-0.01296703796833754,-0.02081662975251675
1777498900839400192,-0.001665492076426744,-0.01297568250447512,-0.02085942402482033
1777498900849366784,-0.001685596304014325,-0.01297913398593664,-0.02091267146170139
1777498900859313920,-0.001710034091956913,-0.0129754850640893,-0.02097709663212299
1777498900869241600,-0.001729954732581973,-0.01297157257795334,-0.02104795351624489
1777498900879150336,-0.001756498008035123,-0.01297022216022015,-0.0211092010140419
1777498900889039616,-0.001772594754584134,-0.01296681258827448,-0.02116541936993599
1777498900898909696,-0.00178945274092257,-0.01295861136168242,-0.02120815590023994
1777498900908760576,-0.001789797795936465,-0.01294874306768179,-0.02123321406543255
1777498900918592512,-0.001789999078027904,-0.01294014509767294,-0.02124052867293358
1777498900928405504,-0.001781815313734114,-0.01293995603919029,-0.02122466638684273
1777498900938199296,-0.001763529027812183,-0.012938910163939,-0.02119379118084908
1777498900948205568,-0.001750673865899444,-0.01294614747166634,-0.02115467004477978
1777498900958423808,-0.001731536700390279,-0.01294188946485519,-0.02110449783504009
1777498900968622080,-0.001712005003355443,-0.01294886134564877,-0.02104795537889004
1777498900978801152,-0.001695606857538223,-0.01296268124133348,-0.02099447511136532
1777498900988960256,-0.001680581248365343,-0.01297233067452908,-0.0209442675113678
1777498900999099648,-0.001668128650635481,-0.01297373790293932,-0.02090744115412235
1777498901009219584,-0.001663452247157693,-0.01298180595040321,-0.02088404260575771
1777498901019319808,-0.001660811016336083,-0.01298213005065918,-0.02087302692234516
1777498901029400576,-0.001658182707615197,-0.01297716982662678,-0.02087639831006527
1777498901039461632,-0.001666748546995223,-0.01297534629702568,-0.02089639939367771
1777498901049502976,-0.001667527365498245,-0.01297249924391508,-0.0209282673895359
1777498901059524864,-0.001683118636719882,-0.01296158600598574,-0.02096831239759922
1777498901069527296,-0.001696740742772818,-0.01295123994350433,-0.02101503685116768
1777498901079510784,-0.001707843621261418,-0.01294203940778971,-0.02106280252337456
1777498901089476864,-0.001727418275550008,-0.01293641794472933,-0.02110530249774456
1777498901099425536,-0.001741852844133973,-0.01293159369379282,-0.02114048227667809
1777498901109354752,-0.001753970631398261,-0.01293095760047436,-0.02117056772112846
1777498901119264768,-0.001757550286129117,-0.01293196622282267,-0.02118365280330181
1777498901129155328,-0.001761837163940072,-0.01292993035167456,-0.02118038199841976
1777498901139026688,-0.001753828953951597,-0.01293686963617802,-0.02116309851408005
1777498901148878848,-0.001741018844768405,-0.01293895673006773,-0.02113771624863148
1777498901158711552,-0.001735572703182697,-0.01294352486729622,-0.02109662257134914
1777498901168525056,-0.001724079484120011,-0.01294527295976877,-0.02105296589434147
1777498901178319872,-0.001703812857158482,-0.0129480417817831,-0.02101152762770653
1777498901188095744,-0.001689855358563364,-0.01294758822768927,-0.02097212709486485
1777498901198314496,-0.001670910511165857,-0.0129410894587636,-0.02093876712024212
1777498901208513792,-0.001656236010603607,-0.01293747778981924,-0.02091360837221146
1777498901218693376,-0.001648281584493816,-0.01293797325342894,-0.0209021233022213
1777498901228852992,-0.001646824413910508,-0.0129372663795948,-0.02090362459421158
1777498901238993408,-0.001649400335736573,-0.01293640956282616,-0.02092010714113712
1777498901249115392,-0.001654878840781748,-0.0129288649186492,-0.02093986235558987
1777498901259217664,-0.001661923248320818,-0.01292472425848246,-0.02096982300281525
1777498901269300480,-0.001672684564255178,-0.01292166765779257,-0.02101067267358303
1777498901279363840,-0.001686012488789856,-0.01292615756392479,-0.02105293981730938
1777498901289407744,-0.001696550636552274,-0.01292805373668671,-0.02108883485198021
1777498901299431936,-0.001709408825263381,-0.01292855944484472,-0.02112327702343464
1777498901309436416,-0.001720870845019817,-0.01292572729289532,-0.02114930935204029
1777498901319421696,-0.00172321277204901,-0.01292941626161337,-0.02116282843053341
1777498901329387776,-0.001724852598272264,-0.01293707452714443,-0.02116232551634312
1777498901339334656,-0.001717236824333668,-0.01293864287436008,-0.02115417085587978
1777498901349261824,-0.001719707157462835,-0.01293216273188591,-0.02113441377878189
1777498901359169792,-0.001718211569823325,-0.01293052360415459,-0.02111075818538666
1777498901369058304,-0.001704305061139166,-0.01293113082647324,-0.02107876539230347
1777498901378927360,-0.001690402859821916,-0.01292486116290092,-0.02104181423783302
1777498901388777472,-0.001680399174802005,-0.01291989255696535,-0.02100608497858047
1777498901398608896,-0.001665604184381664,-0.01292346697300673,-0.02097213827073574
1777498901408421888,-0.001656631706282496,-0.01291908882558346,-0.0209461934864521
1777498901418224384,-0.001652360544539988,-0.01292124483734369,-0.02092362940311432
1777498901428007680,-0.001641893410123885,-0.01291762292385101,-0.02091344073414803
1777498901438227968,-0.001641672803089023,-0.01291707158088684,-0.02091790921986103
1777498901448428288,-0.001643001800402999,-0.01291592139750719,-0.02093520760536194
1777498901458609152,-0.001653779414482415,-0.0129188559949398,-0.02096002362668514
1777498901468770816,-0.001662608003243804,-0.01292614638805389,-0.0209916103631258
1777498901478913024,-0.001669773482717574,-0.01292568817734718,-0.02102715335786343
1777498901489035520,-0.001675776904448867,-0.01292841322720051,-0.02105474099516869
1777498901499138304,-0.001685556722804904,-0.01292151771485806,-0.0210861898958683
1777498901509221632,-0.001694249687716365,-0.0129236401990056,-0.02110546082258224
1777498901519285248,-0.001698442618362606,-0.01292744651436806,-0.0211281031370163
1777498901529329152,-0.001694726408459246,-0.01293422561138868,-0.02113436907529831
1777498901539354112,-0.001696086605079472,-0.01293762773275375,-0.02113354951143265
1777498901549359616,-0.001692757126875222,-0.0129328416660428,-0.02112147212028503
1777498901559345664,-0.001678570522926748,-0.0129302591085434,-0.02110597491264343
1777498901569312256,-0.001668885815888643,-0.012928263284266,-0.0210807491093874
1777498901579259392,-0.00166476028971374,-0.01292798109352589,-0.02104760892689228
1777498901589187072,-0.001654871157370508,-0.01292601972818375,-0.021019222214818
1777498901599095296,-0.00163859745953232,-0.01292979624122381,-0.02099406719207764
1777498901608984320,-0.001632660743780434,-0.01293178182095289,-0.02096889354288578
1777498901618856704,-0.001627194811590016,-0.01293535344302654,-0.02095109038054943
1777498901628712448,-0.001619526650756598,-0.01294081099331379,-0.02093885466456413
1777498901638548736,-0.001624565338715911,-0.01295685954391956,-0.02093588188290596
1777498901648366080,-0.001625910983420908,-0.0129587734118104,-0.02094149962067604
1777498901658163968,-0.001628908328711987,-0.01295673567801714,-0.02095230668783188
1777498901667942912,-0.001639921450987458,-0.01296006143093109,-0.02097190357744694
1777498901678168064,-0.001649995567277074,-0.01295691821724176,-0.02099579758942127
1777498901688373760,-0.001659206813201308,-0.01294984947890043,-0.02102469280362129
1777498901698559744,-0.001673385966569185,-0.01294681616127491,-0.02105096727609634
1777498901708726016,-0.00168189755640924,-0.01294136513024569,-0.02107010409235954
1777498901718873088,-0.001686723320744932,-0.01294342428445816,-0.02108825743198395
1777498901729001728,-0.001689301105216146,-0.01294067967683077,-0.02110235951840878
1777498901739110656,-0.001688664313405752,-0.01294346526265144,-0.02110528573393822
1777498901749199872,-0.00168756814673543,-0.01294612418860197,-0.02109899185597897
1777498901759269376,-0.001683667534962296,-0.01294784247875214,-0.02108765579760075
1777498901769319168,-0.001676300656981766,-0.01294785365462303,-0.02107355184853077
1777498901779349248,-0.001667384407483041,-0.01294740196317434,-0.0210490059107542
1777498901789359872,-0.00165388616733253,-0.01294646319001913,-0.02102668397128582
1777498901799350784,-0.001646018703468144,-0.01294889487326145,-0.02100933156907558
1777498901809323008,-0.001641119015403092,-0.01295136660337448,-0.02098993770778179
1777498901819275776,-0.001628135214559734,-0.01295066904276609,-0.0209744218736887
1777498901829209344,-0.001627658260986209,-0.01295730005949736,-0.02096015401184559
1777498901839123200,-0.001623258925974369,-0.01295180432498455,-0.02095929905772209
1777498901849017344,-0.001619348302483559,-0.01295564230531454,-0.02096414938569069
1777498901858892288,-0.001627114019356668,-0.01294854842126369,-0.02097131311893463
1777498901868748032,-0.001631536870263517,-0.01294664200395346,-0.02098733745515347
1777498901878584576,-0.001639185938984156,-0.0129464203491807,-0.02100446820259094
1777498901888408576,-0.001640975591726601,-0.0129525838419795,-0.02102441713213921
1777498901898213632,-0.001650173217058182,-0.01295116730034351,-0.02104543708264828
1777498901907999488,-0.001661303918808699,-0.01294578332453966,-0.02106639370322227
1777498901918234368,-0.001658423570916057,-0.01295182481408119,-0.02108042500913143
1777498901928449280,-0.001661909744143486,-0.0129580907523632,-0.02108901552855968
1777498901938644992,-0.001661321497522295,-0.01295985281467438,-0.02109117060899734
1777498901948820992,-0.00165572646073997,-0.01296409964561462,-0.02108914963901043
1777498901958977024,-0.001657320535741746,-0.01296439953148365,-0.02108649723231792
1777498901969112832,-0.001652385806664824,-0.01297373790293932,-0.02107339352369308
1777498901979229440,-0.001646187040023506,-0.01297038607299328,-0.02105778455734253
1777498901989327104,-0.001640654867514968,-0.01297295000404119,-0.02104119397699833
1777498901999406336,-0.001631397637538612,-0.01296847313642502,-0.02102071791887283
1777498902009465600,-0.001627344754524529,-0.01297199074178934,-0.02100571990013123
1777498902019505408,-0.001621921896003187,-0.01297558750957251,-0.02099171280860901
1777498902029525760,-0.00161347258836031,-0.01297650765627623,-0.02098644524812698
1777498902039526656,-0.001613917527720332,-0.01297550648450851,-0.02098201774060726
1777498902049508352,-0.001618294278159738,-0.01296982914209366,-0.02097930759191513
1777498902059470336,-0.001620199764147401,-0.01296198274940252,-0.02098701149225235
1777498902069413120,-0.001626896788366139,-0.01295994315296412,-0.02100051194429398
1777498902079336960,-0.001632837695069611,-0.01296796090900898,-0.02101151272654533
1777498902089241856,-0.001637645647861063,-0.01297309622168541,-0.02102740854024887
1777498902099127296,-0.001643521944060922,-0.01297737192362547,-0.02104355208575726
1777498902108993280,-0.00164949381724,-0.01297462079674006,-0.02106128074228764
1777498902118840320,-0.001660214154981077,-0.01297283917665482,-0.02106921002268791
1777498902128668416,-0.001668400131165981,-0.01296884380280972,-0.02107707597315311
1777498902138476800,-0.001673076301813126,-0.01297022774815559,-0.02107976377010345
1777498902148266752,-0.001666308613494039,-0.01297030225396156,-0.02107727155089378
1777498902158270720,-0.001664510229602456,-0.01297156512737274,-0.02107629552483559
1777498902168487424,-0.001658400986343622,-0.01296879816800356,-0.02106664329767227
1777498902178684416,-0.001652731676585972,-0.01297226548194885,-0.02105367928743362
1777498902188862208,-0.001641030656173825,-0.01297100353986025,-0.0210393201559782
1777498902199020032,-0.00163042068015784,-0.012967842631042,-0.0210285447537899
1777498902209158656,-0.00162631634157151,-0.01296931970864534,-0.02101833187043667
1777498902219277312,-0.001621808856725693,-0.01296984497457743,-0.02100532315671444
1777498902229376256,-0.00162004039157182,-0.01297008339315653,-0.02099834010004997
1777498902239455488,-0.001624505501240492,-0.01296339649707079,-0.02099957317113876
1777498902249515264,-0.001625989563763142,-0.0129576250910759,-0.02100188285112381
1777498902259555328,-0.001624523894861341,-0.01296374853700399,-0.02101076580584049
1777498902269576448,-0.001622052397578955,-0.01296958513557911,-0.021016925573349
1777498902279581184,-0.00162610353436321,-0.01296256482601166,-0.02102992869913578
1777498902289566720,-0.00163985148537904,-0.01295906491577625,-0.02104485966265202
1777498902299532800,-0.001638577203266323,-0.01296087168157101,-0.02105887979269028
1777498902309479424,-0.001636728644371033,-0.01295869331806898,-0.02107139676809311
1777498902319407360,-0.001639579422771931,-0.01295855455100536,-0.0210829135030508
1777498902329315584,-0.001639588037505746,-0.01295899506658316,-0.02109082974493504
1777498902339204608,-0.001641276176087558,-0.0129562821239233,-0.02109174989163876
1777498902349074176,-0.001634666812606156,-0.01295569352805614,-0.02108773589134216
1777498902358924800,-0.001633430365473032,-0.0129487793892622,-0.02108638174831867
1777498902368756480,-0.001625470817089081,-0.0129500487819314,-0.02108018100261688
1777498902378568960,-0.001628372468985617,-0.01295530889183283,-0.02106705866754055
1777498902388362240,-0.001625803648494184,-0.01295862998813391,-0.02105634845793247
1777498902398368000,-0.001618872745893896,-0.01296044699847698,-0.02103942260146141
1777498902408585216,-0.001615665853023529,-0.01295973546802998,-0.02102590911090374
1777498902418782208,-0.001619949354790151,-0.01296057086437941,-0.021013043820858
1777498902428960256,-0.001625076518394053,-0.01296793296933174,-0.02100734412670135
1777498902439118592,-0.001622142153792083,-0.01297032833099365,-0.02100612781941891
1777498902449257728,-0.001621445990167558,-0.01297031529247761,-0.02100513875484467
1777498902459376896,-0.001622258336283267,-0.01296927500516176,-0.02101028710603714
1777498902469477120,-0.00162559887394309,-0.01296715158969164,-0.02101642824709415
1777498902479557888,-0.001625793054699898,-0.01296473015099764,-0.02102692611515522
1777498902489619200,-0.001628100406378508,-0.01297253370285034,-0.02104193530976772
1777498902499662592,-0.001629809034056962,-0.01297082286328077,-0.02105248533189297
1777498902509688320,-0.001629302743822336,-0.01297030877321959,-0.02106404677033424
1777498902519694592,-0.001624443102627993,-0.01297331228852272,-0.021066565066576
1777498902529681408,-0.001626762677915394,-0.01296935509890318,-0.02107144333422184
1777498902539648768,-0.001629152568057179,-0.01296913158148527,-0.02107286266982555
1777498902549596928,-0.001623974414542317,-0.0129726231098175,-0.02107173576951027
1777498902559525632,-0.00162449898198247,-0.01297419797629118,-0.02106212824583054
1777498902569434624,-0.001624535070732236,-0.01297312043607235,-0.02105152234435081
1777498902579324672,-0.001626486307941377,-0.01297094579786062,-0.02104246988892555
1777498902589195776,-0.001616501132957637,-0.01297285314649343,-0.02103437669575214
1777498902599047424,-0.001612527295947075,-0.01297104172408581,-0.02102329581975937
1777498902608879872,-0.001612118794582784,-0.0129683930426836,-0.02101607993245125
1777498902618692864,-0.001609980827197433,-0.01297316234558821,-0.02100845612585545
1777498902628486656,-0.001612420310266316,-0.01297120656818151,-0.02100763283669949
1777498902638261504,-0.00161085173022002,-0.01296765822917223,-0.02101057767868042
1777498902648479744,-0.001608212711289525,-0.01296788919717073,-0.02102027647197247
1777498902658678272,-0.001616426394321024,-0.01296856440603733,-0.02102652937173843
1777498902668857088,-0.001628449070267379,-0.01296697556972504,-0.02103782817721367
1777498902679016704,-0.001635016757063568,-0.01297224219888449,-0.02104239724576473
1777498902689156864,-0.001636194065213203,-0.01297682616859674,-0.02105318382382393
1777498902699277056,-0.001644846866838634,-0.01297884900122881,-0.02106358855962753
1777498902709377792,-0.001643135910853744,-0.01297780033200979,-0.02106961235404015
1777498902719459072,-0.001642005867324769,-0.01297468598932028,-0.02107688784599304
1777498902729521152,-0.001651957049034536,-0.0129743367433548,-0.02107861638069153
1777498902739563520,-0.001650404185056686,-0.01297750417143106,-0.02107225172221661
1777498902749586176,-0.001644406584091485,-0.01298637874424458,-0.02107060514390469
1777498902759590144,-0.001633819891139865,-0.01298191305249929,-0.02106691524386406
1777498902769574656,-0.001637969049625099,-0.01298622135072947,-0.02106026746332645
1777498902779541248,-0.001634015003219247,-0.01299578882753849,-0.02105426788330078
1777498902789489920,-0.001622198848053813,-0.01298912055790424,-0.02105485647916794
1777498902799419648,-0.001614145352505147,-0.01299684680998325,-0.0210487712174654
1777498902809329664,-0.001607294310815632,-0.01299692410975695,-0.02104312367737293
1777498902819220736,-0.001606420148164034,-0.01299142930656672,-0.02103540673851967
1777498902829092864,-0.001604715827852488,-0.01299179624766111,-0.02103321813046932
1777498902838945536,-0.001604133867658675,-0.01299230102449656,-0.02103150635957718
1777498902848779264,-0.001608634716831148,-0.0129936570301652,-0.02103457041084766
1777498902858593792,-0.001604427117854357,-0.01299457345157862,-0.02104141563177109
1777498902868389376,-0.001610683044418693,-0.01299900561571121,-0.02105078101158142
1777498902878165760,-0.001621806877665222,-0.01299750991165638,-0.02106045000255108
1777498902888385536,-0.001630396232940257,-0.01299613527953625,-0.0210639126598835
1777498902898585600,-0.001628603087738156,-0.01299085281789303,-0.02106901444494724
1777498902908765440,-0.001629411010071635,-0.01299311965703964,-0.02107232995331287
1777498902918926080,-0.001632754458114505,-0.01299475599080324,-0.02107538655400276
1777498902929067264,-0.001634820131585002,-0.01299597229808569,-0.02107897400856018
1777498902939188736,-0.001638735178858042,-0.01299980841577053,-0.02107941545546055
1777498902949290240,-0.001634939340874553,-0.01300561521202326,-0.02107903733849525
1777498902959372288,-0.001642630435526371,-0.01301306951791048,-0.0210781916975975
1777498902969434880,-0.001638924120925367,-0.01301815453916788,-0.02107575163245201
1777498902979477504,-0.00164009805303067,-0.01301352307200432,-0.02107258513569832
1777498902989500416,-0.001641919370740652,-0.01301800459623337,-0.02106453664600849
1777498902999504128,-0.001637094304896891,-0.01301614195108414,-0.02105647325515747
1777498903009488640,-0.001637543551623821,-0.01301680598407984,-0.02105216309428215
1777498903019453696,-0.001635123277083039,-0.0130177978426218,-0.02105443365871906
1777498903029399808,-0.001636467990465462,-0.01302085258066654,-0.02105173654854298
1777498903039326208,-0.001639628550037742,-0.01302324887365103,-0.02105297893285751
1777498903049233152,-0.00163471803534776,-0.01302547473460436,-0.02105762623250484
1777498903059120640,-0.001631262712180614,-0.01302697602659464,-0.02106346935033798
1777498903068992000,-0.001631385996006429,-0.01302709057927132,-0.02106835134327412
1777498903078847232,-0.00163979094941169,-0.01302784215658903,-0.02107559889554977
1777498903088683520,-0.00164414185564965,-0.01302543189376593,-0.02107965387403965
1777498903098500864,-0.001641759998165071,-0.01301942765712738,-0.02108604274690151
1777498903108299008,-0.001646320684812963,-0.01301739271730185,-0.02108776941895485
1777498903118078464,-0.001644507166929543,-0.01301100105047226,-0.02108916826546192
1777498903128303872,-0.001651272992603481,-0.0130047956481576,-0.02108713611960411
1777498903138510080,-0.001648468663915992,-0.01299965474754572,-0.02108794078230858
1777498903148697088,-0.001654263003729284,-0.0130010386928916,-0.02108705416321754
1777498903158864640,-0.001654638210311532,-0.01300313230603933,-0.02108778804540634
1777498903169012480,-0.001651166472584009,-0.01300605200231075,-0.0210806243121624
1777498903179140864,-0.001650485792197287,-0.01301205530762672,-0.02107432670891285
1777498903189249536,-0.001649148063734174,-0.01301712915301323,-0.021071782335639
1777498903199338752,-0.001649606158025563,-0.01302043814212084,-0.02106029540300369
1777498903209408256,-0.001646326389163733,-0.01302414853125811,-0.02105821669101715
1777498903219458304,-0.001644224626943469,-0.01303065475076437,-0.02105674520134926
1777498903229488896,-0.001640757429413497,-0.01303686946630478,-0.02105445042252541
1777498903239502848,-0.001639467081986368,-0.01304010208696127,-0.02105550095438957
1777498903249497600,-0.001634404994547367,-0.01304424460977316,-0.02106054127216339
1777498903259472896,-0.001636175438761711,-0.01304379012435675,-0.02107198163866997
1777498903269428992,-0.001639167312532663,-0.0130394259467721,-0.02107184007763863
1777498903279366144,-0.001638744259253144,-0.01303619705140591,-0.02107959985733032
1777498903289283584,-0.001642019953578711,-0.01303619053214788,-0.02108734846115112
1777498903299181568,-0.001640637288801372,-0.01303153391927481,-0.02108996734023094
1777498903309060608,-0.001633020932786167,-0.0130328219383955,-0.02109313756227493
1777498903318920448,-0.001634532469324768,-0.01302879117429256,-0.02109337784349918
1777498903328761344,-0.001630215439945459,-0.01302726473659277,-0.02108857408165932
1777498903338582784,-0.001635094289667904,-0.01302539557218552,-0.02107961662113667
1777498903348385280,-0.001625109929591417,-0.0130331190302968,-0.02107271738350391
1777498903358168832,-0.001619145506992936,-0.01303012762218714,-0.021066565066576
1777498903368168960,-0.001617325586266816,-0.01303022634238005,-0.02106444537639618
1777498903378385152,-0.001614936743862927,-0.01303254161030054,-0.02105853892862797
1777498903388581632,-0.00161313998978585,-0.01303401868790388,-0.02105713449418545
1777498903398758400,-0.001613484811969101,-0.0130402073264122,-0.02105823718011379
1777498903408914944,-0.001615886576473713,-0.01304921787232161,-0.0210584681481123
1777498903419052288,-0.001616497873328626,-0.01304492820054293,-0.02106169983744621
1777498903429171456,-0.001613668166100979,-0.01304402016103268,-0.02106772549450397
1777498903439270912,-0.001604067743755877,-0.0130478972569108,-0.02106309123337269
1777498903449350912,-0.001608805148862302,-0.01305375900119543,-0.02106945402920246
1777498903459411200,-0.001616541645489633,-0.01305495947599411,-0.02107731439173222
1777498903469452288,-0.001622720621526241,-0.01304941065609455,-0.02108290232717991
1777498903479473664,-0.001623400719836354,-0.01305138785392046,-0.02108658105134964
1777498903489475840,-0.001619242946617305,-0.01304905116558075,-0.02109552547335625
1777498903499458560,-0.001613312866538763,-0.01305141020566225,-0.02110015787184238
1777498903509422592,-0.001610421342775226,-0.01305106561630964,-0.02109861001372337
1777498903519367168,-0.00161116081289947,-0.01304887514561415,-0.02109830267727375
1777498903529292544,-0.001613513450138271,-0.01305110566318035,-0.02109207771718502
1777498903539198464,-0.001612852793186903,-0.01304937526583672,-0.02108933590352535
1777498903549084928,-0.001613326952792704,-0.01304399874061346,-0.02108894288539886
1777498903558952448,-0.001608343212865293,-0.01304266788065434,-0.02108866535127163
1777498903568800512,-0.001612984109669924,-0.01303630694746971,-0.02108479291200638
1777498903578629632,-0.001611612387932837,-0.01303712371736765,-0.02107958868145943
1777498903588447232,-0.001608591061085463,-0.01303001027554274,-0.02107739821076393
1777498903598246400,-0.001605348777957261,-0.01303156930953264,-0.02107618004083633
1777498903608254208,-0.001612303196452558,-0.01302544306963682,-0.02107883431017399
1777498903618470144,-0.001608159742318094,-0.01302703842520714,-0.02107963897287846
1777498903628666368,-0.001612530206330121,-0.01302607823163271,-0.02107611484825611
1777498903638843392,-0.001617232104763389,-0.01302925031632185,-0.02107750438153744
1777498903649000448,-0.001620187773369253,-0.01303311996161938,-0.02107721567153931
1777498903659138048,-0.00162902579177171,-0.01303679775446653,-0.02108132839202881
1777498903669255680,-0.001629017991945148,-0.01303955726325512,-0.02108084782958031
1777498903679353856,-0.001630449783988297,-0.01303890533745289,-0.02108443528413773
1777498903689432064,-0.00163611862808466,-0.01303919777274132,-0.02108634077012539
1777498903699490816,-0.001636529108509421,-0.01303734350949526,-0.02108693867921829
1777498903709529856,-0.001637622364796698,-0.01303998474031687,-0.02108407020568848
1777498903719553280,-0.001644945819862187,-0.01303882151842117,-0.02108128368854523
1777498903729556992,-0.001643536612391472,-0.01302986685186625,-0.02107999287545681
1777498903739541504,-0.001642664312385023,-0.013033427298069,-0.0210765153169632
1777498903749506560,-0.001640886999666691,-0.01302991900593042,-0.02107364870607853
1777498903759453440,-0.001639497349970043,-0.01303089782595634,-0.02107259444892406
1777498903769380864,-0.001637198147363961,-0.01302726846188307,-0.02107577957212925
1777498903779288832,-0.001644274336285889,-0.01302246749401093,-0.02107398211956024
1777498903789177600,-0.001645651180297136,-0.01301862858235836,-0.02107411064207554
1777498903799047936,-0.001647824421525002,-0.0130172511562705,-0.02107411250472069
1777498903808898816,-0.001647706376388669,-0.0130072720348835,-0.0210780780762434
1777498903818730752,-0.001649051439017057,-0.01301041524857283,-0.02107672579586506
1777498903828543744,-0.00164469052106142,-0.01301125902682543,-0.02108811773359776
1777498903838337536,-0.00164950592443347,-0.01300391368567944,-0.02109289728105068
1777498903848343296,-0.001652462291531265,-0.01300333719700575,-0.02109213545918465
1777498903858560256,-0.001650070655159652,-0.01299877371639013,-0.02109051309525967
1777498903868757248,-0.001650578575208783,-0.01300235278904438,-0.02109409309923649
1777498903878934784,-0.001646747346967459,-0.01300687994807959,-0.02110009454190731
1777498903889092608,-0.0016420983010903,-0.0129947941750288,-0.02110085636377335
1777498903899230720,-0.001648952485993505,-0.01299591735005379,-0.02109883725643158
1777498903909348864,-0.001648142701014876,-0.01299316436052322,-0.02109770104289055
1777498903919447808,-0.001655501662753522,-0.01299738697707653,-0.02110215462744236
1777498903929526784,-0.001655251951888204,-0.01299325190484524,-0.02109737694263458
1777498903939586560,-0.001653520623221993,-0.01299285050481558,-0.02109297923743725
1777498903949628672,-0.001665102201513946,-0.01298805512487888,-0.02109347470104694
1777498903959652864,-0.001665369025431573,-0.01298912242054939,-0.02109464630484581
1777498903969657856,-0.001660777954384685,-0.01298755686730146,-0.0210961252450943
1777498903979643136,-0.001658858731389046,-0.01298466324806213,-0.02109956741333008
1777498903989609216,-0.001657236600294709,-0.01297818124294281,-0.02110420353710651
1777498903999555840,-0.001655897125601768,-0.01298372447490692,-0.02110730297863483
1777498904009483008,-0.001654352177865803,-0.01298527885228395,-0.0211109034717083
1777498904019390464,-0.001659474102780223,-0.01298622321337461,-0.02110791206359863
1777498904029278976,-0.001662768423557281,-0.01298422459512949,-0.02111370489001274
1777498904039148544,-0.001658542896620929,-0.01298039127141237,-0.02111783251166344
1777498904048998912,-0.001659287256188691,-0.01297775097191334,-0.02111483365297318
1777498904058830080,-0.001659059431403875,-0.01298027765005827,-0.021115617826581
1777498904068641792,-0.001661745947785676,-0.01297750882804394,-0.02111571840941906
1777498904078434304,-0.001663430244661868,-0.01297883782535791,-0.02111854031682014
1777498904088207872,-0.001660120324231684,-0.01298035308718681,-0.02112092450261116
1777498904098426112,-0.001664075418375432,-0.01297625340521336,-0.02112028002738953
1777498904108624384,-0.001670585246756673,-0.01297434978187084,-0.02111882157623768
1777498904118802688,-0.001671572565101087,-0.01297193299978971,-0.02112084254622459
1777498904128961024,-0.00167327094823122,-0.01297050528228283,-0.0211215615272522
1777498904139101184,-0.001676215091720223,-0.01296882424503565,-0.02111550606787205
1777498904149221376,-0.001672890153713524,-0.01297119166702032,-0.02111463621258736
1777498904159322112,-0.001671269885264337,-0.01296952459961176,-0.02111072838306427
1777498904169402880,-0.001671070232987404,-0.01296930480748415,-0.02111071348190308
1777498904179464192,-0.00166956358589232,-0.01296420022845268,-0.02111166901886463
1777498904189505792,-0.001666053431108594,-0.01295888423919678,-0.02110965363681316
1777498904199527936,-0.001672021811828017,-0.01295633148401976,-0.0211139153689146
1777498904209530368,-0.001677940948866308,-0.01295985840260983,-0.02111124806106091
1777498904219513344,-0.00167379470076412,-0.01296070963144302,-0.02111418172717094
1777498904229477120,-0.001669025048613548,-0.01296374201774597,-0.02111596241593361
1777498904239421184,-0.001672504120506346,-0.01296517811715603,-0.02112042158842087
1777498904249345792,-0.00167270447127521,-0.01297019980847836,-0.02112318016588688
1777498904259250688,-0.001675632200203836,-0.01297014765441418,-0.02112669683992863
1777498904269136128,-0.001676802290603518,-0.0129704438149929,-0.02112346328794956
1777498904279002112,-0.001676609739661217,-0.01297787670046091,-0.02112431451678276
1777498904288848896,-0.001673783757723868,-0.01298244576901197,-0.02111991867423058
1777498904298677504,-0.001680844812653959,-0.01297708787024021,-0.02111819200217724
1777498904308487424,-0.001679896493442357,-0.01297755353152752,-0.02111585810780525
1777498904318283776,-0.001682715490460396,-0.01297443918883801,-0.02111752144992352
1777498904328061184,-0.001675482606515288,-0.01296205818653107,-0.02111820504069328
1777498904338281216,-0.00167319702450186,-0.01296595204621553,-0.02112044207751751
1777498904348481280,-0.001671917038038373,-0.01296470127999783,-0.02111945301294327
1777498904358661632,-0.001667490694671869,-0.0129584101960063,-0.02111971937119961
1777498904368822528,-0.001668308861553669,-0.01294890884310007,-0.02112109400331974
1777498904378964224,-0.001670292462222278,-0.01295039523392916,-0.0211230181157589
1777498904389085952,-0.001667248085141182,-0.01294931024312973,-0.02112377248704433
1777498904399188224,-0.001662310678511858,-0.01294499076902866,-0.02112694084644318
1777498904409270784,-0.00166706764139235,-0.01294253207743168,-0.02113628759980202
1777498904419333888,-0.001663929666392505,-0.01294562220573425,-0.02113676071166992
1777498904429377536,-0.001656598411500454,-0.01294718030840158,-0.02114393189549446
1777498904439401728,-0.001655954867601395,-0.01295022666454315,-0.02114338427782059
1777498904449406464,-0.001661263173446059,-0.01295159570872784,-0.02114264667034149
1777498904459392000,-0.001663699862547219,-0.01295626722276211,-0.02114494889974594
1777498904469357824,-0.001666225725784898,-0.01295726839452982,-0.02114389277994633
1777498904479304192,-0.001665270770899951,-0.01296119298785925,-0.02114099636673927
1777498904489231104,-0.001661941758356988,-0.01296763215214014,-0.02114149369299412
1777498904499138560,-0.001662434660829604,-0.01296823006123304,-0.02113563381135464
1777498904509029376,-0.001659350818954408,-0.01296454481780529,-0.02113210596144199
1777498904518903808,-0.001655883505009115,-0.01296611595898867,-0.02112913504242897
1777498904528758784,-0.001655214233323932,-0.01296653505414724,-0.02112998813390732
1777498904538595072,-0.001653671963140368,-0.0129647683352232,-0.02113141119480133
1777498904548412416,-0.001654982334002852,-0.01296401675790548,-0.02112777531147003
1777498904558210560,-0.001654791529290378,-0.01296598929911852,-0.02112436480820179
1777498904567989760,-0.001649334095418453,-0.01296370290219784,-0.02112393267452717
1777498904578214912,-0.001652284874580801,-0.01296454016119242,-0.02112947404384613
1777498904588420352,-0.001649713143706322,-0.01296039391309023,-0.02112918347120285
1777498904598605824,-0.001646128017455339,-0.01296279206871986,-0.02112503163516521
1777498904608772096,-0.001651259604841471,-0.01295961998403072,-0.02112607657909393
1777498904618918656,-0.001647854573093355,-0.0129572618752718,-0.02112296409904957
1777498904629046016,-0.001646674936637282,-0.01295294519513845,-0.02112879790365696
1777498904639153664,-0.0016471017152071,-0.01294318586587906,-0.02113169990479946
1777498904649241856,-0.001649121521040797,-0.01293850596994162,-0.02113238908350468
1777498904659311104,-0.001643210649490356,-0.01293784286826849,-0.0211359653621912
1777498904669360640,-0.001641983631998301,-0.01293930225074291,-0.02113439328968525
1777498904679393280,-0.001638491405174136,-0.01294212695211172,-0.02113254554569721
1777498904689406464,-0.001637885230593383,-0.01294086501002312,-0.02112779393792152
1777498904699399936,-0.001637269393540919,-0.01294251065701246,-0.02112526074051857
1777498904709373440,-0.001634318381547928,-0.01295343413949013,-0.02112370915710926
1777498904719327744,-0.001639765338040888,-0.0129544623196125,-0.02112365886569023
1777498904729263104,-0.00163832085672766,-0.0129606407135725,-0.02112239040434361
1777498904739178752,-0.001638164627365768,-0.01295949704945087,-0.02112044766545296
1777498904749074944,-0.001641133334487677,-0.01295993756502867,-0.02112557552754879
1777498904758952704,-0.001645249896682799,-0.01295923255383968,-0.02112616784870625
1777498904768811008,-0.001643145806156099,-0.01295976899564266,-0.02112717181444168
1777498904778649856,-0.001647268771193922,-0.01295563019812107,-0.02112429402768612
1777498904788469760,-0.001645467709749937,-0.01295889541506767,-0.02112093567848206
1777498904798270208,-0.001645080046728253,-0.01295762695372105,-0.02112217992544174
1777498904808051456,-0.001647348166443408,-0.01295498106628656,-0.02112278155982494
1777498904818277632,-0.001644295291043818,-0.01295291073620319,-0.02111764997243881
1777498904828483840,-0.001647652825340629,-0.01295393984764814,-0.0211186446249485
1777498904838670848,-0.001649325480684638,-0.01294480729848146,-0.02112073265016079
1777498904848837888,-0.001645945943892002,-0.01294790767133236,-0.02112258970737457
1777498904858985216,-0.001642599818296731,-0.0129501186311245,-0.02111893892288208
1777498904869112576,-0.001646178890950978,-0.01293881051242352,-0.02112027816474438
1777498904879220736,-0.001646902179345489,-0.01293777767568827,-0.02112236805260181
1777498904889309184,-0.001648860517889261,-0.01293513737618923,-0.02112282998859882
1777498904899377920,-0.001651877886615694,-0.01293727103620768,-0.02112275175750256
1777498904909430528,-0.00165327824652195,-0.01293765567243099,-0.02112146653234959
1777498904919463680,-0.001659947680309415,-0.01294344291090965,-0.02112679742276669
1777498904929477632,-0.001656312379054725,-0.01295135822147131,-0.02113095857203007
1777498904939472384,-0.001659240806475282,-0.01295237615704536,-0.02113084308803082
1777498904949448192,-0.00165929680224508,-0.01294615585356951,-0.02113624662160873
1777498904959404544,-0.001663219765760005,-0.01294334419071674,-0.02114190347492695
1777498904969341696,-0.001660297159105539,-0.01294178515672684,-0.02114814706146717
1777498904979259648,-0.001665675779804587,-0.01293241325765848,-0.02115010097622871
1777498904989158912,-0.001663242815993726,-0.01293608453124762,-0.02114792354404926
1777498904999038976,-0.001660914276726544,-0.01293463259935379,-0.02114998735487461
1777498905008899840,-0.001656476408243179,-0.01293863635510206,-0.02114794589579105
1777498905018741248,-0.001663435949012637,-0.01294212602078915,-0.02114764787256718
1777498905028563968,-0.001658486784435809,-0.01294621825218201,-0.02114948071539402
1777498905038367232,-0.001658871304243803,-0.01294420473277569,-0.02114702388644218
1777498905048151296,-0.001661069341935217,-0.01293749362230301,-0.02114712446928024
1777498905058151680,-0.001664782990701497,-0.01293222047388554,-0.02114938385784626
1777498905068367872,-0.001663753297179937,-0.01293413247913122,-0.02115213684737682
1777498905078564864,-0.001663697068579495,-0.01293314807116985,-0.02114946395158768
1777498905088741888,-0.001659071422182024,-0.01293536648154259,-0.02115175873041153
1777498905098899712,-0.001666556112468243,-0.01293443609029055,-0.02115414664149284
1777498905109037824,-0.001669004559516907,-0.01293372921645641,-0.02114946581423283
1777498905119156480,-0.001669265213422477,-0.01293115131556988,-0.02114536799490452
1777498905129255680,-0.001678945263847709,-0.01292852871119976,-0.02115052752196789
1777498905139335168,-0.001674829865805805,-0.01293290127068758,-0.02115124650299549
1777498905149396480,-0.001673722639679909,-0.012930728495121,-0.02114840410649776
1777498905159439616,-0.001673348713666201,-0.01293613202869892,-0.02114930190145969
1777498905169463040,-0.001674898550845683,-0.01293863449245691,-0.02115007489919662
1777498905179466752,-0.001677458640187979,-0.01293347403407097,-0.02114776894450188
1777498905189451264,-0.001678989152424037,-0.01293393969535828,-0.02114606648683548
1777498905199416576,-0.00168107112403959,-0.01293939352035522,-0.02114301547408104
1777498905209361920,-0.001678918139077723,-0.01294347736984491,-0.0211428739130497
1777498905219287808,-0.001674841740168631,-0.01294188015162945,-0.02114062383770943
1777498905229194752,-0.001679264707490802,-0.01293949410319328,-0.02114088088274002
1777498905239082752,-0.001681834226474166,-0.01294196955859661,-0.02114373631775379
1777498905248951040,-0.001680004992522299,-0.01294145081192255,-0.02113929390907288
1777498905258800128,-0.001676115905866027,-0.01294093765318394,-0.0211410503834486
1777498905268630016,-0.001674705650657415,-0.01294110435992479,-0.02113900519907475
1777498905278440704,-0.001676486572250724,-0.01294465456157923,-0.0211380310356617
1777498905288232192,-0.001677538501098752,-0.01295213773846626,-0.0211365781724453
1777498905298237184,-0.001677696476690471,-0.01294965669512749,-0.02113757841289043
1777498905308454656,-0.001671881065703928,-0.01294749137014151,-0.02113769575953484
1777498905318652160,-0.001676726038567722,-0.01294711045920849,-0.02113951370120049
1777498905328830720,-0.00168000441044569,-0.01294329948723316,-0.02114043012261391
1777498905338990336,-0.001670452998951077,-0.0129349622875452,-0.02114052139222622
1777498905349130240,-0.00167685211636126,-0.01293566543608904,-0.02114166878163815
1777498905359250688,-0.001679510460235178,-0.01293337438255548,-0.02114659175276756
1777498905369352192,-0.001676935353316367,-0.01293707638978958,-0.02114813216030598
1777498905379434240,-0.001684930641204119,-0.01293920353055,-0.02115158550441265
1777498905389496576,-0.001683143200352788,-0.01294609997421503,-0.02115405164659023
1777498905399539456,-0.001686115399934351,-0.01294470857828856,-0.02115467935800552
1777498905409566464,-0.00168942881282419,-0.01294440124183893,-0.02115595526993275
1777498905419574016,-0.001683964976109564,-0.01294231787323952,-0.02115463092923164
1777498905429562368,-0.001684008864685893,-0.01294791419059038,-0.02115867286920547
1777498905439531520,-0.001685900613665581,-0.01294758915901184,-0.0211576409637928
1777498905449481472,-0.001688507967628539,-0.01295132469385862,-0.02115526050329208
1777498905459411968,-0.001684576738625765,-0.01295795757323503,-0.02115685679018497
1777498905469323776,-0.001678846427239478,-0.01296320743858814,-0.02116140350699425
1777498905479216384,-0.001676107407547534,-0.01296214759349823,-0.02115881815552711
1777498905489090304,-0.0016779531724751,-0.01295992452651262,-0.02115936391055584
1777498905498945024,-0.001678891363553703,-0.01295972988009453,-0.02115673571825027
1777498905508780544,-0.001673095626756549,-0.01296244189143181,-0.0211586058139801
1777498905518597120,-0.001673117047175765,-0.01296191941946745,-0.02116473205387592
1777498905528394496,-0.001678844448179007,-0.01296002138406038,-0.02116164565086365
1777498905538172928,-0.001677840715274215,-0.01296457462012768,-0.02115867659449577
1777498905548390656,-0.001671166392043233,-0.0129654286429286,-0.02115683816373348
1777498905558588672,-0.001671899692155421,-0.01295877806842327,-0.02115421928465366
1777498905568766720,-0.001671203412115574,-0.01295901741832495,-0.02115697786211967
1777498905578925568,-0.001671802718192339,-0.01295967493206263,-0.02116064541041851
1777498905589065216,-0.001668072887696326,-0.01296385750174522,-0.02115788869559765
1777498905599184896,-0.00166911561973393,-0.01296299416571856,-0.02115579694509506
1777498905609285120,-0.001668629003688693,-0.01296377461403608,-0.02114852704107761
1777498905619365632,-0.0016685581067577,-0.01297004986554384,-0.02114653401076794
1777498905629426944,-0.001666120369918644,-0.01296694111078978,-0.02114820666611195
1777498905639468800,-0.001661921851336956,-0.01296709850430489,-0.02114780433475971
1777498905649490944,-0.00165741122327745,-0.01297447178512812,-0.02115055546164513
1777498905659493632,-0.00166104722302407,-0.01296877674758434,-0.02115016616880894
1777498905669477120,-0.001667765202000737,-0.01296650152653456,-0.02115126699209213
1777498905679441152,-0.001666493830271065,-0.01296984311193228,-0.02115381695330143
1777498905689385472,-0.00166911503765732,-0.01297307852655649,-0.02115487121045589
1777498905699310336,-0.001670015510171652,-0.01297479122877121,-0.02115815505385399
1777498905709216000,-0.001666677300818264,-0.01297713071107864,-0.02115513198077679
1777498905719102464,-0.001666739815846086,-0.01298388931900263,-0.02115297690033913
1777498905728969472,-0.001667108619585633,-0.01297990325838327,-0.02115551568567753
1777498905738817536,-0.001661850954405963,-0.01298130489885807,-0.02115651778876781
1777498905748646912,-0.001663501840084791,-0.01297470740973949,-0.0211588591337204
1777498905758463232,-0.001665706280618906,-0.01297583989799023,-0.02116167545318604
1777498905768260352,-0.001665690797381103,-0.01297362055629492,-0.02116364240646362
1777498905778038784,-0.001656964770518243,-0.01296823006123304,-0.02116233482956886
1777498905788258304,-0.001659477478824556,-0.0129623394459486,-0.02116500400006771
1777498905798457856,-0.001654898864217103,-0.01295820344239473,-0.02116698585450649
1777498905808637440,-0.001656359643675387,-0.01295887026935816,-0.02116667293012142
1777498905818797312,-0.0016575240297243,-0.01295518316328526,-0.02116396464407444
1777498905828937472,-0.001660479581914842,-0.01295862253755331,-0.02117018774151802
1777498905839059456,-0.001661514979787171,-0.01295342389494181,-0.02116730622947216
1777498905849161984,-0.00165845116134733,-0.01295492798089981,-0.02116716839373112
1777498905859244800,-0.001660443842411041,-0.01294940989464521,-0.02116800844669342
1777498905869308160,-0.001661334070377052,-0.01295388862490654,-0.02117273211479187
1777498905879352320,-0.001656598877161741,-0.0129529619589448,-0.02117588743567467
1777498905889377024,-0.001652533654123545,-0.01294910162687302,-0.02117098122835159
1777498905899382272,-0.001657193177379668,-0.01294971536844969,-0.02117131277918816
1777498905909367808,-0.001663266215473413,-0.01295367162674665,-0.02116950415074825
1777498905919334656,-0.001668248092755675,-0.01294639892876148,-0.02116763032972813
1777498905929282048,-0.001665525138378143,-0.0129415187984705,-0.0211672205477953
1777498905939209984,-0.001668706885538995,-0.01293802727013826,-0.02116553112864494
1777498905949118464,-0.001670349738560617,-0.01294345781207085,-0.0211673192679882
1777498905959007744,-0.001672641024924815,-0.01295004040002823,-0.02116981707513332
1777498905968877824,-0.001670721685513854,-0.01294722408056259,-0.02116954885423183
1777498905978728704,-0.001664985553361475,-0.01294421683996916,-0.02117161080241203
1777498905988560128,-0.001658687251619995,-0.01293884497135878,-0.0211735162883997
1777498905998373632,-0.001654760329984128,-0.01294503919780254,-0.02117394097149372
1777498906008167936,-0.0016524288803339,-0.01294052228331566,-0.02117512747645378
1777498906017946368,-0.001640341943129897,-0.01294138003140688,-0.02117334492504597
1777498906028172032,-0.001642611459828913,-0.01294138096272945,-0.02117560058832169
1777498906038377728,-0.001636085333302617,-0.0129346139729023,-0.02117331884801388
1777498906048563456,-0.001639859401620924,-0.0129280798137188,-0.02117323316633701
1777498906058730240,-0.001635532709769905,-0.01292756106704473,-0.02117687463760376
1777498906068877568,-0.001639195834286511,-0.01292410306632519,-0.0211772695183754
1777498906079005440,-0.001640425994992256,-0.012925592251122,-0.02118025347590446
1777498906089113600,-0.001640402711927891,-0.01292510237544775,-0.02117848210036755
1777498906099202304,-0.001638327608816326,-0.01292666420340538,-0.02118075825273991
1777498906109271552,-0.001638447167351842,-0.01292624697089195,-0.02118472196161747
1777498906119321088,-0.00163599185179919,-0.01291834749281406,-0.02118290774524212
1777498906129351168,-0.001633057370781898,-0.01291579008102417,-0.02118040807545185
1777498906139362304,-0.001632239553146064,-0.01291982922703028,-0.02117548324167728
1777498906149353984,-0.001628516823984683,-0.01290993392467499,-0.02118022367358208
1777498906159328256,-0.001625259523279965,-0.01291076652705669,-0.021176403388381
1777498906169285376,-0.001619733404368162,-0.01290447264909744,-0.0211816281080246
1777498906179223296,-0.001625901088118553,-0.01290500815957785,-0.02117967791855335
1777498906189142016,-0.00161851046141237,-0.01290708873420954,-0.02117772214114666
1777498906199042048,-0.00161428889259696,-0.01291008945554495,-0.0211741179227829
1777498906208922624,-0.001616655732505023,-0.01290994137525558,-0.02117479033768177
1777498906218784256,-0.001610026229172945,-0.01289940625429153,-0.02117723412811756
1777498906228626688,-0.001610238337889314,-0.01290010660886765,-0.02117416076362133
1777498906238450432,-0.001605639117769897,-0.01289561297744513,-0.02116921171545982
1777498906248255488,-0.001610592706128955,-0.01289753243327141,-0.02117282524704933
1777498906258041088,-0.001606520381756127,-0.01289917808026075,-0.02117595635354519
1777498906268276480,-0.001607483834959567,-0.01290750503540039,-0.02117192931473255
1777498906278492160,-0.001612492022104561,-0.01290352642536163,-0.02117435820400715
1777498906288688384,-0.001606985810212791,-0.01290862914174795,-0.02117957547307014
1777498906298864640,-0.001611921237781644,-0.01290328428149223,-0.02117609791457653
1777498906309021696,-0.001613583182916045,-0.01290980912744999,-0.02117533609271049
1777498906319159040,-0.001617006375454366,-0.01290558651089668,-0.02117588371038437
1777498906329276160,-0.001616098103113472,-0.01290558557957411,-0.02117757685482502
1777498906339374848,-0.001615099376067519,-0.0129017299041152,-0.02118083648383617
1777498906349454848,-0.0016186194261536,-0.01289786025881767,-0.02117760106921196
1777498906359515136,-0.001620164839550853,-0.0129036633297801,-0.02117687463760376
1777498906369555968,-0.00161323428619653,-0.01290582958608866,-0.02117699943482876
1777498906379577344,-0.001614432781934738,-0.01290812343358994,-0.02117764018476009
1777498906389579264,-0.001609050086699426,-0.01291553862392902,-0.02117705717682838
1777498906399561472,-0.001608643215149641,-0.01291719730943441,-0.02117673866450787
1777498906409524224,-0.001611718093045056,-0.01291069947183132,-0.02117634192109108
1777498906419467776,-0.001609734259545803,-0.01290697883814573,-0.02117594890296459
1777498906429392128,-0.001617474132217467,-0.0129091739654541,-0.02117095701396465
1777498906439297280,-0.001621807925403118,-0.01290714275091887,-0.0211687795817852
1777498906449183232,-0.001614327076822519,-0.01290171500295401,-0.02117040567100048
1777498906459049472,-0.001615539309568703,-0.01290467940270901,-0.02116697281599045
1777498906468897280,-0.001617331407032907,-0.01290519256144762,-0.02116496860980988
1777498906478725376,-0.001614827662706375,-0.01290140487253666,-0.02116461470723152
1777498906488534528,-0.001611027400940657,-0.01289655733853579,-0.02116862311959267
1777498906498325248,-0.001611855812370777,-0.01289718877524137,-0.02117232233285904
1777498906508328704,-0.00161293672863394,-0.01289753802120686,-0.02117340639233589
1777498906518544128,-0.001611425192095339,-0.01289621647447348,-0.02117638289928436
1777498906528739584,-0.00161104800645262,-0.01290391013026237,-0.02117708884179592
1777498906538916096,-0.001605203258804977,-0.01290270127356052,-0.02117766439914703
1777498906549072640,-0.001610011793673038,-0.0128987105563283,-0.02118124440312386
1777498906559209216,-0.001609418308362365,-0.01289868727326393,-0.02118337154388428
1777498906569326336,-0.001601286232471466,-0.0128960981965065,-0.0211822222918272
1777498906579423488,-0.001603405689820647,-0.01289238221943378,-0.02118221111595631
1777498906589501696,-0.001604379620403051,-0.01289359852671623,-0.02118316479027271
1777498906599559680,-0.001599236857146025,-0.01289423368871212,-0.02118580974638462
1777498906609597952,-0.001596430782228708,-0.01289002597332001,-0.0211816132068634
1777498906619617024,-0.001590448548085988,-0.01289135497063398,-0.02118517458438873
1777498906629616384,-0.001587068662047386,-0.01289108768105507,-0.02118625864386559
1777498906639596288,-0.001583656296133995,-0.01289286836981773,-0.02118835784494877
1777498906649558528,-0.001585348160006106,-0.01289484649896622,-0.02119000256061554
1777498906659503104,-0.001586527214385569,-0.0128946453332901,-0.02118614688515663
1777498906669428224,-0.001585133490152657,-0.01289041433483362,-0.0211867168545723
1777498906679334400,-0.001585641759447753,-0.01288642175495625,-0.02118370682001114
1777498906689221120,-0.0015845678281039,-0.01288544945418835,-0.02118334546685219
1777498906699088640,-0.001582066528499126,-0.01288657542318106,-0.02118747867643833
1777498906708936704,-0.001582817523740232,-0.01288907043635845,-0.02119015343487263
1777498906718765568,-0.001584289595484734,-0.01289695035666227,-0.02119279466569424
1777498906728575744,-0.001578311552293599,-0.01289398968219757,-0.02119099348783493
1777498906738366976,-0.001579608302563429,-0.01288994774222374,-0.02119157835841179
1777498906748371200,-0.001582279801368713,-0.0128922164440155,-0.0211914274841547
1777498906758588160,-0.001587478327564895,-0.01289212238043547,-0.0211951769888401
1777498906768785152,-0.001589177176356316,-0.01288941968232393,-0.02119626849889755
1777498906778962688,-0.001591102802194655,-0.01288404688239098,-0.02119710482656956
1777498906789120512,-0.001585560035891831,-0.01288791466504335,-0.02120581269264221
1777498906799258880,-0.001587566803209484,-0.01289128884673119,-0.02120406553149223
1777498906809377536,-0.001592133310623467,-0.01289480831474066,-0.02120470069348812
1777498906819476224,-0.001594124478287995,-0.01288972422480583,-0.02120995707809925
1777498906829555456,-0.001589223276823759,-0.01288861595094204,-0.02120903506875038
1777498906839615232,-0.001585394842550159,-0.01288720313459635,-0.021209966391325
1777498906849654784,-0.001588928746059537,-0.01288867369294167,-0.02120781876146793
1777498906859675136,-0.001587735838256776,-0.01288844924420118,-0.02120423503220081
1777498906869676544,-0.001584687037393451,-0.01288157887756824,-0.02120659872889519
1777498906879658240,-0.001587309874594212,-0.01288290973752737,-0.02120585367083549
1777498906889620224,-0.001588486484251916,-0.01287651155143976,-0.02120226994156837
1777498906899562752,-0.001593529479578137,-0.01287479884922504,-0.02120391093194485
1777498906909489408,-0.001597792492248118,-0.01287769619375467,-0.02120164223015308
1777498906919396608,-0.001594688859768212,-0.0128761874511838,-0.02120538987219334
1777498906929285120,-0.001594031928107142,-0.01286633405834436,-0.02120374143123627
1777498906939154432,-0.001588837360031903,-0.01286436710506678,-0.02119934931397438
1777498906949004544,-0.001592308282852173,-0.01286341901868582,-0.02119728736579418
1777498906958835712,-0.001591132953763008,-0.0128641901537776,-0.02119678631424904
1777498906968647680,-0.001592782093212008,-0.01286190561950207,-0.02119769528508186
1777498906978440448,-0.001593934604898095,-0.01286520808935165,-0.02120099402964115
1777498906988215296,-0.001592049840837717,-0.01286181900650263,-0.02120675519108772
1777498906998433536,-0.001591663924045861,-0.01286711171269417,-0.02120152674615383
1777498907008631808,-0.001594011089764535,-0.01286531705409288,-0.02119921892881393
1777498907018810112,-0.00159541133325547,-0.01286990009248257,-0.02120142988860607
1777498907028969216,-0.001595692476257682,-0.01286681927740574,-0.02119600214064121
1777498907039108864,-0.001601393334567547,-0.01286956481635571,-0.02119629830121994
1777498907049228800,-0.001596408546902239,-0.01286752335727215,-0.0211934931576252
1777498907059329024,-0.001587695674970746,-0.0128623005002737,-0.02119357697665691
1777498907069409792,-0.001582558848895133,-0.01285755913704634,-0.02119185589253902
1777498907079471104,-0.001586444210261106,-0.01286107022315264,-0.02119483798742294
1777498907089512704,-0.001582768629305065,-0.01285576075315475,-0.02119708061218262
1777498907099534592,-0.001579228206537664,-0.01285448856651783,-0.02119477652013302
1777498907109537792,-0.001584592973813415,-0.01284934766590595,-0.02119745872914791
1777498907119524608,-0.001581753022037446,-0.01284906174987555,-0.02120077610015869
1777498907129492224,-0.001576232141815126,-0.01284617930650711,-0.02120610326528549
1777498907139440384,-0.001578637748025358,-0.01284387614578009,-0.02120349556207657
1777498907149369600,-0.001571943867020309,-0.01284751389175653,-0.02120097354054451
1777498907159279616,-0.001569007174111903,-0.01285174675285816,-0.02119608409702778
1777498907169170432,-0.001566363149322569,-0.01286142971366644,-0.02119766734540462
1777498907179042304,-0.001563751953653991,-0.01286324672400951,-0.02119224704802036
1777498907188894720,-0.001563455094583333,-0.01286513078957796,-0.02119202353060246
1777498907198728960,-0.001561829471029341,-0.01286690309643745,-0.02119025215506554
1777498907208543744,-0.001563879079185426,-0.01286853849887848,-0.0211863350123167
1777498907218339584,-0.001569563406519592,-0.01287032477557659,-0.02118751779198647
1777498907228116480,-0.001574143185280263,-0.01286413706839085,-0.02118682861328125
1777498907238336256,-0.001569697516970336,-0.01286507118493319,-0.02118882723152637
1777498907248536064,-0.001567240105941892,-0.01285909861326218,-0.02118750847876072
1777498907258715904,-0.001563710509799421,-0.01285771653056145,-0.02118777483701706
1777498907268876544,-0.001569952117279172,-0.01285692770034075,-0.02118863351643085
1777498907279017472,-0.001569309970363975,-0.01285610720515251,-0.0211864598095417
1777498907289138944,-0.001573432702571154,-0.01285351160913706,-0.0211899746209383
1777498907299240448,-0.001580372569151223,-0.01285150554031134,-0.02119093388319016
1777498907309322496,-0.001581596443429589,-0.01285346038639545,-0.02119744382798672
1777498907319384832,-0.001576614915393293,-0.0128471702337265,-0.0212045107036829
1777498907329427456,-0.001575773349031806,-0.01285097561776638,-0.02120605669915676
1777498907339450368,-0.001577649265527725,-0.01285154465585947,-0.02120853587985039
1777498907349457152,-0.001577973598614335,-0.01284580677747726,-0.0212097279727459
1777498907359444480,-0.001573480665683746,-0.01284329872578382,-0.02121442928910255
1777498907369412864,-0.001576943672262132,-0.01283749379217625,-0.02121349610388279
1777498907379361536,-0.001575091853737831,-0.01284505985677242,-0.0212112944573164
1777498907389291008,-0.001580046024173498,-0.01284342352300882,-0.02120827324688435
1777498907399201024,-0.001578504452481866,-0.01284961868077517,-0.02121156267821789
1777498907409091584,-0.001580404117703438,-0.01285624783486128,-0.02120751142501831
1777498907418962944,-0.001580221811309457,-0.01285090018063784,-0.02121054008603096
1777498907428815616,-0.001580295735038817,-0.01285114698112011,-0.02120622619986534
1777498907438649088,-0.001580451033078134,-0.01285357680171728,-0.02120684087276459
1777498907448463360,-0.00158124475274235,-0.0128528643399477,-0.02121105045080185
1777498907458258688,-0.001574589405208826,-0.0128531027585268,-0.02121220156550407
1777498907468034816,-0.001567148836329579,-0.0128583824262023,-0.02121399715542793
1777498907478259456,-0.001569142565131187,-0.0128600699827075,-0.0212092250585556
1777498907488464896,-0.001566649763844907,-0.01286576222628355,-0.02121047861874104
1777498907498650368,-0.001565749058499932,-0.01286685466766357,-0.02121289633214474
1777498907508816640,-0.001565829734317958,-0.01286248117685318,-0.02121698297560215
1777498907518962944,-0.00156351167242974,-0.0128673929721117,-0.02121764793992043
1777498907529090304,-0.00155944109428674,-0.01286756526678801,-0.0212149191647768
1777498907539197440,-0.001562281395308673,-0.01287136413156986,-0.0212110597640276
1777498907549285120,-0.001561482553370297,-0.01287409849464893,-0.02120780386030674
1777498907559352832,-0.00155572360381484,-0.01287414506077766,-0.021210802718997
1777498907569401088,-0.001552217290736735,-0.01287501771003008,-0.02121163904666901
1777498907579429376,-0.001555888797156513,-0.01287799701094627,-0.02121403627097607
1777498907589438720,-0.001557206502184272,-0.01288151834160089,-0.02120981365442276
1777498907599428352,-0.00155184359755367,-0.01288129668682814,-0.02121181041002274
1777498907609398272,-0.001554627437144518,-0.01288534142076969,-0.021209716796875
1777498907619348736,-0.001555570401251316,-0.01289078500121832,-0.02120649069547653
1777498907629279744,-0.001555957947857678,-0.01289353519678116,-0.02120381407439709
1777498907639191040,-0.0015607193345204,-0.0128985857591033,-0.0212053544819355
1777498907649083136,-0.001562948920764029,-0.01290304213762283,-0.02120386064052582
1777498907658958848,-0.001557163195684552,-0.01290364190936089,-0.02120158448815346
1777498907668818432,-0.001560396514832973,-0.01290260627865791,-0.02120202034711838
1777498907678658816,-0.001557862386107445,-0.01289891730993986,-0.02120170183479786
1777498907688480256,-0.001557179493829608,-0.01289965491741896,-0.02120588906109333
1777498907698282496,-0.001557086361572146,-0.0129056116566062,-0.02120774425566196
1777498907708065536,-0.001563044148497283,-0.0129079669713974,-0.02121047489345074
1777498907718291456,-0.001559019088745117,-0.01291035581380129,-0.02120981924235821
1777498907728497920,-0.001554233254864812,-0.01290823519229889,-0.02120974659919739
1777498907738684416,-0.001556064235046506,-0.0129182580858469,-0.02120593562722206
1777498907748851712,-0.0015614980366081,-0.01292265020310879,-0.02120928466320038
1777498907758999552,-0.001559307798743248,-0.0129251554608345,-0.02120864018797874
1777498907769127424,-0.001564244856126606,-0.01292096078395844,-0.02120931260287762
1777498907779235328,-0.001556898117996752,-0.01292316056787968,-0.02121319063007832
1777498907789323776,-0.001557579264044762,-0.01292377710342407,-0.02121689729392529
1777498907799392512,-0.001557022565975785,-0.01292865350842476,-0.02121559344232082
1777498907809441536,-0.001556183909997344,-0.01292678527534008,-0.02121563628315926
1777498907819470848,-0.001556622912175953,-0.01292389910668135,-0.02121615782380104
1777498907829481216,-0.001550648710690439,-0.01292731240391731,-0.02122297324240208
1777498907839471872,-0.001549113658256829,-0.01292412914335728,-0.02122698351740837
1777498907849443072,-0.001544419443234801,-0.01291933283209801,-0.02122980169951916
1777498907859394816,-0.001545472885482013,-0.01291710417717695,-0.02122522704303265
1777498907869327360,-0.001546169514767826,-0.01291689090430737,-0.02122859284281731
1777498907879240704,-0.001546857063658535,-0.01291351113468409,-0.02123277634382248
1777498907889134336,-0.001547351712360978,-0.01291145756840706,-0.02123155817389488
1777498907899009024,-0.001539881224744022,-0.01291339565068483,-0.02123787812888622
1777498907908871424,-0.001537407049909234,-0.01291387621313334,-0.02124064788222313
1777498907918714624,-0.001538868062198162,-0.01291526295244694,-0.02123801968991756
1777498907928539136,-0.001540787401609123,-0.01291119493544102,-0.02123328484594822
1777498907938344448,-0.001541979843750596,-0.01290697511285543,-0.02123532444238663
1777498907948130816,-0.001543260179460049,-0.01290727686136961,-0.02124273590743542
1777498907958132736,-0.001541304867714643,-0.01290966663509607,-0.02124816365540028
1777498907968348928,-0.001533618778921664,-0.0129011133685708,-0.02124597504734993
1777498907978545408,-0.001527781132608652,-0.01290025096386671,-0.02124634571373463
1777498907988721664,-0.001522364211268723,-0.01290208287537098,-0.02124771103262901
1777498907998878208,-0.001518270233646035,-0.01289975456893444,-0.02125493250787258
1777498908009015040,-0.001514717703685164,-0.01290213502943516,-0.02125924453139305
1777498908019133440,-0.001509428024291992,-0.01290333829820156,-0.02126397378742695
1777498908029232640,-0.001507659326307476,-0.01290531828999519,-0.02126372046768665
1777498908039312640,-0.001501809572800994,-0.01290963031351566,-0.02126003801822662
1777498908049373184,-0.001492016483098269,-0.01291090622544289,-0.02125939540565014
1777498908059414784,-0.001489028334617615,-0.01290637813508511,-0.02126341313123703
1777498908069436672,-0.001492778421379626,-0.0129038505256176,-0.02126742899417877
1777498908079438848,-0.001491899485699832,-0.01290919911116362,-0.02126876264810562
1777498908089422080,-0.001487592700868845,-0.01290928013622761,-0.02127081528306007
1777498908099386368,-0.001486283610574901,-0.01290666777640581,-0.02127180434763432
1777498908109331456,-0.001495471224188805,-0.01290442235767841,-0.02127276360988617
1777498908119257088,-0.001493469928391278,-0.01290324237197638,-0.02127387933433056
1777498908129163520,-0.001489603193476796,-0.0129004567861557,-0.02127156592905521
1777498908139050752,-0.001484298729337752,-0.01289908587932587,-0.02127040922641754
1777498908148918784,-0.001485391519963741,-0.01290085073560476,-0.02126837521791458
1777498908158767872,-0.001480907434597611,-0.01289705280214548,-0.02126703411340714
1777498908168597504,-0.001483905711211264,-0.01290172804147005,-0.02126787230372429
1777498908178412800,-0.001487043336965144,-0.01290448755025864,-0.02127001620829105
1777498908188211712,-0.001488217967562377,-0.01290781516581774,-0.02127252705395222
1777498908198220032,-0.001485430402681231,-0.0129129821434617,-0.02126800641417503
1777498908208438016,-0.001478594960644841,-0.01290502864867449,-0.02126103267073631
1777498908218636032,-0.001476698671467602,-0.01290734671056271,-0.02125965617597103
1777498908228815104,-0.001475427066907287,-0.01291178725659847,-0.02125920169055462
1777498908238974720,-0.001476687262766063,-0.0129145011305809,-0.02126032300293446
1777498908249114368,-0.001475820317864418,-0.01292177196592093,-0.02126056142151356
1777498908259234304,-0.001469942391850054,-0.01291860640048981,-0.02126217074692249
1777498908269334784,-0.001472499803639948,-0.01291674468666315,-0.02126171253621578
1777498908279415552,-0.001470807124860585,-0.01291836705058813,-0.02126352861523628
1777498908289476608,-0.001472861156798899,-0.0129204960539937,-0.02126331254839897
1777498908299518208,-0.001470167306251824,-0.01292230654507875,-0.02126235328614712
1777498908309542144,-0.00147409166675061,-0.01291937846690416,-0.02126297913491726
1777498908319547904,-0.001472804462537169,-0.01292619947344065,-0.02126236818730831
1777498908329534208,-0.001470258459448814,-0.01292098965495825,-0.02126342616975307
1777498908339501056,-0.001480507664382458,-0.01292521599680185,-0.0212634950876236
1777498908349448704,-0.001488165580667555,-0.0129251005128026,-0.02126879431307316
1777498908359376896,-0.00149243138730526,-0.0129256509244442,-0.02126537635922432
1777498908369285632,-0.001486350316554308,-0.01292470470070839,-0.0212650503963232
1777498908379175168,-0.001489095971919596,-0.01292314007878304,-0.02126872353255749
1777498908389045504,-0.001493889256380498,-0.01292815897613764,-0.02127072028815746
1777498908398897152,-0.001496406854130328,-0.01292525883764029,-0.02126871794462204
1777498908408729344,-0.00149487191811204,-0.01292186696082354,-0.02126633562147617
1777498908418542592,-0.001499119331128895,-0.01291090343147516,-0.02126998640596867
1777498908428336640,-0.001498847850598395,-0.01291236188262701,-0.02127134427428246
1777498908438111744,-0.001502882922068238,-0.01291831117123365,-0.02127174660563469
1777498908448330240,-0.001505397027358413,-0.01292063575237989,-0.02126931585371494
1777498908458528768,-0.001502738217823207,-0.01292091328650713,-0.02127040177583694
1777498908468707328,-0.001502525759860873,-0.01292076893150806,-0.02126883156597614
1777498908478866432,-0.00149946438614279,-0.01292205322533846,-0.0212694276124239
1777498908489005568,-0.001497651101090014,-0.01292486023157835,-0.02126758918166161
1777498908499124992,-0.001497402787208557,-0.01291975006461143,-0.02126763015985489
1777498908509226240,-0.001495331525802612,-0.01292616315186024,-0.02126386389136314
1777498908519307776,-0.001495934091508389,-0.01293197460472584,-0.02126714773476124
1777498908529370112,-0.001491380506195128,-0.01294045243412256,-0.02126522734761238
1777498908539413248,-0.001493233372457325,-0.01294757146388292,-0.02126652374863625
1777498908549436928,-0.00148579222150147,-0.01294840686023235,-0.02126570791006088
1777498908559441664,-0.001483642030507326,-0.01295478828251362,-0.02126677334308624
1777498908569426944,-0.001480196020565927,-0.01295767351984978,-0.02127082459628582
1777498908579393024,-0.001488546491600573,-0.01295393519103527,-0.02126595750451088
1777498908589340416,-0.001480591716244817,-0.01295737642794847,-0.02127076499164104
1777498908599268352,-0.001477514393627644,-0.01296016294509172,-0.0212702676653862
1777498908609177088,-0.001479242229834199,-0.01296445913612843,-0.02127806097269058
1777498908619066624,-0.001477634184993804,-0.01297123357653618,-0.02128449454903603
1777498908628936704,-0.001479494036175311,-0.01297096628695726,-0.02128523215651512
1777498908638787840,-0.001482990337535739,-0.01297313813120127,-0.02128126285970211
1777498908648619520,-0.001489641261287034,-0.01297247316688299,-0.02128352969884872
1777498908658432512,-0.001491149421781301,-0.01297402940690517,-0.02128939144313335
1777498908668233472,-0.001493499265052378,-0.01297133043408394,-0.02129330672323704
1777498908678015488,-0.001493416377343237,-0.01296848803758621,-0.02129503712058067
1777498908688234752,-0.001496019074693322,-0.01296559069305658,-0.02129857428371906
1777498908698434560,-0.001493697753176093,-0.01296311058104038,-0.02130177430808544
1777498908708614912,-0.001501453691162169,-0.01296832505613565,-0.02130571939051151
1777498908718776320,-0.001503344159573317,-0.01296993810683489,-0.02130143344402313
1777498908728918016,-0.001497002318501472,-0.0129691818729043,-0.02130074799060822
1777498908739039744,-0.001494905329309404,-0.01296687498688698,-0.02129765227437019
1777498908749141760,-0.001490087597630918,-0.01296902168542147,-0.02129860408604145
1777498908759223808,-0.001483930391259491,-0.01297159399837255,-0.02130229957401752
1777498908769286656,-0.001479979138821363,-0.01297158002853394,-0.02130123414099216
1777498908779329792,-0.00149088550824672,-0.01297740079462528,-0.02129773981869221
1777498908789353472,-0.001488154288381338,-0.01296918652951717,-0.02129805274307728
1777498908799358208,-0.001488785841502249,-0.01296962238848209,-0.02130266837775707
1777498908809342976,-0.001492835348471999,-0.01296823937445879,-0.02129937708377838
1777498908819310336,-0.001496286131441593,-0.01296741329133511,-0.02130083926022053
1777498908829260032,-0.001497091841883957,-0.01296151522547007,-0.02130809240043163
1777498908839190528,-0.001496921177022159,-0.01296122092753649,-0.02130482532083988
1777498908849101568,-0.001493533956818283,-0.01296443026512861,-0.02130351960659027
1777498908858993152,-0.001492707640863955,-0.01296757068485022,-0.02130081318318844
1777498908868865792,-0.00148641224950552,-0.01297402195632458,-0.0213018748909235
1777498908878718976,-0.00148936384357512,-0.01297167874872684,-0.02130241133272648
1777498908888552960,-0.00149102252908051,-0.01297073159366846,-0.02130682952702045
1777498908898367744,-0.00149438064545393,-0.01296826638281345,-0.0213098581880331
1777498908908163584,-0.001499747158959508,-0.01297053322196007,-0.02131247892975807
1777498908917940480,-0.001495662960223854,-0.01296180859208107,-0.02131154574453831
1777498908928165888,-0.001502028899267316,-0.01296162512153387,-0.02131207473576069
1777498908938371328,-0.001504425192251801,-0.01296247355639935,-0.0213115718215704
1777498908948556800,-0.001507770153693855,-0.01296763960272074,-0.02130620740354061
1777498908958723072,-0.001508183660916984,-0.01296638045459986,-0.02130356803536415
1777498908968869632,-0.001504549174569547,-0.01296863611787558,-0.02130509167909622
1777498908978996992,-0.001505674328655005,-0.01296951249241829,-0.02130448259413242
1777498908989104384,-0.00149830209556967,-0.01297337561845779,-0.02130475826561451
1777498908999192320,-0.001501490361988544,-0.01296974252909422,-0.02130822837352753
1777498909009260288,-0.001488643116317689,-0.01297393720597029,-0.02131300419569016
1777498909019308544,-0.00148706033360213,-0.01297685969620943,-0.02131549641489983
1777498909029337344,-0.001481405459344387,-0.01297778077423573,-0.0213158093392849
1777498909039347456,-0.001480247708968818,-0.01298162154853344,-0.02131966128945351
1777498909049338112,-0.001477447571232915,-0.01297683827579021,-0.02131796255707741
1777498909059312128,-0.00147471611853689,-0.01298127043992281,-0.02131439186632633
1777498909069267200,-0.001477677375078201,-0.01298240665346384,-0.02131428569555283
1777498909079203072,-0.001480138394981623,-0.0129796490073204,-0.02131541445851326
1777498909089119488,-0.00148474401794374,-0.01297797076404095,-0.02131482772529125
1777498909099016704,-0.001485056825913489,-0.01297451369464397,-0.02132160216569901
1777498909108894464,-0.001481970422901213,-0.0129720363765955,-0.0213244054466486
1777498909118753280,-0.001484751352109015,-0.01296956092119217,-0.02132383361458778
1777498909128592640,-0.001489090733230114,-0.01297071110457182,-0.0213231835514307
1777498909138413568,-0.001494649797677994,-0.01297108642756939,-0.02131863497197628
1777498909148215296,-0.001501250313594937,-0.01297331508249044,-0.02132180705666542
1777498909157997824,-0.001501927385106683,-0.01297465246170759,-0.02131765149533749
1777498909168232960,-0.001506154425442219,-0.01296853087842464,-0.02132218144834042
1777498909178448640,-0.001504428219050169,-0.01297259423881769,-0.02131876535713673
1777498909188644864,-0.001507601700723171,-0.01297974120825529,-0.02131620608270168
1777498909198821376,-0.001515954034402966,-0.01297597121447325,-0.02132158912718296
1777498909208978432,-0.001514687668532133,-0.01298116892576218,-0.02132450230419636
1777498909219116288,-0.001519173150882125,-0.01297965738922358,-0.02133135683834553
1777498909229235200,-0.00151113688480109,-0.01297634746879339,-0.02132497169077396
1777498909239334656,-0.001508170505985618,-0.01297809928655624,-0.02132919430732727
1777498909249414656,-0.001506461063399911,-0.01298184506595135,-0.02133209444582462
1777498909259474944,-0.001503598759882152,-0.01298229862004519,-0.02133245952427387
1777498909269516032,-0.001501183491200209,-0.01298956759274006,-0.02133630216121674
1777498909279537408,-0.001501504215411842,-0.01298774126917124,-0.02133599296212196
1777498909289539328,-0.001500823185779154,-0.01297946274280548,-0.02133694663643837
1777498909299522048,-0.001494569587521255,-0.01298299711197615,-0.02133534289896488
1777498909309485824,-0.001497033750638366,-0.01298593729734421,-0.0213349424302578
1777498909319430144,-0.001497408142313361,-0.01298588141798973,-0.02133863233029842
1777498909329355008,-0.00149512744974345,-0.01298613101243973,-0.0213376060128212
1777498909339260672,-0.001496680895797908,-0.01298691611737013,-0.02132860757410526
1777498909349147136,-0.001499770325608552,-0.0129895331338048,-0.02132132463157177
1777498909359018752,-0.00150513683911413,-0.01297918241471052,-0.0213189609348774
1777498909368871680,-0.001507704728282988,-0.0129815861582756,-0.02132348343729973
1777498909378705408,-0.001511735958047211,-0.01297975331544876,-0.0213231984525919
1777498909388520192,-0.001513482653535903,-0.01297785528004169,-0.02132758125662804
1777498909398316032,-0.001518944627605379,-0.01298444718122482,-0.02133406512439251
1777498909408322048,-0.001526141772046685,-0.01298514474183321,-0.02133365906774998
1777498909418537984,-0.001528508029878139,-0.0129883186891675,-0.02133619599044323
1777498909428733952,-0.001520269899629056,-0.01298405975103378,-0.02133644931018353
1777498909438910720,-0.001510675065219402,-0.01298552472144365,-0.02133537642657757
1777498909449068288,-0.00151535018812865,-0.01298789400607347,-0.02133959159255028
1777498909459205888,-0.001522041391581297,-0.01298913732171059,-0.02134540118277073
1777498909469323776,-0.001523856772109866,-0.01299181301146746,-0.02134746126830578
1777498909479421952,-0.001522296690382063,-0.01299465727061033,-0.02134703099727631
1777498909489500416,-0.00151045632082969,-0.01300604920834303,-0.02134349383413792
1777498909499559168,-0.001506235916167498,-0.01300560403615236,-0.02134957909584045
1777498909509598464,-0.001511619659140706,-0.0130077600479126,-0.02135508693754673
1777498909519618048,-0.00151527370326221,-0.01301150396466255,-0.02135962247848511
1777498909529618176,-0.001514513045549393,-0.01301452983170748,-0.0213609728962183
1777498909539599104,-0.001519314246252179,-0.01302027422934771,-0.02136415988206863
1777498909549560320,-0.001521740923635662,-0.01301913056522608,-0.02136294916272163
1777498909559502080,-0.001520739169791341,-0.0130193680524826,-0.02136530913412571
1777498909569428992,-0.00152094813529402,-0.01301136519759893,-0.02136343158781528
1777498909579336704,-0.001521981088444591,-0.01301057916134596,-0.02136190049350262
1777498909589224960,-0.001516729826107621,-0.01301007997244596,-0.02136586979031563
1777498909599093760,-0.001514775794930756,-0.0130141843110323,-0.02136649377644062
1777498909608943872,-0.001511511043645442,-0.01301736757159233,-0.02136539481580257
1777498909618774528,-0.001515651005320251,-0.01302352920174599,-0.02136738784611225
1777498909628585984,-0.001511246897280216,-0.01301965117454529,-0.02137220837175846
1777498909638378496,-0.001507826731540263,-0.01301217265427113,-0.02137133851647377
1777498909648383488,-0.001517033204436302,-0.01301743928343058,-0.02137102372944355
1777498909658599680,-0.001513189054094255,-0.01302581466734409,-0.02137361466884613
1777498909668796416,-0.001515468931756914,-0.01302417926490307,-0.02137105725705624
1777498909678973696,-0.001511990674771369,-0.0130248200148344,-0.02136957459151745
1777498909689131008,-0.001511043054051697,-0.01302996277809143,-0.02136828005313873
1777498909699268608,-0.00151295040268451,-0.01303279120475054,-0.02136752940714359
1777498909709386496,-0.001510865404270589,-0.01303358469158411,-0.02136856876313686
1777498909719484672,-0.001510862144641578,-0.01303449925035238,-0.02136794291436672
1777498909729563136,-0.00151586311403662,-0.01303287036716938,-0.02137129753828049
1777498909739622144,-0.001512296381406486,-0.01302831992506981,-0.02136722020804882
1777498909749664512,-0.001509437686763704,-0.01302982121706009,-0.02136360108852386
1777498909759687680,-0.001504092942923307,-0.01303538959473372,-0.02136343717575073
1777498909769691648,-0.001505190157331526,-0.01304033119231462,-0.02136198990046978
1777498909779676160,-0.001502504339441657,-0.01304680947214365,-0.02135879173874855
1777498909789641728,-0.001504891784861684,-0.01304908189922571,-0.02135780453681946
1777498909799587840,-0.001498661935329437,-0.01305522117763758,-0.02136169001460075
1777498909809514496,-0.001504775136709213,-0.01305511593818665,-0.0213639922440052
1777498909819421952,-0.001508450834080577,-0.01304928958415985,-0.0213650930672884
1777498909829310976,-0.001504928339272738,-0.01305227167904377,-0.02136365324258804
1777498909839180800,-0.00150180293712765,-0.01304919272661209,-0.021370654925704
1777498909849031680,-0.00150037556886673,-0.0130531694740057,-0.02137374691665173
1777498909858863360,-0.001499442383646965,-0.01305252406746149,-0.02137545868754387
1777498909868675840,-0.001497808028943837,-0.01305270101875067,-0.02137508429586887
1777498909878469376,-0.001502069528214633,-0.01305089890956879,-0.02137185446918011
1777498909888475904,-0.001500154845416546,-0.01305218134075403,-0.02137469686567783
1777498909898694400,-0.0014963005669415,-0.01305154897272587,-0.02137484960258007
1777498909908892928,-0.001505088992416859,-0.01305314712226391,-0.02137269079685211
1777498909919072512,-0.00149673072155565,-0.01305605191737413,-0.02137062139809132
1777498909929232384,-0.001501560211181641,-0.01305576041340828,-0.02136803232133389
1777498909939372800,-0.001503464998677373,-0.01305818557739258,-0.0213660579174757
1777498909949493504,-0.001506362110376358,-0.01305955182760954,-0.0213694553822279
1777498909959595008,-0.001504173851571977,-0.01305655762553215,-0.02137069776654243
1777498909969676800,-0.001504591898992658,-0.01305347494781017,-0.02137008309364319
1777498909979738880,-0.001509933383204043,-0.01305244956165552,-0.0213659331202507
1777498909989781248,-0.001508924760855734,-0.0130500877276063,-0.02136301621794701
1777498909999806720,-0.001508391927927732,-0.01305091753602028,-0.02136855199933052
1777498910009814528,-0.001510235713794827,-0.01305296923965216,-0.02136642672121525
1777498910019803136,-0.001503341598436236,-0.01305519044399261,-0.02136632427573204
1777498910029772288,-0.0015053452225402,-0.01305277179926634,-0.02136704325675964
1777498910039722240,-0.001505731721408665,-0.01305188611149788,-0.02137364260852337
1777498910049652992,-0.001504585845395923,-0.01305123046040535,-0.0213786531239748
1777498910059564544,-0.001502182916738093,-0.01305284723639488,-0.02137975767254829
1777498910069456896,-0.001495864242315292,-0.01304992381483316,-0.02138342335820198
1777498910079330304,-0.0014837512280792,-0.01305120065808296,-0.02137923054397106
1777498910089184768,-0.001485348562709987,-0.01304957177489996,-0.02137970738112926
1777498910099020288,-0.001479846308939159,-0.01304636802524328,-0.02137954719364643
1777498910108836608,-0.001482822000980377,-0.01304810773581266,-0.02138146013021469
1777498910118633984,-0.001478869467973709,-0.01304478105157614,-0.02138007991015911
1777498910128412160,-0.001471331692300737,-0.0130409449338913,-0.0213757362216711
1777498910138630656,-0.001470021437853575,-0.01304034981876612,-0.02137625403702259
1777498910148829696,-0.001470475923269987,-0.01303928717970848,-0.0213711354881525
1777498910159009792,-0.001474909484386444,-0.01304427348077297,-0.02137566916644573
1777498910169170688,-0.001471381168812513,-0.01303694397211075,-0.02137458696961403
1777498910179311616,-0.001475337543524802,-0.01303908508270979,-0.02137201279401779
1777498910189433344,-0.00147415604442358,-0.01304326578974724,-0.02136848308146
1777498910199535360,-0.001476222649216652,-0.01304439548403025,-0.02136800438165665
1777498910209618176,-0.00147659401409328,-0.01304102502763271,-0.02137402258813381
1777498910219681024,-0.001479637110605836,-0.01303615886718035,-0.02137733437120914
1777498910229724160,-0.001480715116485953,-0.0130383251234889,-0.02137897908687592
1777498910239751936,-0.001484884996898472,-0.01303909998387098,-0.02138316631317139
1777498910249760000,-0.001489301677793264,-0.01303822640329599,-0.021383136510849
1777498910259748864,-0.001494495314545929,-0.01303974725306034,-0.02138427831232548
1777498910269718272,-0.001494784955866635,-0.01304318569600582,-0.02137734554708004
1777498910279668736,-0.001494020572863519,-0.01304781064391136,-0.02138377539813519
1777498910289600000,-0.001486000488512218,-0.0130533454939723,-0.02138428948819637
1777498910299511808,-0.001483229920268059,-0.01305321138352156,-0.02138449996709824
1777498910309404416,-0.001490764203481376,-0.01305792387574911,-0.02138328552246094
1777498910319278336,-0.001493807882070541,-0.01305354479700327,-0.02138481661677361
1777498910329133568,-0.001492651179432869,-0.01305372081696987,-0.02138545177876949
1777498910338969088,-0.00148869282566011,-0.0130499517545104,-0.02139175496995449
1777498910348785664,-0.001483670203015208,-0.01304938457906246,-0.0213964506983757
1777498910358583296,-0.001481216633692384,-0.01304696127772331,-0.02139943838119507
1777498910368361728,-0.001481505110859871,-0.01305276528000832,-0.02140076644718647
1777498910378586624,-0.00149042927660048,-0.0130495261400938,-0.02139942161738873
1777498910388791552,-0.001493471791036427,-0.01304306648671627,-0.02139912359416485
1777498910398977280,-0.001498155761510134,-0.01304212491959333,-0.02139935828745365
1777498910409144064,-0.001502180239185691,-0.01303951442241669,-0.0213989969342947
1777498910419291136,-0.001503278152085841,-0.01303507015109062,-0.02139905653893948
1777498910429418496,-0.001508276793174446,-0.01304002571851015,-0.02139552682638168
1777498910439526400,-0.001505957683548331,-0.01303671393543482,-0.02139371633529663
1777498910449614592,-0.001504766172729433,-0.01303319446742535,-0.02139602974057198
1777498910459683328,-0.001508300541900098,-0.01302922517061234,-0.02139515057206154
1777498910469732608,-0.001507046166807413,-0.01302626822143793,-0.02140108309686184
1777498910479762432,-0.001510440954007208,-0.01302102580666542,-0.02140582539141178
1777498910489774848,-0.001507200067862868,-0.01303205359727144,-0.02140618488192558
1777498910499769600,-0.001505351974628866,-0.01303151156753302,-0.02140677347779274
1777498910509745152,-0.001506467116996646,-0.01302491500973701,-0.02140921168029308
1777498910519700992,-0.001505107386037707,-0.01301941927522421,-0.02140975557267666
1777498910529637376,-0.001507361768744886,-0.01301436685025692,-0.02141027338802814
1777498910539554560,-0.001513150637038052,-0.0130165833979845,-0.02141065709292889
1777498910549452288,-0.001509653520770371,-0.01301613729447126,-0.02141284011304379
1777498910559330816,-0.001503623439930379,-0.01301433239132166,-0.02140955626964569
1777498910569190144,-0.001505582709796727,-0.01301948353648186,-0.02141070552170277
1777498910579030528,-0.001500006532296538,-0.01302375365048647,-0.02141298539936543
1777498910588851968,-0.001501802471466362,-0.01301445066928864,-0.02141284011304379
1777498910598654464,-0.001498462981544435,-0.01301134750247002,-0.02141065523028374
1777498910608437248,-0.001492632669396698,-0.01301348023116589,-0.02141191624104977
1777498910618432000,-0.00149573408998549,-0.01301231235265732,-0.02141493372619152
1777498910628638208,-0.001495932112447917,-0.01301184482872486,-0.0214177668094635
1777498910638824704,-0.001498729339800775,-0.01300727110356092,-0.02141633629798889
1777498910648992000,-0.001496671000495553,-0.01300318166613579,-0.021412318572402
1777498910659139584,-0.001493628486059606,-0.01299957931041718,-0.02141269855201244
1777498910669267456,-0.00149071728810668,-0.0129971569404006,-0.02141134440898895
1777498910679377408,-0.001484777894802392,-0.01298708468675613,-0.0214131660759449
1777498910689467392,-0.001492858165875077,-0.01298372261226177,-0.02141061052680016
1777498910699538176,-0.001493145013228059,-0.01298320665955544,-0.02140733413398266
1777498910709589504,-0.001493864110670984,-0.01299030054360628,-0.02140983566641808
1777498910719621632,-0.001494684722274542,-0.01298909727483988,-0.02141367830336094
1777498910729634048,-0.001495223492383957,-0.0129849361255765,-0.02141179889440536
1777498910739627264,-0.001500497455708683,-0.01297604199498892,-0.02140776999294758
1777498910749601024,-0.001502675004303455,-0.01297969557344913,-0.02140509150922298
1777498910759556096,-0.001510951085947454,-0.01298186182975769,-0.02140161953866482
1777498910769491968,-0.001504854764789343,-0.01297945808619261,-0.02140688709914684
1777498910779408128,-0.001510027097538114,-0.01297510787844658,-0.0214112401008606
1777498910789304832,-0.001516418298706412,-0.0129678025841713,-0.02140478603541851
1777498910799182592,-0.00151819468010217,-0.01296817790716887,-0.0214034877717495
1777498910809041152,-0.001521252444945276,-0.01296910084784031,-0.02140039764344692
1777498910818880768,-0.001526832929812372,-0.0129696624353528,-0.02140500582754612
1777498910828701696,-0.001529048080556095,-0.01296614203602076,-0.02140853740274906
1777498910838511360,-0.001524130464531481,-0.01297109574079514,-0.02141102030873299
1777498910848301824,-0.001520946738310158,-0.01297012157738209,-0.02140755951404572
1777498910858305024,-0.001521021476946771,-0.01296955998986959,-0.02141052484512329
1777498910868520704,-0.001512297545559704,-0.01296356506645679,-0.02141233906149864
1777498910878716416,-0.001515373587608337,-0.01295522414147854,-0.02141135558485985
1777498910888892160,-0.001516220741905272,-0.01295078452676535,-0.02140867151319981
1777498910899048192,-0.001522388076409698,-0.01294470019638538,-0.02140148356556892
1777498910909184512,-0.001520102145150304,-0.0129443071782589,-0.02140271104872227
1777498910919301888,-0.001526878564618528,-0.01293948478996754,-0.02139987237751484
1777498910929400832,-0.001529803965240717,-0.01292324997484684,-0.0213995948433876
1777498910939480064,-0.00152495363727212,-0.01292464323341846,-0.02140346355736256
1777498910949539840,-0.001529895002022386,-0.01292737759649754,-0.02140461467206478
1777498910959580160,-0.00152667029760778,-0.01292783115059137,-0.0214017853140831
1777498910969601024,-0.001520199817605317,-0.01292723789811134,-0.02140403725206852
1777498910979602432,-0.001522075734101236,-0.01293655950576067,-0.0214054137468338
1777498910989584128,-0.001525548519566655,-0.01293897535651922,-0.02140820026397705
1777498910999546624,-0.001528148772194982,-0.01294353511184454,-0.02141100540757179
1777498911009490432,-0.001520646968856454,-0.01294768135994673,-0.0214102528989315
1777498911019415040,-0.001520895282737911,-0.0129456976428628,-0.0214097797870636
1777498911029320448,-0.001525627681985497,-0.01294831465929747,-0.02141046337783337
1777498911039206400,-0.001528098015114665,-0.01294817309826612,-0.02141118794679642
1777498911049073152,-0.001531011774204671,-0.01294752024114132,-0.02141053043305874
1777498911058920704,-0.001531795598566532,-0.01294879335910082,-0.02140968106687069
1777498911068749056,-0.001537046162411571,-0.01295826677232981,-0.0214059054851532
1777498911078558720,-0.00153440935537219,-0.01296242699027061,-0.02140472084283829
1777498911088349952,-0.001536126714199781,-0.0129639133810997,-0.02141051180660725
1777498911098354176,-0.001539557008072734,-0.01296508777886629,-0.02140644937753677
1777498911108571136,-0.001540166791528463,-0.01296629291027784,-0.02140440046787262
1777498911118768128,-0.001535278395749629,-0.01296665985137224,-0.02140271291136742
1777498911128945152,-0.001529249828308821,-0.01296197809278965,-0.02140220254659653
1777498911139102720,-0.001533481990918517,-0.01295883301645517,-0.02140202187001705
1777498911149241088,-0.001532600959762931,-0.01295747607946396,-0.02139775641262531
1777498911159359744,-0.001525195082649589,-0.01295700296759605,-0.02139792032539845
1777498911169458688,-0.001518898759968579,-0.01295766793191433,-0.02140362374484539
1777498911179538176,-0.001520606107078493,-0.01295783650130033,-0.02140473388135433
1777498911189598208,-0.001523917773738503,-0.01295360736548901,-0.02140767686069012
1777498911199638528,-0.001528539112769067,-0.01295703463256359,-0.02140647172927856
1777498911209659392,-0.001529525732621551,-0.01295752171427011,-0.02140898257493973
1777498911219661312,-0.001527316635474563,-0.01295260433107615,-0.02140865102410316
1777498911229644544,-0.001528798253275454,-0.01295192912220955,-0.02141002006828785
1777498911239608064,-0.001525972736999393,-0.01295442599803209,-0.02141282707452774
1777498911249552384,-0.001524608233012259,-0.01295296661555767,-0.02141602709889412
1777498911259477248,-0.001524770748801529,-0.01294806227087975,-0.02141899056732655
1777498911269382656,-0.001524320221506059,-0.0129549615085125,-0.02142097428441048
1777498911279268608,-0.001533385715447366,-0.01295477617532015,-0.02141832374036312
1777498911289135616,-0.001531629473902285,-0.01295427698642015,-0.0214138850569725
1777498911298983680,-0.001530903857201338,-0.01295279245823622,-0.02141495794057846
1777498911308813312,-0.001529645756818354,-0.01296012289822102,-0.02141287177801132
1777498911318623488,-0.001527525018900633,-0.01296215876936913,-0.02141254022717476
1777498911328414720,-0.001530523528344929,-0.0129610812291503,-0.02141371928155422
1777498911338186752,-0.001529678585939109,-0.01295983046293259,-0.02141180820763111
1777498911348405248,-0.001527548767626286,-0.01295735780149698,-0.02141368575394154
1777498911358603776,-0.001524178544059396,-0.01295536942780018,-0.02141271717846394
1777498911368782336,-0.00152501929551363,-0.01295619551092386,-0.02141141146421432
1777498911378941440,-0.001521797617897391,-0.01295660901814699,-0.02141263149678707
1777498911389081600,-0.001517652883194387,-0.01295479014515877,-0.02141563221812248
1777498911399202304,-0.001516776741482317,-0.01295743882656097,-0.02141380310058594
1777498911409303296,-0.001520219841040671,-0.01294961012899876,-0.02141470462083817
1777498911419384832,-0.001521403435617685,-0.01294917706400156,-0.02141326293349266
1777498911429446656,-0.001519651152193546,-0.01294673606753349,-0.02140893042087555
1777498911439489024,-0.001522906124591827,-0.01294683013111353,-0.02140622586011887
1777498911449511680,-0.001525894505903125,-0.01294155977666378,-0.02140679955482483
1777498911459515392,-0.001525194384157658,-0.01294068992137909,-0.02140479534864426
1777498911469499904,-0.001527256681583822,-0.01293590944260359,-0.02140598371624947
1777498911479465216,-0.001525761093944311,-0.0129384221509099,-0.02140657976269722
1777498911489411072,-0.001525407074950635,-0.01294375862926245,-0.02140890806913376
1777498911499339520,-0.00152624468319118,-0.0129420580342412,-0.02140542306005955
1777498911509250816,-0.00152461149264127,-0.01293783076107502,-0.02140230126678944
1777498911519142912,-0.001518126577138901,-0.0129394568502903,-0.02140144817531109
1777498911529016064,-0.001525533501990139,-0.0129398824647069,-0.02139553427696228
1777498911538869760,-0.001521969214081764,-0.0129403080791235,-0.02139752544462681
1777498911548704768,-0.001526074483990669,-0.01293973065912724,-0.02139647118747234
1777498911558520064,-0.00152659451123327,-0.01293965801596642,-0.02139873988926411
1777498911568316416,-0.001524148043245077,-0.01293868944048882,-0.02140171080827713
1777498911578094080,-0.001520440448075533,-0.01293973624706268,-0.02140617184340954
1777498911588313344,-0.00151888036634773,-0.01294171065092087,-0.0214088074862957
1777498911598512640,-0.001516399788670242,-0.01294130552560091,-0.02140817977488041
1777498911608691968,-0.001513862633146346,-0.0129385506734252,-0.02140695229172707
1777498911618851584,-0.001510229427367449,-0.01294273138046265,-0.02140792645514011
1777498911628992000,-0.001497261342592537,-0.01294090878218412,-0.02140606939792633
1777498911639112704,-0.001496516051702201,-0.01293605100363493,-0.02140642143785954
1777498911649213440,-0.001500014099292457,-0.01293646451085806,-0.02140658162534237
1777498911659294720,-0.001498830039054155,-0.01293640956282616,-0.02139896526932716
1777498911669356288,-0.001499652280472219,-0.01293227821588516,-0.02140236273407936
1777498911679398144,-0.00150384264998138,-0.01293016411364079,-0.02140647545456886
1777498911689420544,-0.001503432169556618,-0.01292761694639921,-0.02140853554010391
1777498911699423744,-0.001504383981227875,-0.01292050443589687,-0.02140858955681324
1777498911709407232,-0.00150486221536994,-0.01292126905173063,-0.02140600606799126
1777498911719371520,-0.001503501436673105,-0.01291858125478029,-0.02140484377741814
1777498911729316352,-0.001503710052929819,-0.01292332075536251,-0.02140839584171772
1777498911739241472,-0.001508349669165909,-0.01292474661022425,-0.02140799723565578
1777498911749147392,-0.001512920716777444,-0.01292219199240208,-0.02140775509178638
1777498911759033600,-0.001519422978162766,-0.01292174961417913,-0.02140572480857372
1777498911768900352,-0.001518528442829847,-0.01291288528591394,-0.02140852250158787
1777498911778751744,-0.001521045342087746,-0.01291301473975182,-0.0214050505310297
1777498911788587776,-0.001519028446637094,-0.01291006524115801,-0.02140295878052711
1777498911798404608,-0.001518561854027212,-0.01291233953088522,-0.0214032270014286
1777498911808202496,-0.001519443118013442,-0.01290846988558769,-0.02140671946108341
1777498911817981696,-0.001519013778306544,-0.01290420815348625,-0.02140469290316105
1777498911828207360,-0.001518025645054877,-0.01290021371096373,-0.02139959670603275
1777498911838413568,-0.001519190380349755,-0.01289714500308037,-0.02139916457235813
1777498911848600064,-0.001513191149570048,-0.01290076225996017,-0.02140793763101101
1777498911858767360,-0.001509769703261554,-0.01289763581007719,-0.0214055385440588
1777498911868914688,-0.001507652457803488,-0.01289101596921682,-0.02140730433166027
1777498911879042560,-0.001507976907305419,-0.01289191003888845,-0.02140250988304615
1777498911889150720,-0.001513572409749031,-0.01288941968232393,-0.02140173502266407
1777498911899239424,-0.001514159725047648,-0.01288860570639372,-0.0214008204638958
1777498911909308160,-0.001516230404376984,-0.01289232820272446,-0.02140101604163647
1777498911919357184,-0.00150602066423744,-0.01289932616055012,-0.02140366286039352
1777498911929386752,-0.001507402746938169,-0.01289484184235334,-0.02140610478818417
1777498911939397376,-0.001503415289334953,-0.01290018297731876,-0.0214095264673233
1777498911949388288,-0.001501806546002626,-0.01289535965770483,-0.02140927128493786
1777498911959361536,-0.001502207713201642,-0.01289268489927053,-0.02140703611075878
1777498911969316864,-0.001498198718763888,-0.0128846624866128,-0.02140737883746624
1777498911979252992,-0.001495950156822801,-0.01289034727960825,-0.02141078375279903
1777498911989169664,-0.00148967164568603,-0.01288986951112747,-0.02140918374061584
1777498911999066880,-0.001484836800955236,-0.01289485581219196,-0.02141034603118896
1777498912008944896,-0.001482481486164033,-0.01289759669452906,-0.02140980027616024
1777498912018803968,-0.001492779003456235,-0.01289412006735802,-0.02141223661601543
1777498912028643328,-0.001496851327829063,-0.01289285626262426,-0.02140973880887032
1777498912038463744,-0.001488980487920344,-0.01289359387010336,-0.02141081914305687
1777498912048265216,-0.001490309019573033,-0.01289681438356638,-0.02141157351434231
1777498912058047744,-0.001488386653363705,-0.01290079858154058,-0.02141096070408821
1777498912068274176,-0.001485983259044588,-0.0128998477011919,-0.02141064964234829
1777498912078480896,-0.001484874170273542,-0.01290832087397575,-0.02141252160072327
1777498912088667648,-0.001487277448177338,-0.01290875673294067,-0.02141969092190266
1777498912098834688,-0.001488458015955985,-0.01291229948401451,-0.02141460031270981
1777498912108983296,-0.001479623257182539,-0.01290822774171829,-0.02141615748405457
1777498912119112448,-0.001476772711612284,-0.01290349662303925,-0.02141737565398216
1777498912129221632,-0.001478553633205593,-0.01290171500295401,-0.02141331322491169
1777498912139311360,-0.001480582403019071,-0.01290558185428381,-0.02141128480434418
1777498912149381888,-0.001483365776948631,-0.01290487311780453,-0.02141151949763298
1777498912159432448,-0.001483081374317408,-0.01290291920304298,-0.02140705846250057
1777498912169463552,-0.001484257867559791,-0.01290002558380365,-0.02140726707875729
1777498912179475200,-0.001491972361691296,-0.01289897877722979,-0.02140720002353191
1777498912189469696,-0.001492995768785477,-0.01290219090878963,-0.02140508964657784
1777498912199446272,-0.001495147589594126,-0.01290876977145672,-0.02140306495130062
1777498912209403648,-0.001488641835749149,-0.01290932949632406,-0.02140566147863865
1777498912219341568,-0.001486162538640201,-0.01291602849960327,-0.02140657603740692
1777498912229260288,-0.001487770234234631,-0.01292066276073456,-0.02140598557889462
1777498912239160832,-0.001484000822529197,-0.01292358059436083,-0.02140376344323158
1777498912249041920,-0.00148105900734663,-0.01292382273823023,-0.02140613831579685
1777498912258903808,-0.001481778104789555,-0.01291661616414785,-0.02140777744352818
1777498912268746752,-0.001479782280512154,-0.01290939655154943,-0.02141429483890533
1777498912278571008,-0.00147829600609839,-0.01290623284876347,-0.02141453325748444
1777498912288376064,-0.001475680852308869,-0.01290006190538406,-0.02141636423766613
1777498912298162176,-0.001476021599955857,-0.0129011245444417,-0.02141658216714859
1777498912308163584,-0.001482459250837564,-0.01290452014654875,-0.02141273207962513
1777498912318379520,-0.001477628597058356,-0.01290178392082453,-0.02141702361404896
1777498912328575488,-0.001477812533266842,-0.01290301699191332,-0.02141414023935795
1777498912338752768,-0.001471735653467476,-0.01290084794163704,-0.02141673304140568
1777498912348910336,-0.001472375472076237,-0.01290391758084297,-0.02141456678509712
1777498912359048448,-0.001469885348342359,-0.01289846934378147,-0.02141068316996098
1777498912369166592,-0.001471572672016919,-0.01289963442832232,-0.02141101285815239
1777498912379265024,-0.001469650072976947,-0.01290236320346594,-0.02140467800199986
1777498912389343744,-0.001470405026338995,-0.01290363166481256,-0.02140453457832336
1777498912399402496,-0.001472005737014115,-0.01290471199899912,-0.02140448242425919
1777498912409441536,-0.001468436908908188,-0.01289809495210648,-0.02140693739056587
1777498912419461376,-0.001469313981942832,-0.01290125213563442,-0.02140550501644611
1777498912429461248,-0.001469520502723753,-0.01290963776409626,-0.02140740863978863
1777498912439442176,-0.001470382907427847,-0.01290997583419085,-0.02140975743532181
1777498912449403136,-0.001465371111407876,-0.01290193479508162,-0.02141157165169716
1777498912459344896,-0.001470441347919405,-0.01289730705320835,-0.0214132945984602
1777498912469271040,-0.001472346484661102,-0.01290031336247921,-0.02140977419912815
1777498912479177984,-0.001466076704673469,-0.01290457788854837,-0.02141007035970688
1777498912489065728,-0.001463245716877282,-0.01290712598711252,-0.02140430174767971
1777498912498934016,-0.00145919353235513,-0.01290869526565075,-0.02140620350837708
1777498912508783360,-0.001459641731344163,-0.01291256584227085,-0.02140962332487106
1777498912518613248,-0.001459595048800111,-0.0129145048558712,-0.02140400744974613
1777498912528423680,-0.001449822331778705,-0.01291306503117085,-0.02140330523252487
1777498912538214912,-0.001452000695280731,-0.01291441638022661,-0.02139611914753914
1777498912548219392,-0.001443435321561992,-0.01291467621922493,-0.02139401622116566
1777498912558435840,-0.001440722844563425,-0.01291465293616056,-0.02139178104698658
1777498912568632320,-0.001438343781046569,-0.01292194426059723,-0.02138684317469597
1777498912578809344,-0.001438013627193868,-0.01292782835662365,-0.02138646319508553
1777498912588966912,-0.001440013060346246,-0.01292939484119415,-0.02138744108378887
1777498912599104768,-0.001436841790564358,-0.01292817387729883,-0.02139203995466232
1777498912609222656,-0.001436191378161311,-0.0129289124161005,-0.02139186859130859
1777498912619321344,-0.001435129903256893,-0.01292512565851212,-0.02138996683061123
1777498912629400320,-0.001433608238585293,-0.01292589399963617,-0.02138541080057621
1777498912639459840,-0.001434763893485069,-0.01293272245675325,-0.02138707786798477
1777498912649499904,-0.001439532963559031,-0.01292876433581114,-0.02139275334775448
1777498912659523584,-0.001437070430256426,-0.01292304694652557,-0.02139041014015675
1777498912669528064,-0.001434481469914317,-0.0129267955198884,-0.02138817869126797
1777498912679513088,-0.001440144493244588,-0.01292495150119066,-0.021386893466115
1777498912689478656,-0.001440101535990834,-0.01292177382856607,-0.02138657681643963
1777498912699425024,-0.001438551698811352,-0.01292048767209053,-0.02139291726052761
1777498912709351936,-0.001436845283024013,-0.01292109489440918,-0.02139241248369217
1777498912719259648,-0.001434349338524044,-0.01292632706463337,-0.02139096334576607
1777498912729148672,-0.001429685158655047,-0.01293114945292473,-0.02139357849955559
1777498912739018240,-0.001439693616703153,-0.01293358765542507,-0.02139512076973915
1777498912748868608,-0.001442883047275245,-0.01294210739433765,-0.02139595150947571
1777498912758699776,-0.001443362096324563,-0.01294825598597527,-0.02139616385102272
1777498912768512000,-0.001444867928512394,-0.01294335722923279,-0.02139424160122871
1777498912778304768,-0.001438652048818767,-0.01293915417045355,-0.02139717526733875
1777498912788310272,-0.001434109639376402,-0.01293772552162409,-0.02139782160520554
1777498912798527744,-0.001438801060430706,-0.01293756440281868,-0.02139591425657272
1777498912808725248,-0.001440961263142526,-0.01293659396469593,-0.02138777077198029
1777498912818903296,-0.001437897561118007,-0.01293409522622824,-0.0213891938328743
1777498912829062400,-0.001434261677786708,-0.01293415855616331,-0.02138767205178738
1777498912839201536,-0.001437805243767798,-0.01293681375682354,-0.02138711698353291
1777498912849320960,-0.001437220373190939,-0.0129377031698823,-0.02138912305235863
1777498912859420928,-0.001433095661923289,-0.01293942332267761,-0.02139428444206715
1777498912869501440,-0.001433867146261036,-0.0129443034529686,-0.02139776013791561
1777498912879562240,-0.001436307793483138,-0.01293934043496847,-0.02140346728265285
1777498912889603072,-0.00143542024306953,-0.01293443329632282,-0.02140228636562824
1777498912899624704,-0.001436911523342133,-0.0129321338608861,-0.02140861004590988
1777498912909626880,-0.001435588812455535,-0.01293088775128126,-0.02140587382018566
1777498912919609600,-0.00143399357330054,-0.01293012406677008,-0.02139948308467865
1777498912929572864,-0.001430156757123768,-0.01293384470045567,-0.02139948680996895
1777498912939516672,-0.00143253558780998,-0.01293766498565674,-0.02139907516539097
1777498912949440768,-0.001436481019482017,-0.01293410547077656,-0.02140143327414989
1777498912959345920,-0.001439854153431952,-0.01292899996042252,-0.02140908874571323
1777498912969236992,-0.001443782588467002,-0.01293118484318256,-0.02140789292752743
1777498912979108608,-0.001439154264517128,-0.0129317594692111,-0.02141192555427551
1777498912988961280,-0.001437937724404037,-0.01293217856436968,-0.02141229994595051
1777498912998794496,-0.001432425109669566,-0.01292875409126282,-0.02141258865594864
1777498913008609024,-0.001434784731827676,-0.01292876433581114,-0.02141372114419937
1777498913018404096,-0.001435769954696298,-0.01293423306196928,-0.02141434326767921
1777498913028179968,-0.001438546227291226,-0.01294076070189476,-0.02141305804252625
1777498913038398976,-0.00143837311770767,-0.01294202357530594,-0.02141088992357254
1777498913048598016,-0.001432234654203057,-0.01294481754302979,-0.02141323685646057
1777498913058777088,-0.001432105316780508,-0.01294300518929958,-0.02141835354268551
1777498913068936704,-0.00142967258580029,-0.01294093858450651,-0.02142175287008286
1777498913079077376,-0.001427181181497872,-0.01294068153947592,-0.02142618969082832
1777498913089198848,-0.001425727154128253,-0.01294193603098392,-0.02142356336116791
1777498913099300608,-0.001418570871464908,-0.01293634064495564,-0.02142566256225109
1777498913109382656,-0.001416797982528806,-0.01292915269732475,-0.02143211103975773
1777498913119445504,-0.001418114639818668,-0.01293152011930943,-0.02143342606723309
1777498913129488640,-0.001423982786945999,-0.01293273083865643,-0.02143655903637409
1777498913139511808,-0.001421421649865806,-0.01293328404426575,-0.0214376337826252
1777498913149515520,-0.001419571228325367,-0.01293227355927229,-0.02143971249461174
1777498913159500288,-0.001417989376932383,-0.01292594987899065,-0.02143897861242294
1777498913169465600,-0.00141913432162255,-0.0129238897934556,-0.02144053764641285
1777498913179411200,-0.00141788215842098,-0.01292292401194572,-0.02145037427544594
1777498913189337344,-0.001423888956196606,-0.01291963923722506,-0.02144728414714336
1777498913199244288,-0.001429976779036224,-0.01291658822447062,-0.02144830301403999
1777498913209131776,-0.001431966200470924,-0.01291992142796516,-0.02145115472376347
1777498913218999808,-0.001435706974007189,-0.01292663905769587,-0.02144528180360794
1777498913228848640,-0.001436745980754495,-0.01292955502867699,-0.02144564688205719
1777498913238684672,-0.001445053261704743,-0.01292811054736376,-0.02144276350736618
1777498913248502016,-0.001453488599509001,-0.01293482258915901,-0.02144408039748669
1777498913258300416,-0.001453838078305125,-0.01293133478611708,-0.0214418675750494
1777498913268079616,-0.001459063496440649,-0.01292977575212717,-0.02144012972712517
1777498913278305280,-0.001457265228964388,-0.01293337345123291,-0.02144485153257847
1777498913288510976,-0.001455968013033271,-0.0129358833655715,-0.02144500613212585
1777498913298696704,-0.001457358594052494,-0.01293599791824818,-0.02144625596702099
1777498913308863232,-0.001454700250178576,-0.01293286867439747,-0.02144771814346313
1777498913319010048,-0.001456132042221725,-0.01293294690549374,-0.02144876681268215
1777498913329137152,-0.001456525176763535,-0.01293259114027023,-0.02145041897892952
1777498913339244800,-0.001450036535970867,-0.01293900050222874,-0.02145376987755299
1777498913349332480,-0.001447320799343288,-0.01294162962585688,-0.0214562751352787
1777498913359400960,-0.001445943489670753,-0.01294566132128239,-0.02145780250430107
1777498913369449472,-0.001452614786103368,-0.01294579543173313,-0.02145630121231079
1777498913379478528,-0.001458925078622997,-0.01294239982962608,-0.02145841531455517
1777498913389488384,-0.001454084296710789,-0.0129437018185854,-0.02146110124886036
1777498913399479040,-0.001450162380933762,-0.01294278353452682,-0.02145765349268913
1777498913409450240,-0.001442574197426438,-0.01294782292097807,-0.02145605534315109
1777498913419401728,-0.001448550377972424,-0.01294050086289644,-0.02145247720181942
1777498913429333760,-0.001447685179300606,-0.01293880213052034,-0.02145258523523808
1777498913439246336,-0.001446543144993484,-0.01294316537678242,-0.02145234681665897
1777498913449139456,-0.001452366821467876,-0.0129409758374095,-0.02145051769912243
1777498913459018752,-0.00144387676846236,-0.01294431928545237,-0.0214498694986105
1777498913468878848,-0.001445451169274747,-0.01294277980923653,-0.02144625782966614
1777498913478720000,-0.00144665315747261,-0.01293446868658066,-0.02144969440996647
1777498913488542208,-0.001449232804588974,-0.01292637549340725,-0.02145212888717651
1777498913498345728,-0.001452808268368244,-0.01292199734598398,-0.02144882455468178
1777498913508130048,-0.001451396266929805,-0.0129177151247859,-0.02144804783165455
1777498913518355456,-0.001446049311198294,-0.0129172382876277,-0.0214511938393116
1777498913528560896,-0.001444498426280916,-0.0129178985953331,-0.02146097086369991
1777498913538747392,-0.001437129685655236,-0.01292173564434052,-0.02146079577505589
1777498913548913920,-0.001432853168807924,-0.01292166206985712,-0.02146399021148682
1777498913559060736,-0.00142875371966511,-0.01292725279927254,-0.02146492525935173
1777498913569188096,-0.001423088135197759,-0.01293138600885868,-0.02146164700388908
1777498913579297280,-0.001426475704647601,-0.01293291058391333,-0.02146162465214729
1777498913589387008,-0.001429180148988962,-0.01292360946536064,-0.02145789936184883
1777498913599457024,-0.001431287848390639,-0.01292221993207932,-0.02146042324602604
1777498913609507584,-0.001435867161490023,-0.01292376779019833,-0.02145693264901638
1777498913619538944,-0.001434162957593799,-0.01292307488620281,-0.02145553380250931
1777498913629550848,-0.00143496529199183,-0.0129223270341754,-0.02145807631313801
1777498913639543296,-0.001433138852007687,-0.01292093936353922,-0.02145763300359249
1777498913649516544,-0.001429753261618316,-0.01291016861796379,-0.02145112492144108
1777498913659471104,-0.001433366327546537,-0.01290590316057205,-0.02144780941307545
1777498913669406208,-0.001426588394679129,-0.01290654949843884,-0.02144906483590603
1777498913679322112,-0.001430870965123177,-0.0129068698734045,-0.02145388722419739
1777498913689218816,-0.001435526646673679,-0.01290777232497931,-0.02146139368414879
1777498913699096320,-0.001438382314518094,-0.01290219090878963,-0.02146425843238831
1777498913708954112,-0.001440466148778796,-0.01290412060916424,-0.02146201953291893
1777498913718793472,-0.001440755091607571,-0.01290343049913645,-0.02146200835704803
1777498913728617472,-0.001444721943698823,-0.0128974923864007,-0.021468136459589
1777498913738426624,-0.001446716953068972,-0.01290400698781013,-0.02146932855248451
1777498913748217088,-0.0014454749180004,-0.01289889123290777,-0.02146704494953156
1777498913758220032,-0.001439576619304717,-0.01289462577551603,-0.02147176489233971
1777498913768435712,-0.001439815270714462,-0.01289588119834661,-0.02147568017244339
1777498913778632192,-0.001443279557861388,-0.01289694290608168,-0.02147859521210194
1777498913788808960,-0.001435154234059155,-0.01289305277168751,-0.02148178778588772
1777498913798965760,-0.001435501151718199,-0.01289541274309158,-0.02147942036390305
1777498913809104384,-0.00143570126965642,-0.01289290189743042,-0.02147459238767624
1777498913819223552,-0.001435963320545852,-0.01289557106792927,-0.02147541753947735
1777498913829323008,-0.001436719321645796,-0.01289492193609476,-0.02147782407701015
1777498913839403008,-0.001437228173017502,-0.01289638970047235,-0.02147850580513477
1777498913849464064,-0.001429258612915874,-0.01290017925202847,-0.02147684432566166
1777498913859505664,-0.001422520610503852,-0.01290240697562695,-0.0214739516377449
1777498913869528064,-0.001415159669704735,-0.01289514638483524,-0.02147135511040688
1777498913879531008,-0.001408101408742368,-0.01289268769323826,-0.02146662399172783
1777498913889514496,-0.0014057228108868,-0.01288456190377474,-0.02146687172353268
1777498913899478528,-0.001407055533491075,-0.01287787035107613,-0.02147011272609234
1777498913909423104,-0.001407527946867049,-0.01287492457777262,-0.02146832831203938
1777498913919350016,-0.001407010015100241,-0.01287510618567467,-0.02146516181528568
1777498913929259264,-0.001403627335093915,-0.012872782535851,-0.02146656438708305
1777498913939149056,-0.0014080690452829,-0.01287229359149933,-0.02146656811237335
1777498913949019392,-0.001410099910572171,-0.01286414265632629,-0.02146256528794765
1777498913958870784,-0.001409560209140182,-0.01286553312093019,-0.02146847359836102
1777498913968702720,-0.001409209682606161,-0.01287057530134916,-0.02147020027041435
1777498913978515456,-0.00140716542955488,-0.01286551170051098,-0.02147149480879307
1777498913988308992,-0.001408787909895182,-0.01286034192889929,-0.02147665061056614
1777498913998314496,-0.001410327153280377,-0.01286077406257391,-0.02147526852786541
1777498914008531456,-0.001415288541465998,-0.01285916659981012,-0.02147650346159935
1777498914018728448,-0.001419091480784118,-0.01286092400550842,-0.0214778371155262
1777498914028905984,-0.001408776035532355,-0.01286206394433975,-0.02147934399545193
1777498914039063552,-0.001405259245075285,-0.01286047883331776,-0.02147802338004112
1777498914049201408,-0.001403243630193174,-0.01285872329026461,-0.02148069255053997
1777498914059319552,-0.001402475987561047,-0.01285175327211618,-0.02148023433983326
1777498914069418240,-0.001397418789565563,-0.01284783240407705,-0.02147926390171051
1777498914079497472,-0.001387880300171673,-0.01284819934517145,-0.02147760055959225
1777498914089556992,-0.001385470386594534,-0.0128465611487627,-0.02147031016647816
1777498914099598592,-0.001380818081088364,-0.01285374164581299,-0.02147244289517403
1777498914109622016,-0.001378649496473372,-0.01284809317439795,-0.02147289551794529
1777498914119625984,-0.00137366377748549,-0.01284926012158394,-0.02147218585014343
1777498914129610496,-0.001372654689475894,-0.01284298021346331,-0.0214692447334528
1777498914139575808,-0.0013705879682675,-0.01284446101635695,-0.02146487683057785
1777498914149521408,-0.001374494400806725,-0.01284594833850861,-0.02146744355559349
1777498914159447552,-0.001372947008349001,-0.01284718047827482,-0.02147049270570278
1777498914169354496,-0.001375040272250772,-0.01284728292375803,-0.02146568708121777
1777498914179242496,-0.00138217699714005,-0.01285087876021862,-0.02146691828966141
1777498914189112064,-0.001378925633616745,-0.01284907478839159,-0.02146720513701439
1777498914198961920,-0.001382019487209618,-0.01284522842615843,-0.02146508358418941
1777498914208793088,-0.00137963960878551,-0.01283806189894676,-0.02146101370453835
1777498914218604800,-0.001383068854920566,-0.01284260768443346,-0.02145944163203239
1777498914228397568,-0.001378521672450006,-0.01284069195389748,-0.02145983278751373
1777498914238171392,-0.001383823459036648,-0.01283944025635719,-0.02146056666970253
1777498914248389632,-0.001388217322528362,-0.01283749099820852,-0.02146339975297451
1777498914258588160,-0.001391169033013284,-0.01283301413059235,-0.02145866490900517
1777498914268766720,-0.001390507095493376,-0.01283786725252867,-0.02146200090646744
1777498914278925312,-0.001386012532748282,-0.01283917017281055,-0.02146399207413197
1777498914289065472,-0.00138614815659821,-0.01283492427319288,-0.02146055549383163
1777498914299186176,-0.001383979921229184,-0.01283311098814011,-0.02146261557936668
1777498914309287424,-0.001378394430503249,-0.01283501647412777,-0.02145816013216972
1777498914319368960,-0.001382244168780744,-0.01283741556107998,-0.02145575173199177
1777498914329431040,-0.001380173722282052,-0.01283407956361771,-0.02145803160965443
1777498914339473408,-0.00137471326161176,-0.01282920222729445,-0.02145611681044102
1777498914349496320,-0.001373739913105965,-0.01283168606460094,-0.02145557478070259
1777498914359500288,-0.001376087660901248,-0.01283439714461565,-0.02145672962069511
1777498914369485824,-0.001384434988722205,-0.012827361933887,-0.02145600318908691
1777498914379451904,-0.001386235002428293,-0.01282963901758194,-0.02145793847739697
1777498914389398528,-0.001387469470500946,-0.01283198967576027,-0.02145857736468315
1777498914399325696,-0.00138507317751646,-0.01282448694109917,-0.02145810984075069
1777498914409237504,-0.001388184959068894,-0.01282735168933868,-0.02145473100244999
1777498914419130112,-0.001391212688758969,-0.01281812600791454,-0.02145570516586304
1777498914429003520,-0.00139257893897593,-0.01282510440796614,-0.02145406603813171
1777498914438857728,-0.001392299542203546,-0.01282737217843533,-0.02145104296505451
1777498914448693248,-0.001395304803736508,-0.01282768603414297,-0.02145207859575748
1777498914458509568,-0.001388592063449323,-0.01282835751771927,-0.02144931256771088
1777498914468306944,-0.00138660822995007,-0.01282873749732971,-0.02145200222730637
1777498914478085632,-0.001390088233165443,-0.01282900664955378,-0.02145501598715782
1777498914488304384,-0.001385306240990758,-0.01282888930290937,-0.02145378664135933
1777498914498503936,-0.001377729582600296,-0.01282821130007505,-0.02145176567137241
1777498914508684288,-0.001380864414386451,-0.01282366830855608,-0.0214482918381691
1777498914518844928,-0.001379792694933712,-0.01282044779509306,-0.02144867554306984
1777498914528986112,-0.001377878710627556,-0.01281661447137594,-0.02144864574074745
1777498914539107840,-0.001378998276777565,-0.01281125657260418,-0.02144579216837883
1777498914549210368,-0.001385777373798192,-0.01280889008194208,-0.02144387550652027
1777498914559294976,-0.001388696604408324,-0.01280815247446299,-0.02144312113523483
1777498914569359872,-0.001391756348311901,-0.01281069498509169,-0.02144280634820461
1777498914579405312,-0.001391022000461817,-0.01281150337308645,-0.02144142426550388
1777498914589431296,-0.001388768316246569,-0.01281538512557745,-0.0214411374181509
1777498914599437824,-0.001387430354952812,-0.01281257346272469,-0.02144381776452065
1777498914609424896,-0.00138948461972177,-0.01281738188117743,-0.02144297026097775
1777498914619392256,-0.001397079322487116,-0.01282315142452717,-0.0214349702000618
1777498914629340160,-0.001392814563587308,-0.01282331626862288,-0.02143740653991699
1777498914639269888,-0.001397487474605441,-0.01281796116381884,-0.02143891714513302
1777498914649180160,-0.001393872313201427,-0.01282215025275946,-0.02143821120262146
1777498914659070720,-0.001393375219777226,-0.01282115187495947,-0.02144410647451878
1777498914668942080,-0.001392928068526089,-0.01281824428588152,-0.02144242264330387
1777498914678794240,-0.001394254970364273,-0.01281674765050411,-0.02144023962318897
1777498914688626944,-0.001404682639986277,-0.01282292790710926,-0.02143855579197407
1777498914698440704,-0.001410123077221215,-0.01282316166907549,-0.02143734693527222
1777498914708235520,-0.001410988043062389,-0.01282167993485928,-0.02143733017146587
1777498914718011904,-0.00141478271689266,-0.01282501313835382,-0.02143379673361778
1777498914728236800,-0.001417375053279102,-0.01281962264329195,-0.02143335342407227
1777498914738441728,-0.001420396030880511,-0.01282430998980999,-0.02143277414143085
1777498914748626944,-0.00141630379948765,-0.01281815487891436,-0.02143811993300915
1777498914758793216,-0.00142374075949192,-0.01282218378037214,-0.02143993973731995
1777498914768939520,-0.001427657320164144,-0.012816296890378,-0.02144453674554825
1777498914779066112,-0.001423248089849949,-0.01281618606299162,-0.02144847624003887
1777498914789172992,-0.001417892635799944,-0.01282168738543987,-0.0214475579559803
1777498914799260416,-0.001416766317561269,-0.0128215067088604,-0.0214470848441124
1777498914809327872,-0.001417831983417273,-0.01282446645200253,-0.02144511602818966
1777498914819376128,-0.001416628714650869,-0.01281903591006994,-0.02144590206444263
1777498914829404672,-0.001410983619280159,-0.01281637419015169,-0.02144389785826206
1777498914839414528,-0.001406923052854836,-0.01280874945223331,-0.02144942246377468
1777498914849404672,-0.001409464981406927,-0.01280608400702477,-0.02144833654165268
1777498914859375360,-0.00140879419632256,-0.01280986703932285,-0.02145138941705227
1777498914869329920,-0.001401545479893684,-0.01280682161450386,-0.02145060524344444
1777498914879265280,-0.001402989495545626,-0.01280571520328522,-0.02145273610949516
1777498914889180928,-0.001406897674314678,-0.01281453110277653,-0.02145547606050968
1777498914899077376,-0.001410799333825707,-0.01281642634421587,-0.02145453356206417
1777498914908954880,-0.001408698502928019,-0.01281511969864368,-0.02145632170140743
1777498914918812672,-0.001407165895216167,-0.01281131245195866,-0.02145079523324966
1777498914928651520,-0.001409137155860662,-0.01281236577779055,-0.021453857421875
1777498914938470912,-0.001414139056578279,-0.0128081189468503,-0.02145623043179512
1777498914948271872,-0.001406084629707038,-0.01281144190579653,-0.02146006003022194
1777498914958053632,-0.001404666341841221,-0.01281148567795753,-0.02146081626415253
1777498914968279808,-0.001408095471560955,-0.01280510053038597,-0.02145617827773094
1777498914978486016,-0.00141345604788512,-0.01280410867184401,-0.0214594192802906
1777498914988672768,-0.001414449885487556,-0.01280553638935089,-0.02146113663911819
1777498914998839808,-0.001413433346897364,-0.01281180325895548,-0.02146677672863007
1777498915008987136,-0.001413421472534537,-0.01281638164073229,-0.02146452106535435
1777498915019115008,-0.001414550002664328,-0.0128212021663785,-0.02146699093282223
1777498915029224192,-0.00140972388908267,-0.01282817870378494,-0.02146861702203751
1777498915039314688,-0.001411890960298479,-0.01282665692269802,-0.02146787941455841
1777498915049385728,-0.001412599813193083,-0.01282582338899374,-0.02147121168673038
1777498915059437312,-0.001412984216585755,-0.01282386668026447,-0.02147110179066658
1777498915069469696,-0.001410627388395369,-0.0128238033503294,-0.02146477997303009
1777498915079482368,-0.001418253523297608,-0.01282461732625961,-0.02146214060485363
1777498915089475584,-0.001414203667081892,-0.01282278634607792,-0.02146573178470135
1777498915099449344,-0.001408796291798353,-0.01282690372318029,-0.02146450057625771
1777498915109403904,-0.001412408542819321,-0.01283106487244368,-0.02145917154848576
1777498915119339008,-0.001417449559085071,-0.01282539777457714,-0.0214577354490757
1777498915129254912,-0.001407079980708659,-0.01282920874655247,-0.02145818434655666
1777498915139151360,-0.001404895912855864,-0.01283826120197773,-0.02145517431199551
1777498915149028608,-0.001405080314725637,-0.01283581834286451,-0.02145037055015564
1777498915158886656,-0.001403369591571391,-0.01283061783760786,-0.02144498564302921
1777498915168725248,-0.001405922812409699,-0.01283059269189835,-0.02144468389451504
1777498915178544896,-0.001405152142979205,-0.01283555198460817,-0.02144217304885387
1777498915188345856,-0.001403628615662456,-0.01283277478069067,-0.02143958583474159
1777498915198128384,-0.001400795648805797,-0.01282823458313942,-0.02144071646034718
1777498915208128512,-0.001403417554683983,-0.01282385364174843,-0.02144315652549267
1777498915218345728,-0.001397627172991633,-0.01282783877104521,-0.02144721895456314
1777498915228543232,-0.001401107874698937,-0.01282663643360138,-0.02144608646631241
1777498915238720768,-0.001401804503984749,-0.01282024849206209,-0.02144582942128181
1777498915248878336,-0.001404950977303088,-0.01281389687210321,-0.02144292369484901
1777498915259016448,-0.001406521536409855,-0.01281944755464792,-0.02144158631563187
1777498915269134848,-0.001416319282725453,-0.01281678583472967,-0.0214436873793602
1777498915279233280,-0.00141444883774966,-0.01281351130455732,-0.02144327200949192
1777498915289312000,-0.001413393183611333,-0.01281372923403978,-0.02144474722445011
1777498915299373568,-0.001419656444340944,-0.01281522773206234,-0.02144436910748482
1777498915309417216,-0.001422197790816426,-0.01281665824353695,-0.02144321799278259
1777498915319441152,-0.001421402208507061,-0.01281436905264854,-0.0214481670409441
1777498915329446400,-0.001419148757122457,-0.01280998438596725,-0.02145217731595039
1777498915339432192,-0.001409513060934842,-0.01281563751399517,-0.02145287394523621
1777498915349398784,-0.001403693924658,-0.01281725242733955,-0.02145061083137989
1777498915359345920,-0.001409846940077841,-0.01281910482794046,-0.02145402692258358
1777498915369273856,-0.00140162615571171,-0.01281554065644741,-0.02145685069262981
1777498915379182848,-0.001400904497131705,-0.01281470619142056,-0.02145210094749928
1777498915389073152,-0.001399702858179808,-0.01280739530920982,-0.02145351283252239
1777498915398944256,-0.001397070358507335,-0.01281288731843233,-0.02145509794354439
1777498915408795904,-0.001393436104990542,-0.01280926074832678,-0.02145640179514885
1777498915418628608,-0.001394992810674012,-0.0128089627251029,-0.02146010287106037
1777498915428441856,-0.001404990092851222,-0.01281194761395454,-0.02146345749497414
1777498915438236160,-0.001408277312293649,-0.01281386148184538,-0.02146372571587563
1777498915448242176,-0.001410605967976153,-0.01281381119042635,-0.02146372571587563
1777498915458459392,-0.00141564488876611,-0.01280919183045626,-0.02146410010755062
1777498915468656640,-0.001418329775333405,-0.01280852593481541,-0.02146333828568459
1777498915478834432,-0.001424161600880325,-0.01280938368290663,-0.02146101742982864
1777498915488992256,-0.001430343603715301,-0.01281365379691124,-0.0214606411755085
1777498915499130880,-0.00142545741982758,-0.01281107123941183,-0.02146265842020512
1777498915509249280,-0.001428241841495037,-0.01281253434717655,-0.02146348915994167
1777498915519348480,-0.00142196100205183,-0.01282121427357197,-0.02145693264901638
1777498915529427968,-0.001415665610693395,-0.01283146720379591,-0.02146080136299133
1777498915539489280,-0.001415888895280659,-0.01283152587711811,-0.02145731821656227
1777498915549530880,-0.00141663383692503,-0.01283418573439121,-0.02145741879940033
1777498915559553024,-0.001417708001099527,-0.01283947192132473,-0.02145858854055405
1777498915569555456,-0.001417737570591271,-0.01283891219645739,-0.02145859226584435
1777498915579538432,-0.001417510909959674,-0.01283722463995218,-0.02145909518003464
1777498915589501952,-0.001412473153322935,-0.01284038554877043,-0.02146202325820923
1777498915599446272,-0.001413089456036687,-0.01284370198845863,-0.02146288938820362
1777498915609371136,-0.001414419151842594,-0.01283781044185162,-0.02146207354962826
1777498915619276800,-0.001412105048075318,-0.01283159479498863,-0.02146180346608162
1777498915629163520,-0.001413770718500018,-0.01283346023410559,-0.0214666873216629
1777498915639031040,-0.001412814133800566,-0.01283644232898951,-0.0214688703417778
1777498915648878848,-0.00140861258842051,-0.01283437293022871,-0.02147524431347847
1777498915658707712,-0.001406640978530049,-0.0128273731097579,-0.0214727483689785
1777498915668517632,-0.001400111243128777,-0.01282424665987492,-0.02147194929420948
1777498915678308352,-0.001400908571667969,-0.01282731257379055,-0.02146817371249199
1777498915688079872,-0.001398463035002351,-0.01283157151192427,-0.02147164195775986
1777498915698297344,-0.001397425308823586,-0.0128345238044858,-0.0214669406414032
1777498915708495104,-0.001396558945998549,-0.01283371262252331,-0.02146835997700691
1777498915718673152,-0.001398838474415243,-0.01283484697341919,-0.02146761119365692
1777498915728832000,-0.001395484665408731,-0.01283171679824591,-0.02146222069859505
1777498915738971648,-0.00139830366242677,-0.01283459272235632,-0.02146210893988609
1777498915749091584,-0.001399103202857077,-0.01282999571412802,-0.02146287634968758
1777498915759192320,-0.001398455468006432,-0.01283125672489405,-0.02146018296480179
1777498915769273600,-0.001395109691657126,-0.0128259714692831,-0.02145811542868614
1777498915779335680,-0.001390361227095127,-0.01282307039946318,-0.02145632542669773
1777498915789378048,-0.001391534460708499,-0.01281935162842274,-0.021458700299263
1777498915799400960,-0.001389080076478422,-0.01281942613422871,-0.02145813964307308
1777498915809405184,-0.001399792963638902,-0.01282032672315836,-0.02146070450544357
1777498915819390208,-0.001405417453497648,-0.01282079610973597,-0.02146092429757118
1777498915829355776,-0.001399905304424465,-0.01281757466495037,-0.02145841531455517
1777498915839302144,-0.001412068493664265,-0.01281807944178581,-0.02145975269377232
1777498915849229056,-0.001413892488926649,-0.01282023638486862,-0.02145678177475929
1777498915859136512,-0.00141346245072782,-0.01282051205635071,-0.02145234122872353
1777498915869027584,-0.001415090286172926,-0.01281589083373547,-0.02144850045442581
1777498915878902528,-0.001421226188540459,-0.01281284168362617,-0.02145233191549778
1777498915888758016,-0.001423011999577284,-0.0128087280318141,-0.02145196311175823
1777498915898594816,-0.001418801257386804,-0.01280675549060106,-0.02144634537398815
1777498915908412672,-0.00142128043808043,-0.01280906610190868,-0.02144697122275829
1777498915918211328,-0.001420080661773682,-0.01280212309211493,-0.02144334837794304
1777498915927991040,-0.001418870990164578,-0.01279322430491447,-0.02144108153879642
1777498915938210560,-0.001415731501765549,-0.01279121264815331,-0.02143770270049572
1777498915948410368,-0.001421997556462884,-0.01278919726610184,-0.02143809758126736
1777498915958590208,-0.001424012705683708,-0.01278783846646547,-0.02144123241305351
1777498915968751104,-0.001420363201759756,-0.01279221288859844,-0.02143937908113003
1777498915978892800,-0.001415126142092049,-0.01279086992144585,-0.02143826894462109
1777498915989014528,-0.001413214951753616,-0.01278674229979515,-0.02143768593668938
1777498915999116544,-0.001414153608493507,-0.01278477720916271,-0.02143607847392559
1777498916009199104,-0.001407327363267541,-0.01277884189039469,-0.0214322991669178
1777498916019261952,-0.001404674490913749,-0.01277695968747139,-0.02143228054046631
1777498916029305344,-0.001413733814842999,-0.01277135126292706,-0.02143344841897488
1777498916039329280,-0.001410692115314305,-0.01276987046003342,-0.02142767421901226
1777498916049334272,-0.00141038338188082,-0.0127730555832386,-0.02143293060362339
1777498916059319808,-0.001410873141139746,-0.01277110446244478,-0.02143342792987823
1777498916069285888,-0.001407233765348792,-0.01277836319059134,-0.02142957411706448
1777498916079232512,-0.00140508555341512,-0.01277211494743824,-0.02143084444105625
1777498916089159936,-0.001404890790581703,-0.01276441663503647,-0.02143150195479393
1777498916099067648,-0.001397709595039487,-0.01277022808790207,-0.02143177203834057
1777498916108958976,-0.001392926555126905,-0.012774258852005,-0.02143210545182228
1777498916118834432,-0.001389907323755324,-0.01278038788586855,-0.02143102325499058
1777498916128690432,-0.001381857320666313,-0.01278106588870287,-0.0214300062507391
1777498916138527744,-0.001383713679388165,-0.01277551613748074,-0.02142945863306522
1777498916148345856,-0.001384125323966146,-0.01277992688119411,-0.0214282963424921
1777498916158144768,-0.001386115094646811,-0.01278333645313978,-0.02142298594117165
1777498916167924736,-0.001383157214149833,-0.01278467383235693,-0.0214224811643362
1777498916178150400,-0.001381751382723451,-0.01278466917574406,-0.0214223824441433
1777498916188356352,-0.001375800929963589,-0.0127819562330842,-0.02142385393381119
1777498916198542080,-0.001379078952595592,-0.01277671102434397,-0.02142005227506161
1777498916208707840,-0.001372499973513186,-0.01277406048029661,-0.02141777612268925
1777498916218853632,-0.001375122112222016,-0.01277455687522888,-0.02142159268260002
1777498916228979968,-0.001379444496706128,-0.0127795422449708,-0.02142047137022018
1777498916239087872,-0.001377587439492345,-0.01277015637606382,-0.0214237067848444
1777498916249176320,-0.001376252388581634,-0.01277511939406395,-0.02142131328582764
1777498916259244800,-0.001381853478960693,-0.01277340296655893,-0.02142249792814255
1777498916269297664,-0.001376581029035151,-0.01277055777609348,-0.02142121642827988
1777498916279331328,-0.001372000435367227,-0.01277364231646061,-0.02142461389303207
1777498916289345280,-0.001371671911329031,-0.01277160365134478,-0.02142481505870819
1777498916299339776,-0.00136817863676697,-0.01276852376759052,-0.02142114005982876
1777498916309314560,-0.001365702832117677,-0.01277119014412165,-0.0214200709015131
1777498916319270400,-0.001358104520477355,-0.01276462804526091,-0.02141823060810566
1777498916329206528,-0.001350684440694749,-0.01276577822864056,-0.02141938358545303
1777498916339123200,-0.001352292951196432,-0.01276406645774841,-0.02141315490007401
1777498916349020160,-0.001356346532702446,-0.01276463828980923,-0.02141163125634193
1777498916358898176,-0.001360353431664407,-0.01275939308106899,-0.02141257934272289
1777498916368757248,-0.001358132460154593,-0.01276179496198893,-0.02141083404421806
1777498916378596608,-0.001357077853754163,-0.0127614252269268,-0.02141186781227589
1777498916388416768,-0.001352916820906103,-0.0127561679109931,-0.02141046524047852
1777498916398218752,-0.00135086802765727,-0.01274963095784187,-0.02140508405864239
1777498916408001280,-0.001352467224933207,-0.01274613384157419,-0.0214125607162714
1777498916418235904,-0.001352058374322951,-0.0127454437315464,-0.02141143940389156
1777498916428450816,-0.001347559969872236,-0.01274009235203266,-0.0214068628847599
1777498916438645760,-0.001346875913441181,-0.01273877546191216,-0.02140823565423489
1777498916448820736,-0.001350638340227306,-0.01273512840270996,-0.02140462212264538
1777498916458975744,-0.00135626015253365,-0.01273780781775713,-0.02140505239367485
1777498916469111296,-0.001360652619041502,-0.012735890224576,-0.02140774205327034
1777498916479228160,-0.001359459827654064,-0.01273695472627878,-0.02141127921640873
1777498916489325056,-0.001353793661110103,-0.01273743249475956,-0.0214172936975956
1777498916499402752,-0.00135885935742408,-0.01273621339350939,-0.02141520380973816
1777498916509460992,-0.001367428223602474,-0.01273782644420862,-0.02141455747187138
1777498916519499520,-0.001369580044411123,-0.01273930631577969,-0.02141544967889786
1777498916529518080,-0.001367314485833049,-0.01273924391716719,-0.02141520008444786
1777498916539516928,-0.001371091697365046,-0.01273539755493402,-0.02141479589045048
1777498916549496320,-0.001369970967061818,-0.01273637544363737,-0.02141302824020386
1777498916559457024,-0.001368996105156839,-0.01273601595312357,-0.02141541242599487
1777498916569398016,-0.001374923391267657,-0.01273869816213846,-0.02141724154353142
1777498916579319552,-0.001375561230815947,-0.01274214591830969,-0.0214154701679945
1777498916589221376,-0.001373279839754105,-0.01274187583476305,-0.02141693420708179
1777498916599104256,-0.001372822909615934,-0.01273699756711721,-0.02141858078539371
1777498916608967680,-0.001370290876366198,-0.01273225620388985,-0.02141649834811687
1777498916618811648,-0.001372578903101385,-0.01272774673998356,-0.02141714654862881
1777498916628636672,-0.001376600819639862,-0.01273004524409771,-0.02141917496919632
1777498916638443776,-0.001377444947138429,-0.01273288670927286,-0.02141742780804634
1777498916648231680,-0.001372621627524495,-0.01273417193442583,-0.02141812071204185
1777498916658233600,-0.001366167678497732,-0.01273843552917242,-0.02141783572733402
1777498916668449536,-0.001374120591208339,-0.01274020504206419,-0.02142192050814629
1777498916678645248,-0.001374778687022626,-0.01274484302848577,-0.02142846584320068
1777498916688822016,-0.001382102258503437,-0.01273822784423828,-0.02142553776502609
1777498916698979328,-0.001381394802592695,-0.01273330766707659,-0.0214275885373354
1777498916709116928,-0.001384362927637994,-0.0127364182844758,-0.0214292835444212
1777498916719234816,-0.001383486087433994,-0.01273022405803204,-0.02143432572484016
1777498916729332992,-0.001385234412737191,-0.0127270296216011,-0.021429393440485
1777498916739411712,-0.001382865360938013,-0.01272768620401621,-0.02142892777919769
1777498916749470464,-0.001384143484756351,-0.01272726990282536,-0.02143207006156445
1777498916759509760,-0.001381750334985554,-0.01272426173090935,-0.0214327871799469
1777498916769529856,-0.001387686701491475,-0.01272567268460989,-0.02143208123743534
1777498916779530240,-0.001389767043292522,-0.01273476053029299,-0.02143232524394989
1777498916789511168,-0.00139144656714052,-0.01274160668253899,-0.02143291011452675
1777498916799472384,-0.001394902123138309,-0.0127473333850503,-0.02143231965601444
1777498916809414400,-0.001391709316521883,-0.01274549122899771,-0.021435821428895
1777498916819339520,-0.001386861084029078,-0.01274314243346453,-0.02143147401511669
1777498916829248000,-0.001388118951581419,-0.01273990049958229,-0.02143498696386814
1777498916839137280,-0.001384722185321152,-0.01273417845368385,-0.02143715508282185
1777498916849007360,-0.001388985081575811,-0.01273782085627317,-0.02143606171011925
1777498916858858752,-0.0013881929917261,-0.01272914744913578,-0.02143297903239727
1777498916868690944,-0.001387809286825359,-0.01272847410291433,-0.0214333925396204
1777498916878503936,-0.001387752825394273,-0.01272672042250633,-0.02143733575940132
1777498916888298240,-0.00138212472666055,-0.01272636838257313,-0.0214379895478487
1777498916898304000,-0.001383334398269653,-0.01272424589842558,-0.02143874764442444
1777498916908520448,-0.001387799857184291,-0.01272222772240639,-0.02143638394773006
1777498916918717184,-0.00138273963239044,-0.01272119488567114,-0.02143576927483082
1777498916928894720,-0.001371187274344265,-0.01271648239344358,-0.02143600955605507
1777498916939052800,-0.001370020327158272,-0.01271897181868553,-0.02144215069711208
1777498916949191168,-0.001375471358187497,-0.01271930895745754,-0.02144103869795799
1777498916959310080,-0.001378526561893523,-0.0127219446003437,-0.02144414931535721
1777498916969409024,-0.001380450790748,-0.01272184122353792,-0.02144834212958813
1777498916979488768,-0.001383518218062818,-0.01271745096892118,-0.02144899033010006
1777498916989549056,-0.00138140853960067,-0.01271798089146614,-0.02144755236804485
1777498916999589376,-0.00137225934304297,-0.01271894667297602,-0.02144536003470421
1777498917009611520,-0.0013716024113819,-0.01271496433764696,-0.02144465781748295
1777498917019616256,-0.00138332333881408,-0.01272271573543549,-0.02143795602023602
1777498917029603328,-0.001380856498144567,-0.012723408639431,-0.02143481560051441
1777498917039570944,-0.001377842389047146,-0.01272254716604948,-0.02143298462033272
1777498917049519360,-0.00138484628405422,-0.01272847037762403,-0.02143543772399426
1777498917059448320,-0.001384982373565435,-0.01272515300661325,-0.0214382279664278
1777498917069358592,-0.001385330688208342,-0.01273076795041561,-0.02143998444080353
1777498917079249664,-0.001384402741678059,-0.01273415051400661,-0.02144094929099083
1777498917089121536,-0.001385582145303488,-0.01273340731859207,-0.02144063077867031
1777498917098974464,-0.001381031586788595,-0.01273446436971426,-0.02144200913608074
1777498917108808704,-0.001378330984152853,-0.01274190098047256,-0.02144325710833073
1777498917118623488,-0.001375724328681827,-0.0127410963177681,-0.0214413870126009
1777498917128419584,-0.001374994637444615,-0.01274043880403042,-0.0214376226067543
1777498917138426624,-0.001375284278765321,-0.01273620966821909,-0.02143839001655579
1777498917148644352,-0.001368697732686996,-0.01273797638714314,-0.02143801376223564
1777498917158842368,-0.001364504918456078,-0.01273586507886648,-0.02144020982086658
1777498917169020928,-0.001360376947559416,-0.01273988652974367,-0.02143929526209831
1777498917179180032,-0.001363967428915203,-0.01273911166936159,-0.02144001610577106
1777498917189319168,-0.001365056145004928,-0.01273026037961245,-0.02143993228673935
1777498917199438848,-0.001360218739137053,-0.01272507850080729,-0.02143700048327446
1777498917209539072,-0.00135846552439034,-0.01272156275808811,-0.02143730781972408
1777498917219620352,-0.001366787939332426,-0.01272118650376797,-0.02143785171210766
1777498917229682176,-0.001372877508401871,-0.01271930243819952,-0.02143935859203339
1777498917239724544,-0.001371134188957512,-0.01271484047174454,-0.02143990248441696
1777498917249747712,-0.001367475837469101,-0.01271260809153318,-0.02144123613834381
1777498917259751680,-0.001367646735161543,-0.01271019224077463,-0.02144339121878147
1777498917269737984,-0.001364580471999943,-0.0127126332372427,-0.0214436799287796
1777498917279706880,-0.001362044597044587,-0.01271391194313765,-0.02144239842891693
1777498917289656320,-0.001359340734779835,-0.01270903833210468,-0.02144508995115757
1777498917299586048,-0.001359296613372862,-0.01270719151943922,-0.02144539169967175
1777498917309496832,-0.001352989347651601,-0.01270826533436775,-0.02144330553710461
1777498917319388416,-0.001351941376924515,-0.012710215523839,-0.0214409064501524
1777498917329260800,-0.001349403406493366,-0.01270950492471457,-0.02144016698002815
1777498917339113984,-0.001350740436464548,-0.01271095499396324,-0.02144352719187737
1777498917348948480,-0.001345998491160572,-0.01271152030676603,-0.02144227921962738
1777498917358764288,-0.001344624091871083,-0.01271367538720369,-0.02144509926438332
1777498917368561152,-0.001350290258415043,-0.01271219272166491,-0.0214421022683382
1777498917378338816,-0.001350638805888593,-0.0127094192430377,-0.02143969014286995
1777498917388557312,-0.001348581281490624,-0.0127114811912179,-0.02143516764044762
1777498917398756096,-0.001353041268885136,-0.01271275244653225,-0.02143264561891556
1777498917408935424,-0.001351010170765221,-0.01271271239966154,-0.02143278531730175
1777498917419095808,-0.001346307224594057,-0.0127145191654563,-0.02143042534589767
1777498917429236224,-0.001344648888334632,-0.01271991804242134,-0.02143300324678421
1777498917439357440,-0.001347900833934546,-0.01271930150687695,-0.02143694646656513
1777498917449458688,-0.001343506737612188,-0.01271585654467344,-0.02143382839858532
1777498917459540992,-0.001346392673440278,-0.01271533779799938,-0.02143440768122673
1777498917469603072,-0.001345603493973613,-0.01271538622677326,-0.0214363057166338
1777498917479645696,-0.001344949705526233,-0.01272076833993196,-0.02143487334251404
1777498917489668864,-0.001347890705801547,-0.01272259559482336,-0.02143575251102448
1777498917499672832,-0.001344925491139293,-0.01272419095039368,-0.02143783308565617
1777498917509657088,-0.00133794907014817,-0.01271967217326164,-0.02143695577979088
1777498917519621888,-0.001340008922852576,-0.01271471567451954,-0.02143524587154388
1777498917529566976,-0.001336708548478782,-0.01271489728242159,-0.02143583633005619
1777498917539492864,-0.001334040658548474,-0.01270990818738937,-0.02143285050988197
1777498917549403904,-0.001339838257990777,-0.01270662248134613,-0.02143202722072601
1777498917559295744,-0.001334466738626361,-0.01270818430930376,-0.02142985165119171
1777498917569168640,-0.001339288894087076,-0.01270698383450508,-0.02143011800944805
1777498917579022336,-0.001341402530670166,-0.01271280832588673,-0.02143760956823826
1777498917588857088,-0.001346388598904014,-0.01270713098347187,-0.02143560349941254
1777498917598672896,-0.001348275225609541,-0.01271451264619827,-0.02143866941332817
1777498917608469760,-0.001345254015177488,-0.01271362882107496,-0.02143761701881886
1777498917618247168,-0.001344101619906723,-0.01271024532616138,-0.02143912762403488
1777498917628466944,-0.001340247108601034,-0.01270307041704655,-0.02143637277185917
1777498917638667008,-0.00133745395578444,-0.01270249951630831,-0.02144054137170315
1777498917648848128,-0.001335893175564706,-0.01269730646163225,-0.02143827266991138
1777498917659010048,-0.001333864754997194,-0.01269770506769419,-0.0214401613920927
1777498917669152000,-0.001334916683845222,-0.01270647905766964,-0.02143958956003189
1777498917679274496,-0.001330669387243688,-0.01270885020494461,-0.02144189178943634
1777498917689377024,-0.001334419357590377,-0.01270736753940582,-0.02144264988601208
1777498917699460096,-0.001338743139058352,-0.01270837616175413,-0.02144184894859791
1777498917709523456,-0.001341442111879587,-0.0127025255933404,-0.02144159376621246
1777498917719567360,-0.001343221170827746,-0.01270128134638071,-0.02143821492791176
1777498917729591808,-0.001338454079814255,-0.01269725989550352,-0.0214365441352129
1777498917739597056,-0.001331007922999561,-0.01269820239394903,-0.02143659815192223
1777498917749582848,-0.001324607874266803,-0.01269439049065113,-0.02143416367471218
1777498917759551232,-0.001326983096078038,-0.01268946472555399,-0.02143744193017483
1777498917769502464,-0.001326272031292319,-0.01268832571804523,-0.02143469452857971
1777498917779434240,-0.001317394548095763,-0.01268933247774839,-0.0214370246976614
1777498917789346816,-0.001320179784670472,-0.01269519794732332,-0.02143879793584347
1777498917799240192,-0.001320754177868366,-0.01269378606230021,-0.02143717929720879
1777498917809114368,-0.001323577133007348,-0.0126899303868413,-0.0214350949972868
1777498917818969344,-0.001319628790952265,-0.01268692966550589,-0.02143616415560246
1777498917828805376,-0.00130701856687665,-0.0126886498183012,-0.0214319471269846
1777498917838622464,-0.001300556468777359,-0.0126943988725543,-0.02142588421702385
1777498917848420352,-0.001295985071919858,-0.01269341818988323,-0.02142457664012909
1777498917858199296,-0.001301373005844653,-0.01268662605434656,-0.02142582461237907
1777498917868424960,-0.001302539953030646,-0.01268482487648726,-0.02143088728189468
1777498917878630912,-0.001301470096223056,-0.01267873495817184,-0.02143114991486073
1777498917888817152,-0.001295731868594885,-0.01268314849585295,-0.02143227308988571
1777498917898984192,-0.001291106804274023,-0.01268075592815876,-0.02143987081944942
1777498917909132288,-0.00129117863252759,-0.01268092263489962,-0.02143615111708641
1777498917919260416,-0.001295093330554664,-0.01267756521701813,-0.02143655717372894
1777498917929369088,-0.001294116606004536,-0.01268146745860577,-0.02143615856766701
1777498917939458304,-0.001295592752285302,-0.01268605794757605,-0.02143169194459915
1777498917949527808,-0.001301889773458242,-0.01268596760928631,-0.02143171429634094
1777498917959577600,-0.001303356140851974,-0.01268475316464901,-0.02143597975373268
1777498917969607936,-0.001304186182096601,-0.01268226001411676,-0.02143570594489574
1777498917979619072,-0.001311060157604516,-0.01268473360687494,-0.02143164910376072
1777498917989610752,-0.001309972605668008,-0.01268244907259941,-0.02143239788711071
1777498917999582976,-0.001307604135945439,-0.01267968583852053,-0.02143816836178303
1777498918009535744,-0.001307640806771815,-0.01268457993865013,-0.0214405320584774
1777498918019468800,-0.001311496016569436,-0.01268366910517216,-0.02144176699221134
1777498918029382656,-0.00130823627114296,-0.01268271449953318,-0.02144806273281574
1777498918039276800,-0.001308147795498371,-0.01268229726701975,-0.02144826017320156
1777498918049152256,-0.001306968624703586,-0.01268353406339884,-0.02144649997353554
1777498918059008768,-0.001304066157899797,-0.01269231457263231,-0.02144529484212399
1777498918068846592,-0.001305912621319294,-0.01269102282822132,-0.02144878357648849
1777498918078665472,-0.001310044666752219,-0.01269222050905228,-0.02144648507237434
1777498918088465408,-0.001310901483520865,-0.01269203051924706,-0.02144388481974602
1777498918098252032,-0.001311267842538655,-0.01268953178077936,-0.02144432999193668
1777498918108253440,-0.001313393819145858,-0.01268752943724394,-0.02144650556147099
1777498918118469120,-0.001314418390393257,-0.01269625872373581,-0.02144359797239304
1777498918128664832,-0.001310183666646481,-0.0126971798017621,-0.02144271694123745
1777498918138840576,-0.001313010929152369,-0.01269970554858446,-0.02144169621169567
1777498918148996608,-0.001313725952059031,-0.01270144339650869,-0.02144472114741802
1777498918159132928,-0.001314585562795401,-0.01270049158483744,-0.02144778892397881
1777498918169249792,-0.001316064619459212,-0.01269934233278036,-0.02144519612193108
1777498918179346944,-0.00131664820946753,-0.01269739028066397,-0.02144746109843254
1777498918189424384,-0.001310674124397337,-0.01269558630883694,-0.02144835703074932
1777498918199485184,-0.001304907840676606,-0.01269179955124855,-0.02144919149577618
1777498918209526528,-0.001306789228692651,-0.01269516348838806,-0.02145352959632874
1777498918219548160,-0.001308189821429551,-0.01269659679383039,-0.02145427465438843
1777498918229550336,-0.001309207989834249,-0.01269595697522163,-0.02145201899111271
1777498918239533056,-0.001301417127251625,-0.01269625220447779,-0.02144982852041721
1777498918249496320,-0.001304436707869172,-0.01269434485584497,-0.02144877426326275
1777498918259440128,-0.001298282877542078,-0.01269872114062309,-0.02144743502140045
1777498918269364736,-0.001295355148613453,-0.01270066294819117,-0.02144338563084602
1777498918279270400,-0.001293176435865462,-0.01269949413836002,-0.02144530415534973
1777498918289156864,-0.001289660111069679,-0.012703537940979,-0.02144309505820274
1777498918299024384,-0.001286953804083169,-0.01270350813865662,-0.02143673598766327
1777498918308872704,-0.001292746630497277,-0.01269959844648838,-0.02143419347703457
1777498918318701312,-0.001296520233154297,-0.01269171852618456,-0.02143334038555622
1777498918328510976,-0.001297755399718881,-0.01268786005675793,-0.02143464051187038
1777498918338301696,-0.001299092662520707,-0.01269076205790043,-0.02143104746937752
1777498918348305664,-0.001301306416280568,-0.01269514951854944,-0.02143632806837559
1777498918358522624,-0.001300892909057438,-0.01269826292991638,-0.0214342400431633
1777498918368719872,-0.001302770688198507,-0.0127002289518714,-0.02142976596951485
1777498918378897408,-0.001307719270698726,-0.01269651856273413,-0.02142726443707943
1777498918389056000,-0.001308753504417837,-0.01269359514117241,-0.02142582461237907
1777498918399195136,-0.001306793768890202,-0.01269035134464502,-0.02142827957868576
1777498918409314816,-0.001305682701058686,-0.01269527245312929,-0.02142957225441933
1777498918419414528,-0.001305676763877273,-0.01269708015024662,-0.0214281938970089
1777498918429495296,-0.001302393968217075,-0.01270317658782005,-0.0214274525642395
1777498918439556352,-0.001300592790357769,-0.01270249020308256,-0.02142778038978577
1777498918449597696,-0.001304044504649937,-0.01270397379994392,-0.02142896130681038
1777498918459619328,-0.001304726349189878,-0.01269893441349268,-0.02142761461436749
1777498918469622272,-0.001300839707255363,-0.01269165519624949,-0.02142968587577343
1777498918479605760,-0.001300970441661775,-0.01269537582993507,-0.02143332548439503
1777498918489570048,-0.001303944736719131,-0.01269592065364122,-0.02143219485878944
1777498918499514880,-0.001299061579629779,-0.01269134040921926,-0.02143456414341927
1777498918509440000,-0.001300645642913878,-0.01269145682454109,-0.02143034897744656
1777498918519349248,-0.001297927112318575,-0.01268770825117826,-0.02143096923828125
1777498918529242112,-0.001299632946029305,-0.01268735714256763,-0.0214346032589674
1777498918539115776,-0.001306231366470456,-0.01268656458705664,-0.0214344747364521
1777498918548970496,-0.001296237227506936,-0.01268470752984285,-0.02143250778317451
1777498918558806272,-0.001293667475692928,-0.01268708892166615,-0.02142907306551933
1777498918568623104,-0.001293719280511141,-0.01269120536744595,-0.02142730168998241
1777498918578420736,-0.001294155139476061,-0.01269568223506212,-0.02143066562712193
1777498918588198912,-0.00128887384198606,-0.01270069647580385,-0.02143578603863716
1777498918598416640,-0.001293646986596286,-0.01270298380404711,-0.02144154720008373
1777498918608614656,-0.001288070576265454,-0.01270707510411739,-0.0214370246976614
1777498918618793472,-0.001288362080231309,-0.01270469930022955,-0.02144007757306099
1777498918628952576,-0.001288756728172302,-0.01270078681409359,-0.02143828012049198
1777498918639092480,-0.001288794446736574,-0.01270031277090311,-0.02143998257815838
1777498918649213696,-0.001287619466893375,-0.01270413678139448,-0.02143646217882633
1777498918659314944,-0.0012860904680565,-0.01270586904138327,-0.0214372631162405
1777498918669396736,-0.001289881649427116,-0.01270470581948757,-0.02143783308565617
1777498918679458560,-0.001289547653868794,-0.01269903592765331,-0.02143771201372147
1777498918689500928,-0.001288171508349478,-0.01269397418946028,-0.02143516205251217
1777498918699523840,-0.001277264789678156,-0.01269032526761293,-0.02143258228898048
1777498918709526784,-0.001276628929190338,-0.01268887519836426,-0.02143300883471966
1777498918719510528,-0.001284378929995,-0.01268763747066259,-0.02143356949090958
1777498918729474816,-0.001285230508074164,-0.01269022282212973,-0.02143190242350101
1777498918739419648,-0.001291140099056065,-0.01268904656171799,-0.02143369615077972
1777498918749345280,-0.001296969363465905,-0.01268927473574877,-0.02143711782991886
1777498918759251456,-0.001292055938392878,-0.01268735434859991,-0.02143832482397556
1777498918769138432,-0.001289914012886584,-0.01268937718123198,-0.02143491432070732
1777498918779006208,-0.00128544878680259,-0.01268753781914711,-0.02143278159201145
1777498918788854784,-0.001286070328205824,-0.01269589830189943,-0.02143587730824947
1777498918798684672,-0.001295500784181058,-0.01269425544887781,-0.02143747545778751
1777498918808495872,-0.001304411562159657,-0.01269407477229834,-0.02144138887524605
1777498918818287872,-0.001302531338296831,-0.0126913683488965,-0.02144204638898373
1777498918828060416,-0.001300865551456809,-0.0126842437312007,-0.02144232392311096
1777498918838279168,-0.001298755640164018,-0.01269088964909315,-0.02143937163054943
1777498918848478464,-0.001299967407248914,-0.01268958207219839,-0.02144259959459305
1777498918858658560,-0.001304077915847301,-0.01269347686320543,-0.02144546993076801
1777498918868819200,-0.001296696136705577,-0.01268829591572285,-0.02144136838614941
1777498918878959872,-0.001293136388994753,-0.01268607657402754,-0.02144487202167511
1777498918889081088,-0.001292644301429391,-0.0126825263723731,-0.02144677005708218
1777498918899182592,-0.001293233362957835,-0.01268144231289625,-0.0214470662176609
1777498918909264640,-0.001290105516090989,-0.01268373243510723,-0.02144664339721203
1777498918919326464,-0.001287874765694141,-0.01268285233527422,-0.02144624479115009
1777498918929368832,-0.001284925499930978,-0.01268203649669886,-0.02144310623407364
1777498918939392000,-0.00128292094450444,-0.01268770359456539,-0.02144100703299046
1777498918949395200,-0.001282298821024597,-0.01269083376973867,-0.02144216932356358
1777498918959378944,-0.001276208669878542,-0.01269372273236513,-0.02144177444279194
1777498918969343744,-0.001275309245102108,-0.01269794814288616,-0.02144414000213146
1777498918979292672,-0.00127605558373034,-0.01269576977938414,-0.02144633233547211
1777498918989222400,-0.001276109600439668,-0.01269436720758677,-0.02144635282456875
1777498918999132672,-0.001277562114410102,-0.01269535813480616,-0.02144792675971985
1777498919009023744,-0.001276234048418701,-0.01269319374114275,-0.02144641056656837
1777498919018895616,-0.001282292883843184,-0.01269419398158789,-0.02144724130630493
1777498919028748288,-0.001291571883484721,-0.01269219070672989,-0.02144784480333328
1777498919038581504,-0.001286651357077062,-0.01269101817160845,-0.02144971303641796
1777498919048395776,-0.001283903024159372,-0.01269561424851418,-0.02145112492144108
1777498919058191616,-0.001282628974877298,-0.01268744934350252,-0.02145197056233883
1777498919067967744,-0.00127658317796886,-0.01268701441586018,-0.02145584858953953
1777498919078192896,-0.001274181064218283,-0.01269058790057898,-0.02145837806165218
1777498919088398080,-0.001277435570955276,-0.01268865168094635,-0.02146227844059467
1777498919098583552,-0.001276418915949762,-0.01268928032368422,-0.02146731875836849
1777498919108749824,-0.001275744871236384,-0.01269105914980173,-0.02146774530410767
1777498919118896640,-0.001274715876206756,-0.01268975995481014,-0.02146387845277786
1777498919129023488,-0.001267553307116032,-0.01268996018916368,-0.02146486006677151
1777498919139130880,-0.001263028825633228,-0.01268491614609957,-0.02146127633750439
1777498919149218560,-0.001261738943867385,-0.01268494874238968,-0.02146010473370552
1777498919159286528,-0.001255325390957296,-0.01268308702856302,-0.02145968563854694
1777498919169334784,-0.001252317451871932,-0.01268639322370291,-0.02146034687757492
1777498919179363584,-0.001250162604264915,-0.01268457528203726,-0.02145710028707981
1777498919189373184,-0.001247704494744539,-0.01268052589148283,-0.02145384810864925
1777498919199363328,-0.001244677579961717,-0.01268254872411489,-0.0214573573321104
1777498919209334016,-0.001245331601239741,-0.01268281880766153,-0.02145792543888092
1777498919219285504,-0.001242322148755193,-0.01268009562045336,-0.0214593131095171
1777498919229217536,-0.001240418758243322,-0.0126847168430686,-0.02146161906421185
1777498919239129856,-0.001241529360413551,-0.01268419995903969,-0.02145968936383724
1777498919249022976,-0.001229086774401367,-0.01268419623374939,-0.02146557345986366
1777498919258896896,-0.001229204586707056,-0.01268439274281263,-0.0214676633477211
1777498919268751616,-0.00122970505617559,-0.01268501672893763,-0.02146863378584385
1777498919278587904,-0.001227907836437225,-0.01267748326063156,-0.02146845497190952
1777498919288404736,-0.001220776815898716,-0.01267054490745068,-0.02146938256919384
1777498919298202624,-0.001220231293700635,-0.01266997121274471,-0.02147042751312256
1777498919307987456,-0.001218854449689388,-0.01266785152256489,-0.02146194130182266
1777498919318214144,-0.001217433717101812,-0.01267376448959112,-0.02146601304411888
1777498919328421120,-0.001221493352204561,-0.01267765834927559,-0.02146479114890099
1777498919338608640,-0.001221693935804069,-0.01268295757472515,-0.02146491035819054
1777498919348776960,-0.001222241669893265,-0.01267875544726849,-0.02146906405687332
1777498919358926336,-0.001215758849866688,-0.01267870329320431,-0.02146983332931995
1777498919369056256,-0.001215950702317059,-0.01267980225384235,-0.02146816439926624
1777498919379166720,-0.001209547976031899,-0.01267587952315807,-0.02146912179887295
1777498919389257728,-0.001198861747980118,-0.01268093474209309,-0.02147549204528332
1777498919399329024,-0.001193976029753685,-0.0126871895045042,-0.02147896029055119
1777498919409381120,-0.00119201373308897,-0.01269559096544981,-0.02147762477397919
1777498919419413760,-0.00119277904741466,-0.01269546151161194,-0.02147972770035267
1777498919429426432,-0.001196583383716643,-0.01270032301545143,-0.02147993817925453
1777498919439420672,-0.001195834600366652,-0.01270084828138351,-0.02148086205124855
1777498919449398272,-0.001190046779811382,-0.01269540004432201,-0.0214790366590023
1777498919459356416,-0.001189802074804902,-0.01270293351262808,-0.02147904969751835
1777498919469295104,-0.001191356219351292,-0.01270374096930027,-0.02148370072245598
1777498919479214592,-0.001182411098852754,-0.01270133350044489,-0.02148495055735111
1777498919489114624,-0.001184238586574793,-0.01270003244280815,-0.02148428373038769
1777498919498995456,-0.001185615081340075,-0.01270314119756222,-0.02148310653865337
1777498919508857088,-0.001188705558888614,-0.01270350534468889,-0.02149072848260403
1777498919518699520,-0.001185920555144548,-0.01270165480673313,-0.02148928493261337
1777498919528523008,-0.00118398922495544,-0.01270574796944857,-0.02148978412151337
1777498919538327040,-0.001182024017907679,-0.01270867418497801,-0.02148937806487083
1777498919548112384,-0.001179909915663302,-0.01270502060651779,-0.02148855105042458
1777498919558113024,-0.001181978033855557,-0.0127010652795434,-0.02149037458002567
1777498919568328448,-0.001190820126794279,-0.01269924826920033,-0.02148793265223503
1777498919578523904,-0.001193920033983886,-0.01270204782485962,-0.02148920670151711
1777498919588699904,-0.001195620279759169,-0.01270774099975824,-0.02149452082812786
1777498919598856704,-0.001194786978885531,-0.0127077279612422,-0.02149420976638794
1777498919608994048,-0.001195274759083986,-0.01270091161131859,-0.02149114571511745
1777498919619111680,-0.001193345873616636,-0.01269341539591551,-0.0214916430413723
1777498919629209856,-0.00118747737724334,-0.01269370038062334,-0.02149599231779575
1777498919639288576,-0.001189508708193898,-0.01268778834491968,-0.02149612084031105
1777498919649347584,-0.001183449872769415,-0.01268678158521652,-0.02149412594735622
1777498919659387136,-0.00118713837582618,-0.01268515456467867,-0.02149567194283009
1777498919669407232,-0.001191215356811881,-0.01269000116735697,-0.02149626240134239
1777498919679412224,-0.001187293324619532,-0.01268851570785046,-0.02149513736367226
1777498919689397760,-0.001190849230624735,-0.01269086729735136,-0.02149634622037411
1777498919699364096,-0.0011891188332811,-0.01269648037850857,-0.02149813994765282
1777498919709310976,-0.00118647888302803,-0.01269869785755873,-0.02149974927306175
1777498919719239168,-0.001190692302770913,-0.01270399894565344,-0.02149677090346813
1777498919729147648,-0.001187184359878302,-0.01269829366356134,-0.02149361185729504
1777498919739036672,-0.001188981346786022,-0.01269844360649586,-0.02149428799748421
1777498919748907008,-0.001195577322505414,-0.01269703824073076,-0.02149541117250919
1777498919758758656,-0.001192432711832225,-0.01269326265901327,-0.02149246633052826
1777498919768591104,-0.001199099002406001,-0.01268625166267157,-0.02149160578846931
1777498919778404352,-0.001203299965709448,-0.01268295384943485,-0.02149298042058945
1777498919788198656,-0.001201329403556883,-0.01267789956182241,-0.02149064838886261
1777498919798204416,-0.001191423856653273,-0.01267938502132893,-0.0214918777346611
1777498919808420608,-0.001191178103908896,-0.01268099155277014,-0.02148890122771263
1777498919818617088,-0.001187363639473915,-0.01268168725073338,-0.02148760110139847
1777498919828794112,-0.001198061159811914,-0.01267998106777668,-0.02148472890257835
1777498919838951168,-0.001196716097183526,-0.0126879159361124,-0.02148354798555374
1777498919849088768,-0.001202503219246864,-0.01268210913985968,-0.02148036286234856
1777498919859206400,-0.001204087398946285,-0.01268150471150875,-0.02147926203906536
1777498919869304320,-0.001203533494845033,-0.01267547532916069,-0.02148105390369892
1777498919879382528,-0.001200675731524825,-0.01267623528838158,-0.02148476243019104
1777498919889441280,-0.001195265329442918,-0.01268611941486597,-0.02148769982159138
1777498919899480320,-0.001190751674585044,-0.01269394811242819,-0.02148238196969032
1777498919909500160,-0.001190893235616386,-0.01269389037042856,-0.02148439176380634
1777498919919500288,-0.001194232841953635,-0.0126934302970767,-0.02148360200226307
1777498919929481216,-0.001197970355860889,-0.01269589923322201,-0.0214839018881321
1777498919939442432,-0.001198265934363008,-0.0127013623714447,-0.02148214727640152
1777498919949388288,-0.001197195029817522,-0.01270121429115534,-0.02148611098527908
1777498919959314688,-0.001196853700093925,-0.01270299591124058,-0.02148306183516979
1777498919969221632,-0.001196456025354564,-0.01270352490246296,-0.02148128114640713
1777498919979109376,-0.001191945630125701,-0.01270782016217709,-0.02147642523050308
1777498919988977920,-0.001183635788038373,-0.01270777825266123,-0.02147735096514225
1777498919998827520,-0.001181747880764306,-0.0127126844599843,-0.02147435210645199
1777498920008657664,-0.001178693724796176,-0.01271206978708506,-0.02147599123418331
1777498920018468608,-0.001179140759631991,-0.01271133031696081,-0.02147477492690086
1777498920028260864,-0.001175709534436464,-0.01271366886794567,-0.02146893180906773
1777498920038266112,-0.001171547803096473,-0.01272204238921404,-0.02146733738481998
1777498920048483584,-0.001167444628663361,-0.01272112596780062,-0.02146855369210243
1777498920058681344,-0.001161051099188626,-0.01272004004567862,-0.02146811038255692
1777498920068859904,-0.001162600819952786,-0.0127191049978137,-0.02146690525114536
1777498920079018752,-0.00115778821054846,-0.01271511241793633,-0.02146808244287968
1777498920089158144,-0.001158445491455495,-0.01271999161690474,-0.02146774344146252
1777498920099277312,-0.001161358202807605,-0.01271407585591078,-0.02146725915372372
1777498920109377024,-0.0011607117485255,-0.01271630544215441,-0.02147305384278297
1777498920119457024,-0.001157479942776263,-0.01271673943847418,-0.0214774701744318
1777498920129517312,-0.001155801117420197,-0.01270901132375002,-0.02147874422371387
1777498920139558400,-0.001157781924121082,-0.01270291022956371,-0.02148116193711758
1777498920149583360,-0.001152211683802307,-0.0126965744420886,-0.02148295938968658
1777498920159588864,-0.001150474767200649,-0.01269893255084753,-0.02148284763097763
1777498920169575168,-0.001147024682722986,-0.01270120032131672,-0.02148576825857162
1777498920179542016,-0.001149302581325173,-0.01269412972033024,-0.02148105949163437
1777498920189489664,-0.001148973475210369,-0.01269526500254869,-0.02147861011326313
1777498920199417856,-0.001147991511970758,-0.01269473321735859,-0.02147649601101875
1777498920209326848,-0.0011470956960693,-0.01269118394702673,-0.02147385664284229
1777498920219216640,-0.001144567155279219,-0.01268888544291258,-0.02147223986685276
1777498920229087744,-0.001143444911576807,-0.01268706936389208,-0.02147482335567474
1777498920238939648,-0.001140920678153634,-0.01268970500677824,-0.02147197350859642
1777498920248772352,-0.001140221138484776,-0.01269084401428699,-0.02146968431770802
1777498920258586112,-0.001142857479862869,-0.01268452405929565,-0.02146578580141068
1777498920268380416,-0.001146540860645473,-0.01268126629292965,-0.02146518602967262
1777498920278155776,-0.001147954957559705,-0.01268533896654844,-0.02146770805120468
1777498920288374784,-0.001149454503320158,-0.01268646586686373,-0.02146889083087444
1777498920298573824,-0.001154930097982287,-0.01268456969410181,-0.0214683972299099
1777498920308752896,-0.001156371901743114,-0.01268410217016935,-0.02146640606224537
1777498920318912512,-0.001152376527898014,-0.01269332598894835,-0.02146537974476814
1777498920329053952,-0.001155846985056996,-0.01269377116113901,-0.02146659605205059
1777498920339175168,-0.001155537203885615,-0.01269172132015228,-0.02147011086344719
1777498920349276928,-0.00114812795072794,-0.01269444450736046,-0.02146922424435616
1777498920359358720,-0.00114922143984586,-0.0126944575458765,-0.02147145755589008
1777498920369421056,-0.001146620721556246,-0.01269498188048601,-0.02146879956126213
1777498920379463680,-0.001144983223639429,-0.01268922723829746,-0.02146519161760807
1777498920389486848,-0.001138429972343147,-0.01268609799444675,-0.02146734111011028
1777498920399490304,-0.001142701017670333,-0.01268426142632961,-0.02146687917411327
1777498920409474816,-0.001141403918154538,-0.01268017385154963,-0.02146398276090622
1777498920419439872,-0.001143171335570514,-0.0126736294478178,-0.02146759070456028
1777498920429385728,-0.001146651222370565,-0.01267901994287968,-0.02146869897842407
1777498920439312128,-0.001145637244917452,-0.01268660370260477,-0.02146965451538563
1777498920449219072,-0.001143363188020885,-0.01268311031162739,-0.02146274037659168
1777498920459106560,-0.001144019886851311,-0.0126910237595439,-0.02146489918231964
1777498920468974848,-0.001144019770435989,-0.01269237417727709,-0.02146864496171474
1777498920478823680,-0.001142723951488733,-0.012690095230937,-0.0214728731662035
1777498920488654592,-0.001140226027928293,-0.01269616466015577,-0.02147509902715683
1777498920498466048,-0.001138349762186408,-0.01270206272602081,-0.02147366106510162
1777498920508264192,-0.001143686356954277,-0.01270074956119061,-0.02147257514297962
1777498920518043392,-0.001140478649176657,-0.01270518358796835,-0.02147449925541878
1777498920528263168,-0.001139146275818348,-0.01270979642868042,-0.02147762477397919
1777498920538463232,-0.001136620412580669,-0.01271031983196735,-0.02148238569498062
1777498920548643328,-0.001144000329077244,-0.01270734705030918,-0.02148005925118923
1777498920558803456,-0.001145783695392311,-0.01270327530801296,-0.02147811092436314
1777498920568945920,-0.001148597104474902,-0.01270341593772173,-0.021478570997715
1777498920579068672,-0.001149014919064939,-0.01270460709929466,-0.02147785760462284
1777498920589171968,-0.001146939350292087,-0.0127073610201478,-0.02147973887622356
1777498920599255552,-0.001149593852460384,-0.01270763669162989,-0.02147527597844601
1777498920609319936,-0.001144046662375331,-0.01270899176597595,-0.02147699147462845
1777498920619365120,-0.001142721390351653,-0.01270924787968397,-0.02147973515093327
1777498920629390592,-0.001132338424213231,-0.01271261740475893,-0.02147623896598816
1777498920639396864,-0.00113006413448602,-0.01271469797939062,-0.02147700078785419
1777498920649384192,-0.001130957389250398,-0.01271994784474373,-0.02148216031491756
1777498920659351808,-0.001133488956838846,-0.0127115473151207,-0.02148454077541828
1777498920669300224,-0.001135064288973808,-0.01271059643477201,-0.02148795127868652
1777498920679229184,-0.001129678450524807,-0.01271116826683283,-0.02148826234042645
1777498920689138688,-0.001134284073486924,-0.01270777732133865,-0.02149228751659393
1777498920699032320,-0.001127749565057456,-0.0127072986215353,-0.02149537950754166
1777498920708909824,-0.001130229444243014,-0.01270479988306761,-0.02149371802806854
1777498920718768128,-0.001122915302403271,-0.0127105051651597,-0.02149537391960621
1777498920728607744,-0.00111633853521198,-0.01270575821399689,-0.02149826474487782
1777498920738427904,-0.001117584644816816,-0.01270602736622095,-0.0214961152523756
1777498920748229376,-0.001123652677051723,-0.01270297914743423,-0.02149650268256664
1777498920758011904,-0.001119844964705408,-0.01270752586424351,-0.02149796858429909
1777498920768237824,-0.001117053325287998,-0.01270872540771961,-0.02149986661970615
1777498920778444544,-0.001122097484767437,-0.01270354352891445,-0.02150184661149979
1777498920788631296,-0.001122712856158614,-0.01269829459488392,-0.02150192111730576
1777498920798798336,-0.001120266271755099,-0.01269818376749754,-0.02150077186524868
1777498920808945664,-0.00111947045661509,-0.01269976794719696,-0.02150244638323784
1777498920819073536,-0.001110296812839806,-0.01269548013806343,-0.02150236628949642
1777498920829181440,-0.001107209594920278,-0.01269660796970129,-0.02150163613259792
1777498920839269888,-0.001113471225835383,-0.01269726548343897,-0.02149726077914238
1777498920849338880,-0.00111259485129267,-0.01268956623971462,-0.02149953320622444
1777498920859388160,-0.001116122351959348,-0.0126915629953146,-0.02150020562112331
1777498920869417728,-0.00111138285137713,-0.01270097773522139,-0.02150037698447704
1777498920879428096,-0.001105366623960435,-0.01270115468651056,-0.02149801142513752
1777498920889419264,-0.00110606849193573,-0.0126989483833313,-0.02150177955627441
1777498920899390976,-0.001107142423279583,-0.01269715651869774,-0.02150397002696991
1777498920909343232,-0.001111091580241919,-0.01270019635558128,-0.02150226756930351
1777498920919276032,-0.001108648139052093,-0.01269249897450209,-0.02150209248065948
1777498920929189376,-0.001111403340473771,-0.01269452646374702,-0.02150320261716843
1777498920939083520,-0.001105786534026265,-0.01269080583006144,-0.02151021361351013
1777498920948958720,-0.001104367431253195,-0.01268589962273836,-0.02150691859424114
1777498920958818560,-0.001103966264054179,-0.01268550101667643,-0.02150574512779713
1777498920968663040,-0.001100241206586361,-0.0126877473667264,-0.02150316163897514
1777498920978488320,-0.001098082633689046,-0.01268662605434656,-0.02149981632828712
1777498920988294400,-0.001099290791898966,-0.01268776226788759,-0.02149587869644165
1777498920998081792,-0.001107011805288494,-0.01269113179296255,-0.02149748988449574
1777498921008083968,-0.001107620657421649,-0.01269083004444838,-0.02149410918354988
1777498921018300160,-0.001104562659747899,-0.01269323937594891,-0.02149265073239803
1777498921028496896,-0.001102402107790112,-0.01269335299730301,-0.02149113081395626
1777498921038673920,-0.001102994196116924,-0.01269773207604885,-0.02148769050836563
1777498921048830720,-0.001106492709368467,-0.01269805710762739,-0.02149074338376522
1777498921058967552,-0.001101546920835972,-0.01269856095314026,-0.02149190008640289
1777498921069084928,-0.001109197619371116,-0.01269293949007988,-0.02149622887372971
1777498921079182592,-0.001108863507397473,-0.0126939145848155,-0.02149674668908119
1777498921089261568,-0.00110587093513459,-0.01269685663282871,-0.02149977721273899
1777498921099322624,-0.001109232311137021,-0.01269573532044888,-0.0215015597641468
1777498921109363968,-0.001100362977012992,-0.01269337628036737,-0.02150637842714787
1777498921119385600,-0.001091665122658014,-0.01268976368010044,-0.02150603383779526
1777498921129387776,-0.001093064551241696,-0.01268742512911558,-0.02150446735322475
1777498921139370752,-0.001095002517104149,-0.0126836160197854,-0.02150886505842209
1777498921149334272,-0.001097647240385413,-0.01268245652318001,-0.02151099964976311
1777498921159278080,-0.001096306135877967,-0.01268095336854458,-0.0215121004730463
1777498921169203200,-0.001094127190299332,-0.01267971657216549,-0.02151257917284966
1777498921179109120,-0.001091047073714435,-0.01268214266747236,-0.02151354029774666
1777498921188995840,-0.001096084946766496,-0.01268487330526114,-0.02151117660105228
1777498921198863104,-0.001099204062484205,-0.01267856452614069,-0.02151620760560036
1777498921208711168,-0.001095773302949965,-0.01268231123685837,-0.02151637896895409
1777498921218540032,-0.001099524553865194,-0.01267759315669537,-0.02151930332183838
1777498921228349696,-0.00110092235263437,-0.01267768535763025,-0.02152276039123535
1777498921238139904,-0.001101559959352016,-0.01267358288168907,-0.02152474783360958
1777498921248144384,-0.001108234748244286,-0.01266941707581282,-0.02152706682682037
1777498921258361856,-0.001109400065615773,-0.01266649644821882,-0.02152375690639019
1777498921268559616,-0.001112105674110353,-0.0126670952886343,-0.02152331173419952
1777498921278737920,-0.001112173194997013,-0.01266541797667742,-0.02152919210493565
1777498921288896768,-0.001109654898755252,-0.01266084797680378,-0.02152625098824501
1777498921299036160,-0.001109573757275939,-0.0126640172675252,-0.02152803912758827
1777498921309155584,-0.001109160366468132,-0.01266222912818193,-0.02153323031961918
1777498921319256064,-0.001107095740735531,-0.01265986636281013,-0.02153675071895123
1777498921329336320,-0.001112915342673659,-0.01265640463680029,-0.02153550647199154
1777498921339397120,-0.001110346522182226,-0.01265980675816536,-0.02153840847313404
1777498921349440000,-0.001112735364586115,-0.01265960093587637,-0.02153701335191727
1777498921359465216,-0.0011070262407884,-0.01265964098274708,-0.02154098823666573
1777498921369470976,-0.001107515883632004,-0.01265788078308105,-0.02154775522649288
1777498921379457280,-0.001108222757466137,-0.0126594128087163,-0.02154902555048466
1777498921389424128,-0.001108233700506389,-0.01265697460621595,-0.02155417390167713
1777498921399371776,-0.001109062926843762,-0.01265499368309975,-0.02155987359583378
1777498921409299968,-0.00110933871474117,-0.01265073008835316,-0.0215602945536375
1777498921419208704,-0.00110775011125952,-0.01264721527695656,-0.0215632226318121
1777498921429098496,-0.001110009150579572,-0.01265099830925465,-0.02156238816678524
1777498921438969344,-0.001109968638047576,-0.01265047211199999,-0.02156312204897404
1777498921448820992,-0.001106360461562872,-0.01265198178589344,-0.02156154625117779
1777498921458653696,-0.001107378047890961,-0.01265109144151211,-0.02155810967087746
1777498921468466944,-0.00111196911893785,-0.01264351978898048,-0.0215577557682991
1777498921478260992,-0.001124274102039635,-0.01264422014355659,-0.02155611477792263
1777498921488036352,-0.00112661684397608,-0.01264920458197594,-0.02155260182917118
1777498921498253824,-0.00112715782597661,-0.012652981095016,-0.02155014686286449
1777498921508451584,-0.001123785623349249,-0.01265140902251005,-0.02155647613108158
1777498921518629376,-0.001123610069043934,-0.01264975871890783,-0.02155053243041039
1777498921528788224,-0.001120235887356102,-0.01265575084835291,-0.02155198156833649
1777498921538927616,-0.001119094667956233,-0.01265137176960707,-0.02155059762299061
1777498921549047040,-0.001119878375902772,-0.01265510357916355,-0.0215589702129364
1777498921559146752,-0.001113614998757839,-0.01265429332852364,-0.02156201750040054
1777498921569227008,-0.001103383954614401,-0.012653605081141,-0.02156056836247444
1777498921579287808,-0.001105117378756404,-0.01265435386449099,-0.02156395837664604
1777498921589328896,-0.001104121445678174,-0.01265889778733253,-0.02156166173517704
1777498921599350784,-0.001105880015529692,-0.01265622768551111,-0.02156123146414757
1777498921609353728,-0.001106609590351582,-0.01265952363610268,-0.02156556583940983
1777498921619337216,-0.001111239776946604,-0.01266182027757168,-0.02156791836023331
1777498921629303808,-0.001111962250433862,-0.01266144495457411,-0.02156903594732285
1777498921639251712,-0.001110145007260144,-0.01266018021851778,-0.02156743593513966
1777498921649180160,-0.001112506259232759,-0.0126592805609107,-0.02156725525856018
1777498921659089152,-0.001109939184971154,-0.01265578716993332,-0.02156787365674973
1777498921668979200,-0.001102037495002151,-0.01265711802989244,-0.02156643941998482
1777498921678849792,-0.001099309301935136,-0.01265762560069561,-0.02156483381986618
1777498921688700928,-0.001105475355871022,-0.01265834737569094,-0.02156041748821735
1777498921698533120,-0.001104016206227243,-0.01265472918748856,-0.02156098373234272
1777498921708346624,-0.001107019255869091,-0.01265088655054569,-0.02156157232820988
1777498921718140928,-0.001104024238884449,-0.01264442130923271,-0.02156286314129829
1777498921727916288,-0.001104911440052092,-0.01264326181262732,-0.02155924960970879
1777498921738136064,-0.001114162849262357,-0.01264121569693089,-0.02155846357345581
1777498921748335872,-0.001116036437451839,-0.01263938099145889,-0.02155516110360622
1777498921758515712,-0.001119520282372832,-0.01264197938144207,-0.02155588008463383
1777498921768676608,-0.001113223843276501,-0.0126432329416275,-0.02155685983598232
1777498921778818304,-0.001111299498006701,-0.01264482829719782,-0.021560899913311
1777498921788940032,-0.001104550901800394,-0.01264538522809744,-0.02156045101583004
1777498921799042048,-0.001102256937883794,-0.01265284791588783,-0.0215612631291151
1777498921809124864,-0.001101313275285065,-0.01264778897166252,-0.02156406454741955
1777498921819187968,-0.001099514658562839,-0.01264958176761866,-0.02155882678925991
1777498921829231104,-0.001103452406823635,-0.01264553889632225,-0.02155378647148609
1777498921839254528,-0.00110335077624768,-0.01264605857431889,-0.02155330777168274
1777498921849259008,-0.001101903151720762,-0.01264567486941814,-0.02155988849699497
1777498921859244032,-0.001102478825487196,-0.01264071743935347,-0.02155762165784836
1777498921869209600,-0.00109768460970372,-0.01264131907373667,-0.02156216651201248
1777498921879155712,-0.001101817702874541,-0.01264235097914934,-0.02155990153551102
1777498921889086208,-0.001096047577448189,-0.01264287624508142,-0.02155965194106102
1777498921898997504,-0.00109106965828687,-0.01263686735183001,-0.0215615201741457
1777498921908889600,-0.001094615552574396,-0.01264610048383474,-0.0215651597827673
1777498921918762496,-0.00109492673072964,-0.01263845153152943,-0.02156363800168037
1777498921928616448,-0.001098962500691414,-0.01262865867465734,-0.02155920304358006
1777498921938451456,-0.001099253655411303,-0.01263196766376495,-0.02156408317387104
1777498921948267008,-0.001097084255889058,-0.0126285795122385,-0.02156389318406582
1777498921958063872,-0.001099410001188517,-0.01263212785124779,-0.02155947126448154
1777498921967842304,-0.001097950269468129,-0.01263639237731695,-0.02155964262783527
1777498921978067456,-0.001101180561818182,-0.01263758726418018,-0.02156166359782219
1777498921988273152,-0.001105360803194344,-0.01263363752514124,-0.02156578004360199
1777498921998459392,-0.001106072915717959,-0.01264272164553404,-0.02157134748995304
1777498922008626176,-0.001102614914998412,-0.01264130137860775,-0.02157236821949482
1777498922018773504,-0.001100438297726214,-0.01264168135821819,-0.02157227136194706
1777498922028901376,-0.001103542279452085,-0.01264037750661373,-0.02157491073012352
1777498922039009536,-0.001106311101466417,-0.01264055352658033,-0.0215727910399437
1777498922049098496,-0.001109292963519692,-0.01264242082834244,-0.02157462202012539
1777498922059168000,-0.001112391473725438,-0.01263844594359398,-0.02157724089920521
1777498922069218304,-0.00111817370634526,-0.01264166738837957,-0.02157660387456417
1777498922079252992,-0.001118588144890964,-0.01264617219567299,-0.02157284319400787
1777498922089267968,-0.001119075925089419,-0.01264788955450058,-0.02157243154942989
1777498922099263744,-0.001120188040658832,-0.01265269424766302,-0.02157200872898102
1777498922109240064,-0.001115243649110198,-0.01265336666256189,-0.02157667092978954
1777498922119197184,-0.001115383114665747,-0.01265887636691332,-0.02157627604901791
1777498922129134848,-0.001116931554861367,-0.0126641858369112,-0.02157673984766006
1777498922139053312,-0.001110907294787467,-0.01266534440219402,-0.02157833613455296
1777498922148952320,-0.001107352669350803,-0.01267286017537117,-0.02157844789326191
1777498922158833152,-0.00110818725079298,-0.01267376821488142,-0.02158272080123425
1777498922168694784,-0.001108373631723225,-0.01267500314861536,-0.02158154733479023
1777498922178537216,-0.001107107964344323,-0.01267005410045385,-0.02157835476100445
1777498922188360448,-0.001105391653254628,-0.0126646738499403,-0.02158299461007118
1777498922198164480,-0.001104097813367844,-0.01267017610371113,-0.02158422581851482
1777498922207949568,-0.001100777881219983,-0.01266603730618954,-0.02158746495842934
1777498922218176000,-0.001096445485018194,-0.01266192644834518,-0.02159038558602333
1777498922228382720,-0.001101100584492087,-0.0126605648547411,-0.02159111574292183
1777498922238569728,-0.001106620999053121,-0.0126611003652215,-0.02158450148999691
1777498922248737280,-0.001110114855691791,-0.01266291737556458,-0.021585738286376
1777498922258885120,-0.001115480437874794,-0.01266422867774963,-0.02158507518470287
1777498922269013248,-0.001112552243284881,-0.01267214026302099,-0.02158484607934952
1777498922279121408,-0.001109229982830584,-0.01267412770539522,-0.02157794125378132
1777498922289210368,-0.001110095879994333,-0.0126747228205204,-0.0215745959430933
1777498922299279360,-0.00111243047285825,-0.01267629489302635,-0.02157627418637276
1777498922309328384,-0.001112129772081971,-0.01267519500106573,-0.02157211489975452
1777498922319360000,-0.001112390425987542,-0.01267573144286871,-0.02157296799123287
1777498922329373952,-0.001104792463593185,-0.01267467439174652,-0.02157226763665676
1777498922339368192,-0.001100946334190667,-0.01267327927052975,-0.02157119661569595
1777498922349343232,-0.001104169874452055,-0.01267629768699408,-0.02157048508524895
1777498922359299072,-0.001107193413190544,-0.01267687324434519,-0.02157448045909405
1777498922369235456,-0.001108712633140385,-0.0126793347299099,-0.0215742327272892
1777498922379152384,-0.001106817624531686,-0.01267578359693289,-0.02157417871057987
1777498922389050112,-0.001103537855669856,-0.01267755869776011,-0.02157978340983391
1777498922398928896,-0.001108933356590569,-0.0126732150092721,-0.02158211730420589
1777498922408788736,-0.001108542899601161,-0.01266466453671455,-0.02158482559025288
1777498922418629120,-0.001111857825890183,-0.01266839448362589,-0.02158156409859657
1777498922428450816,-0.001117376028560102,-0.0126607334241271,-0.0215805284678936
1777498922438253056,-0.00111437460873276,-0.01265773735940456,-0.02158312499523163
1777498922448036352,-0.001115366001613438,-0.0126555198803544,-0.02158348821103573
1777498922458036224,-0.001109622186049819,-0.01265989523380995,-0.02158244699239731
1777498922468252416,-0.001105993404053152,-0.01265658531337976,-0.02158262953162193
1777498922478449152,-0.001105942064896226,-0.01265260018408298,-0.02157877385616302
1777498922488626176,-0.001107480027712882,-0.01265327259898186,-0.0215808991342783
1777498922498783232,-0.001111028483137488,-0.01265266817063093,-0.02158288843929768
1777498922508920832,-0.001110925804823637,-0.01265126280486584,-0.0215812586247921
1777498922519038464,-0.001119102817028761,-0.01264937408268452,-0.0215772520750761
1777498922529136384,-0.001120170694775879,-0.01264761295169592,-0.02157649211585522
1777498922539215872,-0.001122887013480067,-0.01264537777751684,-0.0215731356292963
1777498922549277184,-0.001128111151047051,-0.01263954490423203,-0.02157339453697205
1777498922559319040,-0.00112287700176239,-0.012641835026443,-0.02157077006995678
1777498922569341696,-0.001125550712458789,-0.01264093443751335,-0.02157213166356087
1777498922579344640,-0.001128156669437885,-0.01264060568064451,-0.02157123200595379
1777498922589328128,-0.001123527996242046,-0.0126390578225255,-0.02156679145991802
1777498922599292416,-0.001125481096096337,-0.01264047250151634,-0.02156681008636951
1777498922609237504,-0.001128076226450503,-0.01264222338795662,-0.02156695164740086
1777498922619163392,-0.001133358338847756,-0.01264065597206354,-0.02156973816454411
1777498922629070336,-0.00113258499186486,-0.01264313794672489,-0.02156976982951164
1777498922638958080,-0.00113440107088536,-0.01264398079365492,-0.02157308161258698
1777498922648826624,-0.001137988991104066,-0.01265349797904491,-0.02157825976610184
1777498922658675968,-0.001130632939748466,-0.01265162602066994,-0.0215786024928093
1777498922668506368,-0.001131792785599828,-0.01265446562319994,-0.0215783566236496
1777498922678317312,-0.001132219797000289,-0.01265563350170851,-0.02157530561089516
1777498922688109312,-0.001135245081968606,-0.01266092341393232,-0.02157209254801273
1777498922698114048,-0.001139359548687935,-0.01266373693943024,-0.02157160453498363
1777498922708330752,-0.001133018522523344,-0.01266652066260576,-0.02157357707619667
1777498922718527744,-0.001133617595769465,-0.01266556419432163,-0.02157686091959476
1777498922728705792,-0.001127170864492655,-0.01266495138406754,-0.02157807350158691
1777498922738864640,-0.001129272859543562,-0.01266331132501364,-0.02158062905073166
1777498922749003776,-0.001131099998019636,-0.01265335269272327,-0.02157783694565296
1777498922759123200,-0.001135995495133102,-0.01265535783022642,-0.02157656103372574
1777498922769223680,-0.001132666715420783,-0.01265630591660738,-0.02157665230333805
1777498922779304192,-0.001131452154368162,-0.01265574619174004,-0.0215798132121563
1777498922789365248,-0.001135966391302645,-0.01265209913253784,-0.0215821135789156
1777498922799407360,-0.001134017365984619,-0.01265295501798391,-0.02158508449792862
1777498922809430528,-0.001135048805736005,-0.01265151053667068,-0.02158763818442822
1777498922819434240,-0.001131842029280961,-0.01265700906515121,-0.02158594317734241
1777498922829418496,-0.001136099454015493,-0.01265601254999638,-0.02158762514591217
1777498922839383296,-0.001135144149884582,-0.01265976298600435,-0.02159531228244305
1777498922849328896,-0.001130501623265445,-0.01266179233789444,-0.02159496769309044
1777498922859255040,-0.001128800446167588,-0.01266020536422729,-0.02159534208476543
1777498922869169152,-0.001129145850427449,-0.0126588623970747,-0.02159923128783703
1777498922879064320,-0.001128205680288374,-0.01265610940754414,-0.02159957773983479
1777498922888940800,-0.001129276701249182,-0.01265179272741079,-0.02159861847758293
1777498922898798336,-0.001135122263804078,-0.01264765113592148,-0.02159382402896881
1777498922908637184,-0.001131905475631356,-0.01264103129506111,-0.02159032598137856
1777498922918457088,-0.001129434793256223,-0.01264034025371075,-0.02159099094569683
1777498922928258048,-0.001125605427660048,-0.01264197286218405,-0.02159111946821213
1777498922938267648,-0.001129506737925112,-0.01263104472309351,-0.02159398607909679
1777498922948485120,-0.001134057762101293,-0.01262685563415289,-0.02159306220710278
1777498922958682624,-0.001129763899371028,-0.01262926496565342,-0.02159542962908745
1777498922968860672,-0.001128745498135686,-0.0126317935064435,-0.02159486711025238
1777498922979019520,-0.001129370997659862,-0.01263745129108429,-0.0215925183147192
1777498922989158912,-0.001133911777287722,-0.01264260150492191,-0.02159698680043221
1777498922999278592,-0.001137124840170145,-0.0126388818025589,-0.02159647084772587
1777498923009379072,-0.001136871636845171,-0.0126367062330246,-0.02159473113715649
1777498923019459840,-0.001135551137849689,-0.01263289619237185,-0.02159263007342815
1777498923029521664,-0.001126805902458727,-0.01264235377311707,-0.02159265615046024
1777498923039563776,-0.00112685130443424,-0.01264542434364557,-0.02159756794571877
1777498923049586944,-0.001122707151807845,-0.01264799013733864,-0.02159480936825275
1777498923059593472,-0.001125473761931062,-0.01264840085059404,-0.02159681729972363
1777498923069580544,-0.001124338363297284,-0.01264605950564146,-0.02159801684319973
1777498923079548416,-0.00112919881939888,-0.01264825649559498,-0.02159887365996838
1777498923089496832,-0.001130036194808781,-0.01265465281903744,-0.02159786410629749
1777498923099426304,-0.001129000214859843,-0.01265445444732904,-0.02159948460757732
1777498923109336320,-0.00112518563400954,-0.0126509303227067,-0.0215986929833889
1777498923119226880,-0.001122964429669082,-0.01265090517699718,-0.02159710973501205
1777498923129098240,-0.001118218060582876,-0.01265352033078671,-0.02159315161406994
1777498923138950656,-0.00111696682870388,-0.01265762001276016,-0.02159311436116695
1777498923148784128,-0.001112532685510814,-0.0126542104408145,-0.02159819193184376
1777498923158598144,-0.001109851989895105,-0.01264931261539459,-0.02160044386982918
1777498923168392960,-0.00110481702722609,-0.01264448463916779,-0.02159962058067322
1777498923178168832,-0.001099612563848495,-0.01264470815658569,-0.02159728482365608
1777498923188387584,-0.001099021756090224,-0.01264640223234892,-0.02159920707345009
1777498923198586880,-0.001096197287552059,-0.0126482006162405,-0.02159992977976799
1777498923208766976,-0.001101710018701851,-0.01264500804245472,-0.02160022594034672
1777498923218927616,-0.001103455550037324,-0.01264212280511856,-0.02159679681062698
1777498923229068800,-0.001112228841520846,-0.01263914350420237,-0.02159326896071434
1777498923239190272,-0.001109546166844666,-0.01264125015586615,-0.02159371413290501
1777498923249292032,-0.001111413934268057,-0.01263799518346786,-0.02159399911761284
1777498923259374848,-0.001110564218834043,-0.0126348938792944,-0.02159074135124683
1777498923269438208,-0.001111461082473397,-0.01263413578271866,-0.02159166522324085
1777498923279481856,-0.001111900899559259,-0.01262493617832661,-0.02159103006124496
1777498923289506304,-0.001115274615585804,-0.01262361835688353,-0.02159151062369347
1777498923299514624,-0.001113250968046486,-0.01262470334768295,-0.02159079909324646
1777498923309503744,-0.001114611746743321,-0.01263112854212523,-0.02159329131245613
1777498923319473408,-0.001118124579079449,-0.01263682823628187,-0.02159219793975353
1777498923329423616,-0.001116506406106055,-0.01263424102216959,-0.02158969454467297
1777498923339354880,-0.001118714222684503,-0.01263554953038692,-0.02158954925835133
1777498923349266944,-0.001116539933718741,-0.01263844035565853,-0.02158798091113567
1777498923359159552,-0.0011187216732651,-0.01263165008276701,-0.02159068547189236
1777498923369032960,-0.001119328662753105,-0.01263962779194117,-0.02158857323229313
1777498923378887936,-0.001119890948757529,-0.01264129672199488,-0.02159103937447071
1777498923388723968,-0.001123606343753636,-0.01264182385057211,-0.02159309573471546
1777498923398540800,-0.001121609122492373,-0.01264313887804747,-0.0215940847992897
1777498923408338688,-0.001121980370953679,-0.01264303270727396,-0.02159771881997585
1777498923418117632,-0.001127138733863831,-0.01264039892703295,-0.02159981988370419
1777498923428342016,-0.001125705544836819,-0.01264646649360657,-0.02160277217626572
1777498923438547200,-0.001131783938035369,-0.01264187134802341,-0.02160175889730453
1777498923448732416,-0.001123627880588174,-0.01264127809554338,-0.02160225622355938
1777498923458897920,-0.001125371316447854,-0.01263936795294285,-0.02160167321562767
1777498923469043712,-0.001121623907238245,-0.01264453958719969,-0.02160253562033176
1777498923479171328,-0.001121129491366446,-0.01263690646737814,-0.02160102315247059
1777498923489279488,-0.001124921487644315,-0.01263144705444574,-0.02159523405134678
1777498923499368192,-0.001127317547798157,-0.01263076066970825,-0.02159368805587292
1777498923509437184,-0.001129279495216906,-0.01262747030705214,-0.02159150876104832
1777498923519486976,-0.001127385185100138,-0.0126247126609087,-0.02159268781542778
1777498923529517312,-0.001128618256188929,-0.01262562070041895,-0.02159333601593971
1777498923539528448,-0.001127979485318065,-0.01262788567692041,-0.02159274742007256
1777498923549520640,-0.001133256009779871,-0.01263014040887356,-0.0215977318584919
1777498923559493632,-0.001138001214712858,-0.01262430101633072,-0.02160077728331089
1777498923569447680,-0.001142152934335172,-0.0126282824203372,-0.02160259522497654
1777498923579382528,-0.001143770641647279,-0.012629727832973,-0.02160476893186569
1777498923589297664,-0.001150957774370909,-0.01262770127505064,-0.02160423062741756
1777498923599193600,-0.001147714909166098,-0.01263397932052612,-0.02160601876676083
1777498923609070592,-0.001143970061093569,-0.01262941770255566,-0.02160746976733208
1777498923618928384,-0.001139350468292832,-0.0126262940466404,-0.02160650491714478
1777498923628767232,-0.001144308131188154,-0.01262957975268364,-0.02161127142608166
1777498923638587648,-0.001141785993240774,-0.01263068150728941,-0.02161318063735962
1777498923648389376,-0.001137713668867946,-0.01262946706265211,-0.02161322347819805
1777498923658172416,-0.001145452493801713,-0.01263285521417856,-0.02161874063313007
1777498923668397312,-0.001145784859545529,-0.01263738702982664,-0.0216200202703476
1777498923678602240,-0.001145769259892404,-0.01263399887830019,-0.02162024192512035
1777498923688787456,-0.001143852132372558,-0.01263517886400223,-0.02161713503301144
1777498923698952704,-0.001137537066824734,-0.01263648830354214,-0.02161548286676407
1777498923709098240,-0.001134282792918384,-0.01263601426035166,-0.02161714062094688
1777498923719225344,-0.001130894292145967,-0.01263143308460712,-0.02161426283419132
1777498923729333248,-0.00113433797378093,-0.01263269316405058,-0.02161878161132336
1777498923739421952,-0.001133432728238404,-0.01262662000954151,-0.02161847613751888
1777498923749490944,-0.001133760553784668,-0.01262895483523607,-0.02162090875208378
1777498923759540224,-0.001136301085352898,-0.01263059303164482,-0.0216171033680439
1777498923769570304,-0.001139561529271305,-0.01263293623924255,-0.02161641791462898
1777498923779581184,-0.001141028595156968,-0.01263191178441048,-0.02162208780646324
1777498923789572352,-0.001141472486779094,-0.01262787729501724,-0.02162143401801586
1777498923799544320,-0.001136028207838535,-0.01262724120169878,-0.02161934971809387
1777498923809497088,-0.001140556647442281,-0.01262297015637159,-0.02161631919443607
1777498923819430656,-0.001138080842792988,-0.012614406645298,-0.0216157678514719
1777498923829344512,-0.001134683727286756,-0.0126146087422967,-0.02161558903753757
1777498923839239424,-0.001135128899477422,-0.01261319313198328,-0.02161871083080769
1777498923849114880,-0.001138535677455366,-0.01261359546333551,-0.02161869592964649
1777498923858971392,-0.001142286579124629,-0.01261160057038069,-0.02161718718707561
1777498923868808192,-0.001143671106547117,-0.01261181104928255,-0.02161496505141258
1777498923878626816,-0.001137284561991692,-0.01261288952082396,-0.02161533758044243
1777498923888426496,-0.001127107301726937,-0.01260485127568245,-0.02161430381238461
1777498923898206976,-0.001119476044550538,-0.01260753627866507,-0.02162252925336361
1777498923908205312,-0.00112180516589433,-0.01260634604841471,-0.02162733301520348
1777498923918420736,-0.001123834168538451,-0.01261027622967958,-0.02162232995033264
1777498923928616192,-0.00111405155621469,-0.01260491274297237,-0.02162131480872631
1777498923938791680,-0.001115625724196434,-0.01260803733021021,-0.02162258327007294
1777498923948947712,-0.001120206317864358,-0.01260877586901188,-0.02162141166627407
1777498923959083776,-0.001117834472097456,-0.01261400617659092,-0.02161774225533009
1777498923969200128,-0.001115039805881679,-0.01261185202747583,-0.02161833085119724
1777498923979298304,-0.001112059922888875,-0.01260924991220236,-0.02161991782486439
1777498923989378048,-0.001113733160309494,-0.01260743103921413,-0.0216190367937088
1777498923999438080,-0.001106779556721449,-0.01261093001812696,-0.02162590995430946
1777498924009479424,-0.001105752889998257,-0.01261565834283829,-0.02163361944258213
1777498924019501312,-0.001111285644583404,-0.01261628698557615,-0.02163475379347801
1777498924029503744,-0.001119897118769586,-0.01262008212506771,-0.02163318544626236
1777498924039486976,-0.001111311255954206,-0.01261506695300341,-0.02164179459214211
1777498924049450752,-0.001107213320210576,-0.01261925511062145,-0.0216401219367981
1777498924059395584,-0.001108887605369091,-0.01261683832854033,-0.02163573913276196
1777498924069321216,-0.001104967086575925,-0.01261686626821756,-0.02163365110754967
1777498924079227648,-0.001099263085052371,-0.01262513734400272,-0.02162791043519974
1777498924089114880,-0.001105980714783072,-0.01262945309281349,-0.02162820659577847
1777498924098982912,-0.001102944253943861,-0.01262562721967697,-0.02162766456604004
1777498924108832000,-0.001101441564969718,-0.01262769754976034,-0.02162569388747215
1777498924118661632,-0.001101965084671974,-0.01262858230620623,-0.02162676863372326
1777498924128472320,-0.001100746914744377,-0.01263181399554014,-0.02163015305995941
1777498924138264576,-0.001099093933589756,-0.01263199187815189,-0.02162934467196465
1777498924148269312,-0.001097794505767524,-0.01262975670397282,-0.02163372188806534
1777498924158485504,-0.001089331461116672,-0.01262723002582788,-0.02163080498576164
1777498924168681472,-0.001087525859475136,-0.01263208221644163,-0.02162966877222061
1777498924178858752,-0.001089409459382296,-0.01263138093054295,-0.02162951789796352
1777498924189016320,-0.00108986021950841,-0.01263042259961367,-0.0216310378164053
1777498924199153920,-0.001093032537028193,-0.01263550203293562,-0.02163010276854038
1777498924209272064,-0.001091229030862451,-0.0126380193978548,-0.02162867039442062
1777498924219370240,-0.001087847049348056,-0.01263720449060202,-0.02163040637969971
1777498924229448960,-0.001092248829081655,-0.01264037657529116,-0.02163162268698215
1777498924239507456,-0.001094605540856719,-0.0126392375677824,-0.0216326005756855
1777498924249546240,-0.001088495482690632,-0.01264208275824785,-0.02163578197360039
1777498924259567360,-0.001092791091650724,-0.01263785734772682,-0.02163840085268021
1777498924269570816,-0.001090933219529688,-0.01263585779815912,-0.0216405838727951
1777498924279554816,-0.001093125552870333,-0.01263934932649136,-0.02163848839700222
1777498924289519616,-0.001089065102860332,-0.01264248788356781,-0.02163975313305855
1777498924299465472,-0.001091701909899712,-0.01264497544616461,-0.02163817547261715
1777498924309392128,-0.001082605798728764,-0.01263523288071156,-0.02164008840918541
1777498924319299584,-0.001082570175640285,-0.01263286639004946,-0.02163846604526043
1777498924329187584,-0.001081758411601186,-0.01263251155614853,-0.02163353376090527
1777498924339056896,-0.001085588592104614,-0.01263439562171698,-0.02163366414606571
1777498924348907264,-0.001085623865947127,-0.0126359136775136,-0.02163636684417725
1777498924358738432,-0.001089476514607668,-0.0126432878896594,-0.02163886092603207
1777498924368550400,-0.001095948624424636,-0.0126465642824769,-0.02164224162697792
1777498924378343680,-0.001098830718547106,-0.01264347042888403,-0.02164284326136112
1777498924388349440,-0.00109452533069998,-0.01264366786926985,-0.02163797989487648
1777498924398567168,-0.001091112731955945,-0.01264959014952183,-0.02163786441087723
1777498924408764928,-0.001085880678147078,-0.01265514176338911,-0.02163239195942879
1777498924418943488,-0.001083885785192251,-0.01265439484268427,-0.02163448370993137
1777498924429102336,-0.001077026128768921,-0.01265086606144905,-0.02164042368531227
1777498924439241472,-0.001083882991224527,-0.01264871936291456,-0.02164098620414734
1777498924449361152,-0.001080243731848896,-0.01265125069767237,-0.02164376899600029
1777498924459461376,-0.001081430469639599,-0.01264945045113564,-0.0216370951384306
1777498924469542144,-0.001080912421457469,-0.01264788396656513,-0.02163348346948624
1777498924479603712,-0.001080798101611435,-0.01264519803225994,-0.02163183130323887
1777498924489645568,-0.001083493465557694,-0.01264096237719059,-0.02163402177393436
1777498924499671040,-0.001076685497537255,-0.01263324357569218,-0.02163593284785748
1777498924509677056,-0.001080308808013797,-0.01263542380183935,-0.02163190394639969
1777498924519663616,-0.001074684434570372,-0.01263187825679779,-0.02163215726613998
1777498924529630720,-0.001075812382623553,-0.01263225451111794,-0.02163207158446312
1777498924539578368,-0.00107622193172574,-0.01263399608433247,-0.02162734977900982
1777498924549506560,-0.001079969923011959,-0.01263531763106585,-0.02163195610046387
1777498924559415552,-0.001084285322576761,-0.0126339178532362,-0.0216311551630497
1777498924569304832,-0.001082147820852697,-0.01263038907200098,-0.02163500897586346
1777498924579175424,-0.00107723381370306,-0.01262911222875118,-0.02163669280707836
1777498924589026560,-0.001081208698451519,-0.0126270791515708,-0.02163602970540524
1777498924598858496,-0.001083715935237706,-0.01262838486582041,-0.0216362401843071
1777498924608671232,-0.001093845115974545,-0.01262794621288776,-0.02163458056747913
1777498924618464768,-0.001089478260837495,-0.01262784190475941,-0.02163370326161385
1777498924628239104,-0.001090492121875286,-0.01263468060642481,-0.02163457870483398
1777498924638457344,-0.001088128075934947,-0.01264067087322474,-0.02163129486143589
1777498924648655872,-0.001078755012713373,-0.01263689529150724,-0.02163140475749969
1777498924658834688,-0.001077566761523485,-0.01263198908418417,-0.02163192816078663
1777498924668994560,-0.00107122864574194,-0.01263433415442705,-0.02163267508149147
1777498924679134720,-0.001078381203114986,-0.0126327034085989,-0.02163772657513618
1777498924689255680,-0.001081411493942142,-0.01263497304171324,-0.02164154872298241
1777498924699356672,-0.00108004710637033,-0.01263267826288939,-0.02164545468986034
1777498924709438464,-0.00107970682438463,-0.01264021918177605,-0.02165005542337894
1777498924719500800,-0.001083489623852074,-0.01264025643467903,-0.02165377326309681
1777498924729543424,-0.001080482034012675,-0.01264081429690123,-0.0216570608317852
1777498924739566592,-0.001067918259650469,-0.01264179870486259,-0.02165635675191879
1777498924749571072,-0.001071668928489089,-0.01263735070824623,-0.0216586459428072
1777498924759557376,-0.001076651271432638,-0.01263269688934088,-0.021656334400177
1777498924769526016,-0.001062065712176263,-0.01263436116278172,-0.02165625803172588
1777498924779476480,-0.00106514326762408,-0.01263588946312666,-0.02165765501558781
1777498924789407488,-0.001068367622792721,-0.01263523939996958,-0.02165567688643932
1777498924799319040,-0.001067770994268358,-0.01263508573174477,-0.02165723592042923
1777498924809211648,-0.001062281196936965,-0.01263057626783848,-0.02165416069328785
1777498924819084800,-0.001065536285750568,-0.012630351819098,-0.02165720798075199
1777498924828939008,-0.001066641416400671,-0.01263376511633396,-0.02165927924215794
1777498924838774272,-0.001066148048266768,-0.01263441983610392,-0.02165959775447845
1777498924848591104,-0.001067553414031863,-0.01264134235680103,-0.02166512608528137
1777498924858388736,-0.00107189011760056,-0.01264155376702547,-0.02166806533932686
1777498924868167168,-0.001072831801138818,-0.01264141034334898,-0.02166746556758881
1777498924878386944,-0.001072547514922917,-0.01264203526079655,-0.02167202904820442
1777498924888587008,-0.001073212712071836,-0.01263763755559921,-0.02167351357638836
1777498924898768128,-0.001069715130142868,-0.01263646967709064,-0.02167656645178795
1777498924908929536,-0.001063195755705237,-0.01263359375298023,-0.02167687192559242
1777498924919070976,-0.001058704452589154,-0.0126300398260355,-0.02167493291199207
1777498924929192448,-0.001058315159752965,-0.01263267267495394,-0.02167268097400665
1777498924939294464,-0.001060176058672369,-0.0126363355666399,-0.02167196944355965
1777498924949376768,-0.001064136042259634,-0.01263714954257011,-0.02167601697146893
1777498924959439104,-0.001063441508449614,-0.01263437513262033,-0.02167949825525284
1777498924969484288,-0.001062324619852006,-0.01263045147061348,-0.02168179489672184
1777498924979510016,-0.001063537783920765,-0.01262376364320517,-0.02167930826544762
1777498924989516800,-0.001055623521097004,-0.01262380462139845,-0.02168166823685169
1777498924999504128,-0.00104929378721863,-0.01261868420988321,-0.02168326452374458
1777498925009472000,-0.001049900660291314,-0.01261169742792845,-0.02168327756226063
1777498925019420160,-0.001049597049131989,-0.01260231342166662,-0.02168355882167816
1777498925029348608,-0.001052056322805583,-0.01259921863675117,-0.02168148197233677
1777498925039257856,-0.001049697631970048,-0.01259581558406353,-0.02167877741158009
1777498925049148416,-0.001039671245962381,-0.01259190775454044,-0.02168204821646214
1777498925059019520,-0.001042805030010641,-0.01258692424744368,-0.02168314903974533
1777498925068871424,-0.001044888631440699,-0.01258752401918173,-0.02167744375765324
1777498925078704128,-0.00104787724558264,-0.01258146483451128,-0.02168168500065804
1777498925088517888,-0.001042454270645976,-0.01258451584726572,-0.02168363891541958
1777498925098311936,-0.001039108843542635,-0.01258628070354462,-0.02167774550616741
1777498925108086784,-0.00103778881020844,-0.01259278599172831,-0.02167460694909096
1777498925118312448,-0.001035706256516278,-0.01259105373173952,-0.02167518623173237
1777498925128518400,-0.001027945545502007,-0.01259747985750437,-0.02167459204792976
1777498925138705152,-0.001026525278575718,-0.01259693130850792,-0.02167400903999805
1777498925148872192,-0.001028588856570423,-0.01260747667402029,-0.02167667262256145
1777498925159019520,-0.001029466628096998,-0.01260855421423912,-0.02167746052145958
1777498925169147136,-0.001028030412271619,-0.01260844804346561,-0.02168483659625053
1777498925179256576,-0.001024518744088709,-0.01261865627020597,-0.02168060094118118
1777498925189346560,-0.001021857489831746,-0.01262397691607475,-0.02168362028896809
1777498925199417088,-0.001018889481201768,-0.01262281183153391,-0.02168869227170944
1777498925209468160,-0.001015279907733202,-0.0126252556219697,-0.02168972603976727
1777498925219499776,-0.001012838329188526,-0.01262813713401556,-0.02168888226151466
1777498925229511936,-0.001014663837850094,-0.01263194717466831,-0.02169189788401127
1777498925239504640,-0.001010885112918913,-0.01262623071670532,-0.02169227227568626
1777498925249477888,-0.001012038788758218,-0.01263213902711868,-0.0216896515339613
1777498925259432704,-0.001011048327200115,-0.01263261958956718,-0.02169405855238438
1777498925269368064,-0.001007471815682948,-0.01263246964663267,-0.02169018052518368
1777498925279284224,-0.001010872190818191,-0.01263695769011974,-0.02168974839150906
1777498925289180928,-0.001012338092550635,-0.01264508999884129,-0.02169011533260345
1777498925299058432,-0.001010553212836385,-0.0126422643661499,-0.02169145084917545
1777498925308916736,-0.001006763894110918,-0.01264342665672302,-0.02169252187013626
1777498925318755840,-0.001006436417810619,-0.0126440841704607,-0.02169365994632244
1777498925328575744,-0.001011078944429755,-0.01264253351837397,-0.0216944832354784
1777498925338378240,-0.00101678934879601,-0.01264339126646519,-0.0216960497200489
1777498925348167936,-0.001025451463647187,-0.01264746580272913,-0.02169296517968178
1777498925358170880,-0.001027391408570111,-0.01264564134180546,-0.02169410325586796
1777498925368386304,-0.00102081976365298,-0.01265102252364159,-0.02169426344335079
1777498925378582016,-0.001021041884087026,-0.01265196036547422,-0.02169184759259224
1777498925388758016,-0.001028467318974435,-0.0126515980809927,-0.02169086039066315
1777498925398914560,-0.001026024110615253,-0.01265129819512367,-0.021687937900424
1777498925409050880,-0.001024353317916393,-0.0126568004488945,-0.0216884221881628
1777498925419169024,-0.001023307791911066,-0.01265912037342787,-0.02168502286076546
1777498925429267712,-0.001026123878546059,-0.0126535864546895,-0.02168800495564938
1777498925439346688,-0.001029920182190835,-0.01265168748795986,-0.02169127762317657
1777498925449405952,-0.001027809106744826,-0.01264556497335434,-0.02169215679168701
1777498925459446272,-0.001030431594699621,-0.01264443807303905,-0.02169169671833515
1777498925469467392,-0.001028183265589178,-0.01263911370187998,-0.02169141732156277
1777498925479469568,-0.001024617231450975,-0.01263729855418205,-0.02169405110180378
1777498925489452288,-0.001025332021526992,-0.01263141445815563,-0.02169410698115826
1777498925499416576,-0.001024344936013222,-0.01263151038438082,-0.02169696800410748
1777498925509361408,-0.001027584774419665,-0.01263475138694048,-0.02168863080441952
1777498925519287040,-0.001029311097227037,-0.01262935996055603,-0.02168682962656021
1777498925529193216,-0.001025202684104443,-0.01263653673231602,-0.02168392390012741
1777498925539080192,-0.001020923256874084,-0.0126322153955698,-0.02168395929038525
1777498925548947712,-0.001021759118884802,-0.01263673789799213,-0.02167649753391743
1777498925558796288,-0.00102414982393384,-0.01263987738639116,-0.02167292311787605
1777498925568625408,-0.001021773903630674,-0.01264204271137714,-0.02167439088225365
1777498925578439936,-0.001025117700919509,-0.01263889390975237,-0.02166894264519215
1777498925588238336,-0.001022220007143915,-0.01263934373855591,-0.02167555131018162
1777498925598245632,-0.001017146743834019,-0.01263847760856152,-0.02167417854070663
1777498925608461312,-0.001014785841107368,-0.0126449279487133,-0.02167763188481331
1777498925618657024,-0.00100885343272239,-0.01264164410531521,-0.02167565375566483
1777498925628833280,-0.001008132239803672,-0.01264611817896366,-0.02167711779475212
1777498925638989824,-0.001005085068754852,-0.01264649443328381,-0.02167857624590397
1777498925649126144,-0.001009792322292924,-0.01264558359980583,-0.02167985215783119
1777498925659244800,-0.00100857368670404,-0.01264386810362339,-0.02168099768459797
1777498925669343488,-0.001011161599308252,-0.01264267507940531,-0.02167690917849541
1777498925679422720,-0.001010325504466891,-0.01263911835849285,-0.02167751081287861
1777498925689482240,-0.001006630947813392,-0.01263194996863604,-0.02167797833681107
1777498925699522048,-0.001005467376671731,-0.01263556629419327,-0.02168042212724686
1777498925709542656,-0.0009971376275643706,-0.01263738330453634,-0.02167822234332561
1777498925719543808,-0.000992801389656961,-0.01263334974646568,-0.02167645655572414
1777498925729524992,-0.0009924059268087149,-0.01262755412608385,-0.02168235927820206
1777498925739487488,-0.0009893528185784817,-0.01262785214930773,-0.02168218418955803
1777498925749430528,-0.0009954230627045035,-0.01262563467025757,-0.02167812176048756
1777498925759354112,-0.0009925652993842959,-0.01262577716261148,-0.02167714759707451
1777498925769258496,-0.0009946397040039301,-0.01262301579117775,-0.02167924493551254
1777498925779143168,-0.0009948344668373466,-0.01262172777205706,-0.02167766913771629
1777498925789008640,-0.0009967531077563763,-0.01262208260595798,-0.02167387492954731
1777498925798854912,-0.001001997268758714,-0.01262408960610628,-0.02167260088026524
1777498925808681984,-0.001006572041660547,-0.01262516342103481,-0.02167434431612492
1777498925818491136,-0.001007165992632508,-0.01262414362281561,-0.02167803794145584
1777498925828281088,-0.0009999064495787024,-0.01262537762522697,-0.02167483977973461
1777498925838285312,-0.001000525197014213,-0.01262907031923532,-0.02167780324816704
1777498925848503296,-0.0009995227446779609,-0.01262987125664949,-0.02167931012809277
1777498925858701568,-0.000994981499388814,-0.01263757143169641,-0.02168287336826324
1777498925868880640,-0.0009912068489938974,-0.01263757608830929,-0.02168367616832256
1777498925879040000,-0.0009907218627631664,-0.01264503039419651,-0.02168708294630051
1777498925889179648,-0.0009893875103443861,-0.01264913380146027,-0.02168199233710766
1777498925899299840,-0.0009892554953694344,-0.01264985743910074,-0.02167465351521969
1777498925909400320,-0.000985880964435637,-0.01264618802815676,-0.02167092077434063
1777498925919481344,-0.0009754496277309954,-0.01264583226293325,-0.02166750468313694
1777498925929542400,-0.0009681233786977828,-0.01264375168830156,-0.02166331186890602
1777498925939584512,-0.0009661895455792546,-0.01264735218137503,-0.02166284434497356
1777498925949607168,-0.0009678422356955707,-0.01264478266239166,-0.02166427113115788
1777498925959610624,-0.0009677372872829437,-0.01264532841742039,-0.02166514843702316
1777498925969594368,-0.0009730087476782501,-0.01264906581491232,-0.02166894264519215
1777498925979558656,-0.0009736847714520991,-0.01264131162315607,-0.02167173102498055
1777498925989503488,-0.0009781148983165622,-0.01264338474720716,-0.02166971750557423
1777498925999428864,-0.00097597052808851,-0.01263868808746338,-0.02167038433253765
1777498926009340672,-0.0009798898827284575,-0.01264095958322287,-0.02166777662932873
1777498926019233024,-0.0009786988375708461,-0.01264019683003426,-0.02166402526199818
1777498926029106688,-0.0009733994374983013,-0.01264742761850357,-0.02166168764233589
1777498926038960640,-0.0009740560781210661,-0.01264248881489038,-0.02165950089693069
1777498926048795904,-0.0009749088785611093,-0.01264002081006765,-0.02165855281054974
1777498926058611712,-0.0009719764930196106,-0.01263156812638044,-0.02165757492184639
1777498926068408576,-0.0009790512267500162,-0.01263648923486471,-0.02165558375418186
1777498926078185984,-0.0009819655679166317,-0.01263799704611301,-0.02165371738374233
1777498926088405248,-0.0009792657801881433,-0.01264121010899544,-0.02165314368903637
1777498926098604800,-0.0009838191326707602,-0.01264272723346949,-0.02165667712688446
1777498926108784384,-0.0009862364968284965,-0.01264043338596821,-0.02165891230106354
1777498926118945024,-0.0009942569304257631,-0.01263802871108055,-0.02166121453046799
1777498926129085952,-0.0009988066740334034,-0.01263893023133278,-0.02165692113339901
1777498926139207168,-0.0009963943157345057,-0.01263681519776583,-0.02165809087455273
1777498926149308416,-0.0009864397579804063,-0.01263133715838194,-0.02165567316114902
1777498926159390720,-0.0009799938416108489,-0.01262976508587599,-0.02165904827415943
1777498926169453312,-0.0009814588120207191,-0.0126305352896452,-0.0216565728187561
1777498926179496192,-0.0009831389179453254,-0.01263074204325676,-0.02165411040186882
1777498926189519616,-0.0009856554679572582,-0.0126308323815465,-0.02165933698415756
1777498926199524096,-0.000986463506706059,-0.01262978930026293,-0.02165536768734455
1777498926209509120,-0.0009861309081315994,-0.01262858230620623,-0.02165240049362183
1777498926219474688,-0.0009831713978201151,-0.0126276658847928,-0.02165478281676769
1777498926229420800,-0.0009838311234489083,-0.01262993272393942,-0.0216545257717371
1777498926239347200,-0.0009843186708167195,-0.01262841280549765,-0.0216549951583147
1777498926249258240,-0.0009857778204604983,-0.01262156013399363,-0.02165426686406136
1777498926259149824,-0.0009875816758722067,-0.01262402441352606,-0.02165032736957073
1777498926269022208,-0.0009943058248609304,-0.01262479461729527,-0.02164404094219208
1777498926278875392,-0.0009881198639050126,-0.01262684725224972,-0.02163879945874214
1777498926288709376,-0.0009929967345669866,-0.01262379437685013,-0.02163782529532909
1777498926298524160,-0.0009964380878955126,-0.0126261143013835,-0.02163777686655521
1777498926308320000,-0.0009930052328854799,-0.01262005139142275,-0.02163885533809662
1777498926318096640,-0.0009915700647979975,-0.01261918060481548,-0.02163849957287312
1777498926328321280,-0.0009887239430099726,-0.01261462178081274,-0.02163933031260967
1777498926338526208,-0.0009874814422801137,-0.01261742599308491,-0.02163465693593025
1777498926348711424,-0.000982245896011591,-0.01261531095951796,-0.02163218148052692
1777498926358876928,-0.0009832937503233552,-0.01261122152209282,-0.02164327166974545
1777498926369023744,-0.0009857167024165392,-0.01261472329497337,-0.02164476923644543
1777498926379151104,-0.0009833566145971417,-0.01261641830205917,-0.02164172381162643
1777498926389258752,-0.0009779911488294601,-0.01261998806148767,-0.02164066024124622
1777498926399346688,-0.0009695474873296916,-0.01261700130999088,-0.02164097875356674
1777498926409415168,-0.0009675267501734197,-0.01261500082910061,-0.02164301835000515
1777498926419464192,-0.0009569392423145473,-0.01260614581406116,-0.02164329588413239
1777498926429493504,-0.000960271863732487,-0.01261024829000235,-0.02164362370967865
1777498926439503104,-0.0009619283373467624,-0.01260725501924753,-0.0216432698071003
1777498926449494272,-0.0009598354226909578,-0.01260818354785442,-0.02164025232195854
1777498926459465728,-0.0009616079041734338,-0.0126096373423934,-0.02164256945252419
1777498926469417728,-0.0009660525247454643,-0.0126084927469492,-0.0216400995850563
1777498926479350272,-0.0009653384913690388,-0.01261194050312042,-0.02164176851511002
1777498926489263616,-0.0009620976634323597,-0.01261436939239502,-0.02164107374846935
1777498926499157504,-0.0009578757453709841,-0.0126132033765316,-0.02164161391556263
1777498926509032192,-0.0009586147498339415,-0.01261544600129128,-0.02163831517100334
1777498926518887680,-0.0009626280516386032,-0.01261773053556681,-0.02163839712738991
1777498926528730880,-0.000966360850725323,-0.01261845324188471,-0.02163396589457989
1777498926538555136,-0.0009653747547417879,-0.01262429915368557,-0.02163533121347427
1777498926548360448,-0.0009693067404441535,-0.01262001506984234,-0.02163504622876644
1777498926558146816,-0.000963360071182251,-0.01262360997498035,-0.02163453958928585
1777498926568371712,-0.0009603596990928054,-0.0126219829544425,-0.02163228206336498
1777498926578576896,-0.0009587764507159591,-0.01262282207608223,-0.0216364823281765
1777498926588762368,-0.000962266989517957,-0.01262060552835464,-0.02163279615342617
1777498926598928128,-0.0009629004052840173,-0.0126254353672266,-0.02163049392402172
1777498926609074176,-0.0009609004482626915,-0.01262325420975685,-0.02162995561957359
1777498926619200768,-0.0009603043436072767,-0.012623087503016,-0.02162828668951988
1777498926629308416,-0.0009623971418477595,-0.01262575294822454,-0.02162878587841988
1777498926639397888,-0.0009621332865208387,-0.01262514013797045,-0.02163419127464294
1777498926649468160,-0.0009745568386279047,-0.01262126676738262,-0.02162972278892994
1777498926659518720,-0.0009718320798128843,-0.01262380462139845,-0.0216319989413023
1777498926669550080,-0.0009661021176725626,-0.01262682024389505,-0.02162821590900421
1777498926679562240,-0.0009652595617808402,-0.01263340376317501,-0.02162863686680794
1777498926689554688,-0.0009608379914425313,-0.01262796018272638,-0.02162964455783367
1777498926699527424,-0.0009634810267016292,-0.01262965146452188,-0.02162818238139153
1777498926709481216,-0.0009593007853254676,-0.01262681558728218,-0.02162772789597511
1777498926719416064,-0.000957782322075218,-0.01262963935732841,-0.02162864431738853
1777498926729331200,-0.0009536179713904858,-0.01262804213911295,-0.02162740007042885
1777498926739227392,-0.0009464120375923812,-0.01263172551989555,-0.0216260626912117
1777498926749103872,-0.0009406529134139419,-0.01263243425637484,-0.02162515744566917
1777498926758961152,-0.0009360671974718571,-0.01262014452368021,-0.02162685245275497
1777498926768798976,-0.0009423537412658334,-0.01262198388576508,-0.02161908149719238
1777498926778617600,-0.0009477533749304712,-0.01261876802891493,-0.02161485515534878
1777498926788417536,-0.0009466911433264613,-0.01261734776198864,-0.02161072008311749
1777498926798199040,-0.0009468686766922474,-0.0126133868470788,-0.0216129906475544
1777498926808197632,-0.0009528297814540565,-0.0126144802197814,-0.02161089517176151
1777498926818412800,-0.0009524193010292947,-0.01261231210082769,-0.02161219529807568
1777498926828608256,-0.0009577791788615286,-0.01261543948203325,-0.02161765843629837
1777498926838784000,-0.0009578476310707629,-0.01261958573013544,-0.02161523513495922
1777498926848939776,-0.0009540573228150606,-0.012620166875422,-0.02161688543856144
1777498926859076096,-0.0009572436683811247,-0.01262156665325165,-0.02162017300724983
1777498926869193728,-0.0009529308299534023,-0.01261962670832872,-0.02161862328648567
1777498926879292160,-0.000945656094700098,-0.01261929795145988,-0.02162260189652443
1777498926889370880,-0.0009480530279688537,-0.01261837780475616,-0.02163010463118553
1777498926899430656,-0.0009462164016440511,-0.01261908654123545,-0.02162633836269379
1777498926909471232,-0.0009438384440727532,-0.01262524351477623,-0.02162036672234535
1777498926919492352,-0.0009482396999374032,-0.01261831633746624,-0.02161565981805325
1777498926929494016,-0.0009476683335378766,-0.01261841412633657,-0.02161670103669167
1777498926939476224,-0.0009519989253021777,-0.01260928716510534,-0.02161508984863758
1777498926949439488,-0.0009503827895969152,-0.01260552555322647,-0.02161543630063534
1777498926959383296,-0.0009481192100793123,-0.01259778719395399,-0.02161898463964462
1777498926969307648,-0.0009482678142376244,-0.0125957615673542,-0.02161901071667671
1777498926979213056,-0.0009417061228305101,-0.01259721163660288,-0.02161785960197449
1777498926989099264,-0.000940249243285507,-0.01259055733680725,-0.02161968499422073
1777498926998966016,-0.0009381727431900799,-0.01259215548634529,-0.02162047475576401
1777498927008814080,-0.0009396947571076453,-0.0125913517549634,-0.02162195928394794
1777498927018642688,-0.0009368903702124953,-0.01259100064635277,-0.02162403799593449
1777498927028453376,-0.0009399151313118637,-0.01259544398635626,-0.02162263728678226
1777498927038250752,-0.0009360730182379484,-0.01259176898747683,-0.0216215867549181
1777498927048257792,-0.0009386807796545327,-0.01259194687008858,-0.02162333577871323
1777498927058473472,-0.0009374605142511427,-0.01259373687207699,-0.02162461914122105
1777498927068669440,-0.0009411611245013773,-0.01259089913219213,-0.02162044122815132
1777498927078846464,-0.0009390884661115706,-0.01258990820497274,-0.02162513881921768
1777498927089004032,-0.0009389629121869802,-0.01258603297173977,-0.02162505500018597
1777498927099141632,-0.0009362632990814745,-0.01259125862270594,-0.02162632904946804
1777498927109259520,-0.0009291504975408316,-0.01259848661720753,-0.02163026295602322
1777498927119358208,-0.000927921268157661,-0.01259826403111219,-0.02163052745163441
1777498927129437184,-0.0009294889168813825,-0.01260426454246044,-0.02163236401975155
1777498927139496448,-0.0009265203261747956,-0.01260209362953901,-0.02163238823413849
1777498927149538048,-0.0009266107808798552,-0.01259962096810341,-0.02163373492658138
1777498927159561728,-0.0009225498070009053,-0.01260246429592371,-0.02163372188806534
1777498927169566208,-0.0009166357922367752,-0.01259889360517263,-0.02163336984813213
1777498927179551232,-0.0009161594207398593,-0.01259759627282619,-0.02163336053490639
1777498927189516800,-0.000910789764020592,-0.0125999553129077,-0.02163229137659073
1777498927199463168,-0.0009076421265490353,-0.01260379329323769,-0.02163837477564812
1777498927209390080,-0.0009091660613194108,-0.01259773038327694,-0.02163852378726006
1777498927219297280,-0.0009007398621179163,-0.01260651182383299,-0.02163971029222012
1777498927229185536,-0.0008989570778794587,-0.01261359266936779,-0.02163860760629177
1777498927239054592,-0.0009011922520585358,-0.01262133289128542,-0.02164186537265778
1777498927248904704,-0.0009026332991197705,-0.01262776646763086,-0.02163714170455933
1777498927258735104,-0.0009079576702788472,-0.01262490916997194,-0.02163341455161572
1777498927268546560,-0.000909040798433125,-0.01262779626995325,-0.02162965387105942
1777498927278339072,-0.0009048838401213288,-0.01262342743575573,-0.02162979170680046
1777498927288344064,-0.0009042414603754878,-0.01261999271810055,-0.02162743173539639
1777498927298561536,-0.0009069935767911375,-0.01261946093291044,-0.02162849344313145
1777498927308759552,-0.0009107791120186448,-0.0126172536984086,-0.02162770554423332
1777498927318938624,-0.0009083306649699807,-0.01261417660862207,-0.02162138000130653
1777498927329097728,-0.0009030642104335129,-0.01261524017900229,-0.02161845751106739
1777498927339236864,-0.0009052745881490409,-0.01262147817760706,-0.02161678671836853
1777498927349356544,-0.0008987820474430919,-0.0126259820535779,-0.02161512710154057
1777498927359456512,-0.0009030259097926319,-0.01262659020721912,-0.02161101065576077
1777498927369537024,-0.0009041497251018882,-0.01263145264238119,-0.02160874009132385
1777498927379597568,-0.0009034694521687925,-0.01263241469860077,-0.02160742878913879
1777498927389638400,-0.0009006702457554638,-0.01263026148080826,-0.02161302044987679
1777498927399663616,-0.0008963799336925149,-0.01262744329869747,-0.02161193825304508
1777498927409669120,-0.0008964752196334302,-0.01262724306434393,-0.02161665074527264
1777498927419655168,-0.0008973367512226105,-0.01261787489056587,-0.02161344140768051
1777498927429621504,-0.0008977532852441072,-0.0126201119273901,-0.0216132290661335
1777498927439569152,-0.0008924179710447788,-0.0126201706007123,-0.02161524631083012
1777498927449497344,-0.0008890368626452982,-0.01262729149311781,-0.02161813154816628
1777498927459406080,-0.0008813301101326942,-0.01262907031923532,-0.02161516435444355
1777498927469295104,-0.0008798299240879714,-0.01263083424419165,-0.02161518111824989
1777498927479165440,-0.0008724976214580238,-0.01262913085520267,-0.02161357738077641
1777498927489016576,-0.0008705983054824173,-0.01262883190065622,-0.02161279134452343
1777498927498848256,-0.0008702048799023032,-0.01262438762933016,-0.02160999737679958
1777498927508661248,-0.0008745784289203584,-0.01262193731963634,-0.02161150984466076
1777498927518455040,-0.0008693931740708649,-0.01262297574430704,-0.02161440625786781
1777498927528229632,-0.0008700856706127524,-0.01262276340276003,-0.02161579765379429
1777498927538447872,-0.0008715838193893433,-0.01262342929840088,-0.02161356434226036
1777498927548646144,-0.0008772798464633524,-0.01261972729116678,-0.02161527238786221
1777498927558824960,-0.0008765369420871139,-0.01262194477021694,-0.02161699905991554
1777498927568984064,-0.000868872448336333,-0.01262181811034679,-0.0216225441545248
1777498927579123712,-0.0008722125203348696,-0.01262737438082695,-0.02162656374275684
1777498927589243904,-0.0008714103023521602,-0.01262846402823925,-0.02163304202258587
1777498927599344128,-0.0008732032147236168,-0.01263281982392073,-0.02163474820554256
1777498927609425152,-0.0008686456130817533,-0.01262945774942636,-0.02163613028824329
1777498927619485952,-0.0008680436876602471,-0.01262699067592621,-0.021633705124259
1777498927629527296,-0.0008674121927469969,-0.01262129936367273,-0.02163007855415344
1777498927639549184,-0.0008687904919497669,-0.01261516101658344,-0.02163038589060307
1777498927649551616,-0.0008727259701117873,-0.01261683087795973,-0.02163307182490826
1777498927659534848,-0.0008761488134041429,-0.01261527556926012,-0.02163301408290863
1777498927669498624,-0.0008778637275099754,-0.01261473726481199,-0.02163908816874027
1777498927679442944,-0.0008837885106913745,-0.01261132303625345,-0.0216344092041254
1777498927689368064,-0.0008840325754135847,-0.01261239126324654,-0.02164033427834511
1777498927699273728,-0.0008834328036755323,-0.01261822134256363,-0.02163800783455372
1777498927709160192,-0.0008823954267427325,-0.01262325793504715,-0.02163593657314777
1777498927719027456,-0.0008848396828398108,-0.01261631585657597,-0.02163710631430149
1777498927728878848,-0.000880042091012001,-0.01261657942086458,-0.02163910306990147
1777498927738714112,-0.0008785269455984235,-0.01261776592582464,-0.02163931541144848
1777498927748530176,-0.0008777727489359677,-0.01261879038065672,-0.02164235897362232
1777498927758327808,-0.0008818136411719024,-0.01262336224317551,-0.0216445904225111
1777498927768105984,-0.0008848740253597498,-0.0126251420006156,-0.02164576575160027
1777498927778325760,-0.0008807912236079574,-0.01262086257338524,-0.02164185978472233
1777498927788525824,-0.0008837055065669119,-0.0126216895878315,-0.02164453081786633
1777498927798706688,-0.0008794385357759893,-0.01262676436454058,-0.02164053544402122
1777498927808868608,-0.0008785285172052681,-0.01262111216783524,-0.02163724787533283
1777498927819010560,-0.0008838031790219247,-0.01261906605213881,-0.02163708768785
1777498927829133056,-0.0008843502728268504,-0.01261585578322411,-0.02163645625114441
1777498927839235840,-0.0008920007385313511,-0.01261594891548157,-0.02163907140493393
1777498927849319424,-0.0008893519407138228,-0.01261835731565952,-0.02163957059383392
1777498927859383296,-0.000892347889021039,-0.01262037735432386,-0.02164159901440144
1777498927869427712,-0.0008947082096710801,-0.0126265324652195,-0.02164492383599281
1777498927879452672,-0.0008910776814445853,-0.01263166312128305,-0.02164960652589798
1777498927889460992,-0.0008866065181791782,-0.01263098418712616,-0.02165406383574009
1777498927899449856,-0.0008851452148519456,-0.01262589171528816,-0.02165559306740761
1777498927909419520,-0.0008840622031129897,-0.01262278389185667,-0.02165765315294266
1777498927919369472,-0.0008840157533995807,-0.01262173801660538,-0.02165773883461952
1777498927929299968,-0.0008790720603428781,-0.01262093801051378,-0.02165430225431919
1777498927939211008,-0.0008722931961528957,-0.01262474711984396,-0.02165037393569946
1777498927949102592,-0.0008693721611052752,-0.01262603048235178,-0.02165160328149796
1777498927958974720,-0.0008634645491838455,-0.01262628752738237,-0.02165424823760986
1777498927968828416,-0.0008585774339735508,-0.01262897532433271,-0.02165747620165348
1777498927978662656,-0.0008590291836299002,-0.01262875087559223,-0.02165992371737957
1777498927988478208,-0.000857495644595474,-0.01262997556477785,-0.02166125923395157
1777498927998274048,-0.0008606556802988052,-0.01262770965695381,-0.02165690436959267
1777498928008050944,-0.0008645397610962391,-0.01262479368597269,-0.02165756188333035
1777498928018276864,-0.0008652377873659134,-0.01262471731752157,-0.02165846340358257
1777498928028483328,-0.0008646927890367806,-0.01262364443391562,-0.02165221236646175
1777498928038669824,-0.0008696144795976579,-0.01262467820197344,-0.02165571227669716
1777498928048836864,-0.0008680876344442368,-0.01263186149299145,-0.02165904454886913
1777498928058984448,-0.0008726274827495217,-0.01263517048209906,-0.02165547013282776
1777498928069112064,-0.000879923056345433,-0.01263110991567373,-0.02164846286177635
1777498928079219968,-0.0008784195524640381,-0.01263569574803114,-0.02164721302688122
1777498928089308160,-0.0008690250688232481,-0.01263531390577555,-0.02164855040609837
1777498928099379200,-0.0008645260822959244,-0.01263861544430256,-0.02165096811950207
1777498928109432576,-0.0008706783992238343,-0.01263654977083206,-0.02165516465902328
1777498928119466240,-0.0008739779004827142,-0.01263584569096565,-0.02165761776268482
1777498928129480704,-0.0008743637590669096,-0.01263700146228075,-0.02165544033050537
1777498928139475712,-0.0008781592478044331,-0.0126338005065918,-0.02165786549448967
1777498928149451520,-0.0008749892003834248,-0.01263577211648226,-0.02165855467319489
1777498928159407872,-0.0008733556605875492,-0.01263252273201942,-0.02165727876126766
1777498928169344768,-0.0008699080208316445,-0.01263189036399126,-0.02165996842086315
1777498928179262720,-0.0008702353807166219,-0.0126287704333663,-0.02165723033249378
1777498928189161472,-0.0008627286297269166,-0.0126323439180851,-0.02165510505437851
1777498928199041024,-0.0008621627930551767,-0.01263134926557541,-0.02165324427187443
1777498928208900864,-0.0008582460577599704,-0.01263526268303394,-0.02165958657860756
1777498928218741248,-0.000858116545714438,-0.0126305241137743,-0.02166250348091125
1777498928228562688,-0.0008629253134131432,-0.0126232085749507,-0.02166321501135826
1777498928238364928,-0.0008597513078711927,-0.0126222250983119,-0.02166857197880745
1777498928248147968,-0.0008603762835264206,-0.01262338925153017,-0.02167163603007793
1777498928258147328,-0.0008599433349445462,-0.01261560060083866,-0.02167608961462975
1777498928268362496,-0.0008594841929152608,-0.01261663436889648,-0.02167360484600067
1777498928278558208,-0.0008573075756430626,-0.01261130720376968,-0.02167068421840668
1777498928288734208,-0.0008555540116503835,-0.0126034077256918,-0.0216702725738287
1777498928298890752,-0.0008561087888665497,-0.01260380726307631,-0.02166630327701569
1777498928309027584,-0.0008542628493160009,-0.01259568892419338,-0.02166835404932499
1777498928319146496,-0.0008521218551322818,-0.01259355060756207,-0.02166797779500484
1777498928329245952,-0.0008526647579856217,-0.01258610375225544,-0.02166474796831608
1777498928339325952,-0.0008544533047825098,-0.01258052140474319,-0.02166096493601799
1777498928349385984,-0.0008554541855119169,-0.01258250512182713,-0.02166386693716049
1777498928359426816,-0.000856022525113076,-0.0125823924317956,-0.02166100777685642
1777498928369447680,-0.0008548077312298119,-0.01257999800145626,-0.0216554794460535
1777498928379449088,-0.0008556527900509536,-0.01257533021271229,-0.02165732532739639
1777498928389430784,-0.0008524793083779514,-0.01257400587201118,-0.02166050486266613
1777498928399393536,-0.000850511365570128,-0.01257424242794514,-0.02165951207280159
1777498928409336832,-0.000853853824082762,-0.01256720814853907,-0.02166755497455597
1777498928419260672,-0.000856767175719142,-0.01257110666483641,-0.02167150564491749
1777498928429165312,-0.0008573443628847599,-0.01257922314107418,-0.02167147770524025
1777498928439050496,-0.0008589441422373056,-0.0125750033184886,-0.02167276665568352
1777498928448915968,-0.0008597112027928233,-0.01257873885333538,-0.02167117223143578
1777498928458762496,-0.0008508024620823562,-0.01258835848420858,-0.02167234756052494
1777498928468589568,-0.0008478740928694606,-0.01259153615683317,-0.0216746311634779
1777498928478398720,-0.0008496239315718412,-0.01260191388428211,-0.02168143726885319
1777498928488188928,-0.0008392712916247547,-0.01260292064398527,-0.02167712338268757
1777498928498191872,-0.0008385475375689566,-0.0126000689342618,-0.02167400903999805
1777498928508407040,-0.0008417567587457597,-0.01260226406157017,-0.0216754712164402
1777498928518602752,-0.0008358392515219748,-0.01260710693895817,-0.02168134227395058
1777498928528778752,-0.0008339762571267784,-0.01260790135711432,-0.02168187871575356
1777498928538935552,-0.0008341577486135066,-0.0126091567799449,-0.02168214693665504
1777498928549072384,-0.0008381085935980082,-0.01260888762772083,-0.02168533019721508
1777498928559189504,-0.0008349216659553349,-0.01260518562048674,-0.02168328315019608
1777498928569286656,-0.0008450744207948446,-0.01260184776037931,-0.0216776430606842
1777498928579364608,-0.000841672474052757,-0.01259594317525625,-0.02167942374944687
1777498928589422592,-0.0008407643181271851,-0.01259635202586651,-0.02167912200093269
1777498928599460864,-0.0008339618798345327,-0.01259847544133663,-0.02167484536767006
1777498928609479680,-0.0008305681985802948,-0.01259877160191536,-0.0216726865619421
1777498928619479808,-0.0008280101465061307,-0.01259321998804808,-0.02167054638266563
1777498928629460224,-0.0008315642480738461,-0.01259181741625071,-0.02167305164039135
1777498928639421440,-0.000837752188090235,-0.01258815359324217,-0.02167367190122604
1777498928649362944,-0.0008389134309254587,-0.01258822251111269,-0.0216740258038044
1777498928659284992,-0.0008422082755714655,-0.01258301921188831,-0.02167118340730667
1777498928669187840,-0.0008388334535993636,-0.01258053444325924,-0.02167198248207569
1777498928679070976,-0.0008313406724482775,-0.01258228626102209,-0.02167006023228168
1777498928688935168,-0.0008343737572431564,-0.01258145738393068,-0.02166977897286415
1777498928698780672,-0.000834084814414382,-0.01258319057524204,-0.02166839502751827
1777498928708607232,-0.000826432544272393,-0.01258501689881086,-0.02166510000824928
1777498928718414336,-0.0008215049165301025,-0.01258773077279329,-0.02166672423481941
1777498928728202496,-0.0008215153939090669,-0.01259287539869547,-0.02166750282049179
1777498928738205184,-0.0008161034202203155,-0.01258774008601904,-0.02167073264718056
1777498928748422144,-0.000820619345176965,-0.01258670445531607,-0.02167026326060295
1777498928758619136,-0.0008151906076818705,-0.01258338894695044,-0.02167338877916336
1777498928768796928,-0.0008105227025225759,-0.01258277520537376,-0.02167240716516972
1777498928778955008,-0.0008076631929725409,-0.01258363109081984,-0.02166909538209438
1777498928789093632,-0.0008024719427339733,-0.01258802320808172,-0.02167116478085518
1777498928799213056,-0.000803910312242806,-0.01259133871644735,-0.02166824787855148
1777498928809313024,-0.0008008716977201402,-0.0125849386677146,-0.0216702576726675
1777498928819393536,-0.000805079413112253,-0.0125755937770009,-0.02167089655995369
1777498928829454592,-0.0008076396770775318,-0.01256314013153315,-0.02167434617877007
1777498928839495680,-0.0008088439353741705,-0.01256685703992844,-0.02167344652116299
1777498928849517824,-0.0008095502271316946,-0.01256120484322309,-0.02166879177093506
1777498928859520768,-0.0008131468784995377,-0.01256595458835363,-0.02166754566133022
1777498928869504256,-0.0008100816048681736,-0.01256606355309486,-0.02166573703289032
1777498928879471360,-0.0008142685983330011,-0.01256594900041819,-0.0216706357896328
1777498928889419776,-0.0008211297681555152,-0.01256901305168867,-0.02167430333793163
1777498928899348736,-0.0008184969192370772,-0.0125727504491806,-0.0216741468757391
1777498928909258240,-0.0008196916896849871,-0.01257469225674868,-0.02166745625436306
1777498928919149056,-0.0008237790898419917,-0.01257781032472849,-0.02166918851435184
1777498928929020672,-0.000826571776997298,-0.0125785144045949,-0.02167116105556488
1777498928938872832,-0.000830017845146358,-0.01258098147809505,-0.02167162112891674
1777498928948705792,-0.0008343672379851341,-0.01258326787501574,-0.02167232520878315
1777498928958520320,-0.000834559672512114,-0.01258663553744555,-0.02167503535747528
1777498928968315648,-0.0008282845374196768,-0.01258297823369503,-0.02167217060923576
1777498928978092032,-0.0008249482489190996,-0.01258003618568182,-0.02166953682899475
1777498928988311040,-0.0008250251412391663,-0.01257563941180706,-0.02167273685336113
1777498928998510336,-0.0008242586045525968,-0.01257922407239676,-0.02166966907680035
1777498929008690432,-0.0008239858434535563,-0.01257191877812147,-0.02167442999780178
1777498929018851072,-0.0008172591333277524,-0.01256546471267939,-0.02167689800262451
1777498929028992512,-0.0008182343444786966,-0.0125655010342598,-0.02167564071714878
1777498929039113984,-0.0008201069431379437,-0.01256332825869322,-0.02167672850191593
1777498929049216000,-0.0008275745203718543,-0.0125596858561039,-0.02167497389018536
1777498929059298560,-0.000822650094050914,-0.01255773659795523,-0.02167600207030773
1777498929069361664,-0.0008254513959400356,-0.01255420316010714,-0.02167319320142269
1777498929079405056,-0.0008277252200059593,-0.01255237124860287,-0.02167710289359093
1777498929089429248,-0.0008274823194369674,-0.01255343202501535,-0.02167495898902416
1777498929099437312,-0.0008338711340911686,-0.01255540736019611,-0.0216736625880003
1777498929109425920,-0.0008308682008646429,-0.01255452260375023,-0.02167373150587082
1777498929119395328,-0.0008318640757352114,-0.01255377661436796,-0.02167756110429764
1777498929129345280,-0.0008311408455483615,-0.01255524344742298,-0.02167387492954731
1777498929139276544,-0.0008329168776981533,-0.01255602482706308,-0.02166903018951416
1777498929149188352,-0.0008343962836079299,-0.01256303116679192,-0.02166654914617538
1777498929159081216,-0.0008399942307732999,-0.01255735382437706,-0.02166599966585636
1777498929168955136,-0.0008357652113772929,-0.01255364716053009,-0.02167204767465591
1777498929178810368,-0.0008312751306220889,-0.01254137326031923,-0.02167315781116486
1777498929188646656,-0.0008285664371214807,-0.0125388577580452,-0.02167133986949921
1777498929198463488,-0.0008296289597637951,-0.01254372205585241,-0.02167337946593761
1777498929208261632,-0.0008242328185588121,-0.01253129169344902,-0.02167577110230923
1777498929218040576,-0.0008182457531802356,-0.01253294479101896,-0.02168094925582409
1777498929228264960,-0.0008123097359202802,-0.01253078784793615,-0.02168276160955429
1777498929238469888,-0.0008111274219118059,-0.01252837013453245,-0.02168509550392628
1777498929248654848,-0.0008086675661616027,-0.0125292781740427,-0.02168399095535278
1777498929258821120,-0.0008058828534558415,-0.01252724695950747,-0.02168731018900871
1777498929268967424,-0.0008058775565586984,-0.01253150496631861,-0.021685890853405
1777498929279094272,-0.0008083955617621541,-0.01253978256136179,-0.02168267220258713
1777498929289201152,-0.000805710325948894,-0.01253433525562286,-0.02168428525328636
1777498929299288576,-0.0008055971702560782,-0.01253360044211149,-0.02168101817369461
1777498929309356032,-0.00081074662739411,-0.01253404933959246,-0.02168441005051136
1777498929319404032,-0.0008112062350846827,-0.01253677252680063,-0.02168878726661205
1777498929329432576,-0.0008082166314125061,-0.01254226081073284,-0.02168601006269455
1777498929339441920,-0.0008054104982875288,-0.01254948973655701,-0.02168894186615944
1777498929349432064,-0.0008134429808706045,-0.01254759263247252,-0.02169268578290939
1777498929359403008,-0.0008149433415383101,-0.01254389341920614,-0.02169061824679375
1777498929369354240,-0.0008061829721555114,-0.01254327315837145,-0.02168771997094154
1777498929379288320,-0.0008042125846259296,-0.01254549529403448,-0.0216840784996748
1777498929389204992,-0.0008086356101557612,-0.01254157815128565,-0.02168440818786621
1777498929399102464,-0.0008098100661300123,-0.01254402752965689,-0.0216845441609621
1777498929408980736,-0.0008056045626290143,-0.01253988686949015,-0.02168914303183556
1777498929418840064,-0.0007983513060025871,-0.01253863424062729,-0.02168483100831509
1777498929428680192,-0.0007936613983474672,-0.01253553386777639,-0.02168468572199345
1777498929438500864,-0.0007925527752377093,-0.01254089362919331,-0.02168916538357735
1777498929448302592,-0.0007913694134913385,-0.01254078652709723,-0.02169297263026237
1777498929458085632,-0.0007804158958606422,-0.01253882516175508,-0.02169470861554146
1777498929468311296,-0.0007787899230606854,-0.01254492439329624,-0.02169283665716648
1777498929478516992,-0.0007829216774553061,-0.01254152785986662,-0.02169277332723141
1777498929488703232,-0.0007784448098391294,-0.01254292111843824,-0.02169761992990971
1777498929498869760,-0.0007785856141708791,-0.01253995858132839,-0.02170031890273094
1777498929509017088,-0.0007775233243592083,-0.01254545338451862,-0.02170141600072384
1777498929519144448,-0.00078671082155779,-0.01254534721374512,-0.0216985922306776
1777498929529253376,-0.0007848655804991722,-0.01255035400390625,-0.02170002274215221
1777498929539343360,-0.0007841056794859469,-0.01254887599498034,-0.02170053124427795
1777498929549414400,-0.0007762406021356583,-0.01255073398351669,-0.02170286886394024
1777498929559465984,-0.000769738748203963,-0.01255198754370213,-0.02170355618000031
1777498929569498112,-0.0007693610386922956,-0.01255131978541613,-0.02170347049832344
1777498929579511040,-0.0007687826873734593,-0.01255588978528976,-0.02170412056148052
1777498929589504256,-0.000771159480791539,-0.01255123689770699,-0.02170368656516075
1777498929599478016,-0.000774212006945163,-0.01255365181714296,-0.02170665003359318
1777498929609433344,-0.0007734496612101793,-0.01254957634955645,-0.02170890942215919
1777498929619369472,-0.0007758046267554164,-0.01254437863826752,-0.02171619608998299
1777498929629286144,-0.0007732257363386452,-0.01254341285675764,-0.0217161625623703
1777498929639183872,-0.0007769268122501671,-0.01254827436059713,-0.02171905525028706
1777498929649062144,-0.0007779623265378177,-0.0125518087297678,-0.02172214351594448
1777498929658921472,-0.0007751266239210963,-0.01254470925778151,-0.02172107249498367
1777498929668761344,-0.0007778406725265086,-0.0125445956364274,-0.02172359079122543
1777498929678582272,-0.0007769877556711435,-0.0125433299690485,-0.02172209694981575
1777498929688385024,-0.0007834528223611414,-0.01254162285476923,-0.02172125689685345
1777498929698169344,-0.0007827681256458163,-0.01254138723015785,-0.02171908691525459
1777498929708169216,-0.000784278498031199,-0.01254462823271751,-0.02172534726560116
1777498929718383872,-0.0007829262758605182,-0.01254193484783173,-0.0217313040047884
1777498929728579328,-0.0007825791835784912,-0.01254045497626066,-0.0217356625944376
1777498929738755072,-0.000777367502450943,-0.01253562606871128,-0.02173995971679688
1777498929748911104,-0.0007779952720738947,-0.01253632642328739,-0.02174009196460247
1777498929759047680,-0.0007745525217615068,-0.0125404940918088,-0.02174152992665768
1777498929769166336,-0.0007707185577601194,-0.01254470180720091,-0.021736865863204
1777498929779266048,-0.0007654275395907462,-0.01254639308899641,-0.02173950709402561
1777498929789346560,-0.0007694187806919217,-0.01254350040107965,-0.0217389389872551
1777498929799407360,-0.0007644263678230345,-0.01253804098814726,-0.02173992991447449
1777498929809448704,-0.0007698055123910308,-0.01253237016499043,-0.02174035646021366
1777498929819470592,-0.000768958474509418,-0.01252701133489609,-0.02174082957208157
1777498929829473024,-0.0007701324066147208,-0.01253002043813467,-0.02174273692071438
1777498929839456000,-0.0007690155180171132,-0.0125295352190733,-0.02174164354801178
1777498929849420288,-0.0007620680844411254,-0.01253035850822926,-0.02174542471766472
1777498929859365120,-0.0007571474416181445,-0.01252724137157202,-0.02174532972276211
1777498929869290496,-0.0007571851019747555,-0.01252730470150709,-0.02174387872219086
1777498929879196672,-0.000762642826884985,-0.01253392919898033,-0.02174521237611771
1777498929889083648,-0.0007673518266528845,-0.01253571547567844,-0.02174875326454639
1777498929898951168,-0.0007754881517030299,-0.0125311017036438,-0.02174743078649044
1777498929908799488,-0.0007796893478371203,-0.01253040600568056,-0.02174564078450203
1777498929918628608,-0.0007737255655229092,-0.01252702716737986,-0.02174678258597851
1777498929928443392,-0.0007700277492403984,-0.01252507604658604,-0.02175221592187881
1777498929938241792,-0.0007638969109393656,-0.01252010092139244,-0.02175015211105347
1777498929948249088,-0.0007633880595676601,-0.01252392958849669,-0.02175417169928551
1777498929958464768,-0.0007658751565031707,-0.01253531966358423,-0.02175560593605042
1777498929968660480,-0.0007597062503919005,-0.01253688707947731,-0.02175120450556278
1777498929978836736,-0.0007521122461184859,-0.01253925636410713,-0.02175197936594486
1777498929988994048,-0.0007524025277234614,-0.0125374449416995,-0.02175369672477245
1777498929999131392,-0.0007485220558010042,-0.01253470033407211,-0.02175040543079376
1777498930009249280,-0.0007397488225251436,-0.01254243869334459,-0.02174694463610649
1777498930019347712,-0.0007368543883785605,-0.01253757812082767,-0.02174928970634937
1777498930029426432,-0.000735745532438159,-0.01254391483962536,-0.02174318768084049
1777498930039485184,-0.0007363891927525401,-0.0125384796410799,-0.02174137905240059
1777498930049524480,-0.0007303652819246054,-0.01253160834312439,-0.02174466289579868
1777498930059544832,-0.0007316956762224436,-0.01253672875463963,-0.02174870669841766
1777498930069545984,-0.0007329288637265563,-0.01253976486623287,-0.02174937725067139
1777498930079528704,-0.0007284475723281503,-0.01254001632332802,-0.0217492301017046
1777498930089493504,-0.0007264786399900913,-0.01254357490688562,-0.02174772694706917
1777498930099439104,-0.0007230349583551288,-0.01254631020128727,-0.0217511523514986
1777498930109365760,-0.0007227658061310649,-0.01254793722182512,-0.0217497106641531
1777498930119273472,-0.000723272911272943,-0.01254413928836584,-0.02174844034016132
1777498930129161984,-0.0007235353696160018,-0.01254960987716913,-0.02174795046448708
1777498930139031040,-0.0007219683029688895,-0.01255272328853607,-0.02174700982868671
1777498930148880896,-0.0007195140933617949,-0.01255428604781628,-0.02174832858145237
1777498930158711552,-0.0007126282434910536,-0.01255566813051701,-0.02175167016685009
1777498930168523264,-0.0007084336248226464,-0.01255399361252785,-0.02175613678991795
1777498930178316032,-0.0007073458982631564,-0.0125574879348278,-0.02175739780068398
1777498930188321280,-0.000705363810993731,-0.01255369838327169,-0.02175921201705933
1777498930198538752,-0.0006982353515923023,-0.01255606114864349,-0.02175698056817055
1777498930208736512,-0.0006973806885071099,-0.01255724392831326,-0.02175533398985863
1777498930218915584,-0.0006984960054978728,-0.01255805417895317,-0.0217511709779501
1777498930229075456,-0.000701379613019526,-0.01255576312541962,-0.02175044827163219
1777498930239215616,-0.0007031299755908549,-0.01255302131175995,-0.02175495959818363
1777498930249336320,-0.00069617317058146,-0.01255557872354984,-0.02175562456250191
1777498930259437312,-0.0006982842460274696,-0.0125566590577364,-0.02175518684089184
1777498930269519104,-0.0006940284511074424,-0.0125584714114666,-0.02175040729343891
1777498930279580928,-0.0006883788155391812,-0.01255325134843588,-0.02174951136112213
1777498930289623296,-0.0006868629716336727,-0.01254736818373203,-0.02174624241888523
1777498930299646976,-0.0006861250149086118,-0.01254682615399361,-0.02174943685531616
1777498930309652736,-0.0006920849555172026,-0.01254350785166025,-0.0217505618929863
1777498930319640832,-0.0006945087807253003,-0.01254426315426826,-0.02175536938011646
1777498930329609728,-0.0006941382889635861,-0.01254348456859589,-0.02175942435860634
1777498930339559168,-0.0006895552505739033,-0.01254661940038204,-0.02175898291170597
1777498930349489664,-0.0006919927545823157,-0.01254440285265446,-0.02175728790462017
1777498930359400960,-0.0006941311294212937,-0.01254147756844759,-0.02176022529602051
1777498930369293056,-0.0006943364860489964,-0.01253581047058105,-0.02176189422607422
1777498930379165696,-0.000693015637807548,-0.01253774575889111,-0.02176717296242714
1777498930389019648,-0.0006947924848645926,-0.01253563910722733,-0.02176959440112114
1777498930398854400,-0.0006944034830667078,-0.01253782864660025,-0.02176941558718681
1777498930408670464,-0.0006956072174943984,-0.01253628078848124,-0.02176940441131592
1777498930418467328,-0.0006975918659009039,-0.01253604516386986,-0.02177032455801964
1777498930428244992,-0.0006908622453920543,-0.01253417134284973,-0.02176743932068348
1777498930438464256,-0.0006867119227536023,-0.01253089122474194,-0.02176271192729473
1777498930448663552,-0.0006911526434123516,-0.01253208424896002,-0.02176227234303951
1777498930458843904,-0.0006918080034665763,-0.012528614141047,-0.02176350355148315
1777498930469005056,-0.0006903590401634574,-0.01252422481775284,-0.02176270075142384
1777498930479146752,-0.0006923045148141682,-0.01252294704318047,-0.02176033705472946
1777498930489268736,-0.0006965062930248678,-0.01252407394349575,-0.02175835892558098
1777498930499371008,-0.0006960641476325691,-0.01251982990652323,-0.0217540580779314
1777498930509453824,-0.0006909979274496436,-0.01252415869385004,-0.02175737731158733
1777498930519517952,-0.000683980411849916,-0.01252209581434727,-0.02175708115100861
1777498930529563648,-0.0006821404094807804,-0.01252594403922558,-0.02175727486610413
1777498930539589632,-0.000689938897266984,-0.01252490840852261,-0.02175343595445156
1777498930549596160,-0.0006920130690559745,-0.0125247947871685,-0.02174993231892586
1777498930559583232,-0.0006938790902495384,-0.01252574101090431,-0.02174875512719154
1777498930569551104,-0.0006917171413078904,-0.01252502389252186,-0.02175151184201241
1777498930579499008,-0.0006888046627864242,-0.01252570562064648,-0.02175345830619335
1777498930589427456,-0.0006882968591526151,-0.01252096425741911,-0.02175645157694817
1777498930599336960,-0.0006921588210389018,-0.01252436358481646,-0.02175640501081944
1777498930609227264,-0.0006941989413462579,-0.01252195984125137,-0.02175115793943405
1777498930619098112,-0.0006956378347240388,-0.01252087950706482,-0.02175267785787582
1777498930628949760,-0.0006965785287320614,-0.01252442691475153,-0.02175183035433292
1777498930638782208,-0.0006914864643476903,-0.01252385880798101,-0.02175138890743256
1777498930648595456,-0.0006859489367343485,-0.01252157054841518,-0.02175303548574448
1777498930658389248,-0.0006857509142719209,-0.01252233702689409,-0.02175176702439785
1777498930668164096,-0.0006866613402962685,-0.01252005714923143,-0.02174962311983109
1777498930678383360,-0.0006902994937263429,-0.01252235099673271,-0.0217498205602169
1777498930688582912,-0.0006897359853610396,-0.01252579968422651,-0.02175026386976242
1777498930698762496,-0.000683282851241529,-0.01251830533146858,-0.02175101637840271
1777498930708922880,-0.0006876039551571012,-0.01250961888581514,-0.02175309881567955
1777498930719063808,-0.0006856939871795475,-0.01250708196312189,-0.02175356633961201
1777498930729185024,-0.000678519660141319,-0.01250462513417006,-0.02175178751349449
1777498930739286528,-0.0006790899205952883,-0.01250555086880922,-0.0217503122985363
1777498930749368320,-0.0006760281976312399,-0.01250216457992792,-0.02174924127757549
1777498930759430912,-0.0006711736787110567,-0.01250675320625305,-0.02175351418554783
1777498930769473792,-0.0006758382078260183,-0.01250676065683365,-0.0217537060379982
1777498930779497216,-0.0006806221790611744,-0.01250769104808569,-0.02175392024219036
1777498930789501440,-0.000676981289871037,-0.01251252740621567,-0.02175276167690754
1777498930799485952,-0.0006772127817384899,-0.01251288410276175,-0.0217570886015892
1777498930809451008,-0.0006751160253770649,-0.01250979397445917,-0.02175581827759743
1777498930819396864,-0.0006663992535322905,-0.01251242216676474,-0.02175460755825043
1777498930829323264,-0.0006555980653502047,-0.01250934693962336,-0.0217507965862751
1777498930839230208,-0.0006528238300234079,-0.01250593829900026,-0.02174882590770721
1777498930849117952,-0.0006508333026431501,-0.01250275131314993,-0.02174854092299938
1777498930858989568,-0.0006525262724608183,-0.01250405330210924,-0.02174973301589489
1777498930868844800,-0.0006548480014316738,-0.01249977480620146,-0.02174846082925797
1777498930878680832,-0.0006498263101093471,-0.01250036153942347,-0.02175026945769787
1777498930888497920,-0.0006438790005631745,-0.01249802950769663,-0.02175338938832283
1777498930898296064,-0.0006412891671061516,-0.01249558571726084,-0.02175261452794075
1777498930908075008,-0.0006412515649572015,-0.01249992474913597,-0.02175220660865307
1777498930918300928,-0.0006423860904760659,-0.01250437088310719,-0.02175241895020008
1777498930928506880,-0.000638296187389642,-0.01250640489161015,-0.02175028249621391
1777498930938692864,-0.0006374457152560353,-0.01250630244612694,-0.02175453864037991
1777498930948859136,-0.0006372015923261642,-0.01251103729009628,-0.02175088040530682
1777498930959006208,-0.0006384404259733856,-0.01251527573913336,-0.0217461995780468
1777498930969134336,-0.0006382064893841743,-0.01251259353011847,-0.0217424388974905
1777498930979242752,-0.0006339296232908964,-0.01250765286386013,-0.02174396440386772
1777498930989331712,-0.0006270025041885674,-0.01250300463289022,-0.02174636907875538
1777498930999400960,-0.0006296109058894217,-0.01250214129686356,-0.02174421027302742
1777498931009450496,-0.0006292372127063572,-0.01249884255230427,-0.02174296230077744
1777498931019480832,-0.0006334197823889554,-0.01250261161476374,-0.02174443937838078
1777498931029491456,-0.0006346406298689544,-0.01250647380948067,-0.02174669690430164
1777498931039482880,-0.000636556651443243,-0.01250799745321274,-0.02175157330930233
1777498931049454848,-0.0006376351229846478,-0.01250412128865719,-0.02175446972250938
1777498931059407360,-0.0006435640389099717,-0.01250639837235212,-0.02175747975707054
1777498931069340160,-0.0006396152311936021,-0.01251078397035599,-0.02175889164209366
1777498931079253504,-0.0006470271036960185,-0.0125088170170784,-0.02176034264266491
1777498931089147392,-0.0006527197547256947,-0.0125128235667944,-0.02175845019519329
1777498931099021824,-0.0006443572347052395,-0.01251135673373938,-0.02176366187632084
1777498931108877056,-0.0006470968364737928,-0.01251325663179159,-0.02176817692816257
1777498931118713344,-0.0006482257158495486,-0.01251470018178225,-0.02177684009075165
1777498931128531200,-0.0006573861464858055,-0.01251435186713934,-0.02177370525896549
1777498931138329856,-0.0006578884203918278,-0.01251923199743032,-0.02177048102021217
1777498931148108800,-0.0006539965979754925,-0.01252148300409317,-0.02177362330257893
1777498931158106112,-0.0006589879631064832,-0.01252065785229206,-0.02177237719297409
1777498931168321280,-0.0006620419444516301,-0.01252101361751556,-0.02177044562995434
1777498931178516736,-0.0006620931089855731,-0.01252331770956516,-0.02177253738045692
1777498931188692224,-0.0006677812780253589,-0.01252123340964317,-0.02176839858293533
1777498931198848256,-0.0006689504953101277,-0.0125213535502553,-0.02176745422184467
1777498931208985088,-0.0006626414833590388,-0.01252366229891777,-0.02177172526717186
1777498931219103232,-0.0006600311608053744,-0.01252456475049257,-0.02177409268915653
1777498931229201920,-0.0006604011869058013,-0.01252895221114159,-0.02177502401173115
1777498931239281408,-0.000658998847939074,-0.01252916548401117,-0.02177863009274006
1777498931249341440,-0.0006634106393903494,-0.01253215223550797,-0.0217746589332819
1777498931259382272,-0.0006617492181248963,-0.01253762003034353,-0.02177721075713634
1777498931269403648,-0.0006618269835598767,-0.01253902353346348,-0.02177327312529087
1777498931279405312,-0.000662050093524158,-0.01253880839794874,-0.02177499607205391
1777498931289388032,-0.0006621527718380094,-0.0125464117154479,-0.02177856676280499
1777498931299351552,-0.0006616318714804947,-0.01254418399184942,-0.0217779278755188
1777498931309295872,-0.0006608745898120105,-0.01254465710371733,-0.02178164198994637
1777498931319220992,-0.0006564450450241566,-0.01254813093692064,-0.02178521640598774
1777498931329126656,-0.0006489879451692104,-0.01254888996481895,-0.02178546413779259
1777498931339013120,-0.0006512562395073473,-0.01254928857088089,-0.02178841643035412
1777498931348880128,-0.0006552422419190407,-0.01254359818994999,-0.02178705111145973
1777498931358734080,-0.000653425813652575,-0.01254425849765539,-0.02178848162293434
1777498931368568832,-0.0006545963697135448,-0.01253659930080175,-0.02179146558046341
1777498931378384640,-0.0006474441033788025,-0.01254060678184032,-0.02179737761616707
1777498931388181504,-0.0006432071095332503,-0.01253063324838877,-0.02179430983960629
1777498931398188544,-0.0006405815947800875,-0.01253295503556728,-0.0217912569642067
1777498931408404992,-0.000645094143692404,-0.01253940630704165,-0.02178892306983471
1777498931418601472,-0.0006343843997456133,-0.01253910083323717,-0.02179021760821342
1777498931428779008,-0.0006293579936027527,-0.0125458799302578,-0.02179201878607273
1777498931438937088,-0.0006266968557611108,-0.01254309341311455,-0.02179471403360367
1777498931449075200,-0.000627708388492465,-0.01253966614603996,-0.02179569378495216
1777498931459193856,-0.00062621443066746,-0.01254383474588394,-0.02179525978863239
1777498931469292800,-0.0006213783053681254,-0.01254126895219088,-0.02179715968668461
1777498931479372032,-0.0006171902059577405,-0.01254690997302532,-0.02179541625082493
1777498931489432064,-0.0006278431392274797,-0.01255491189658642,-0.02179164439439774
1777498931499472384,-0.0006268349825404584,-0.01255655847489834,-0.02179360203444958
1777498931509493504,-0.0006205016397871077,-0.01255637407302856,-0.02179471589624882
1777498931519495424,-0.0006244613905437291,-0.01255389489233494,-0.02179688960313797
1777498931529477632,-0.0006238789646886289,-0.01255063340067863,-0.02179611288011074
1777498931539440128,-0.0006222774973139167,-0.0125427758321166,-0.02179712802171707
1777498931549383168,-0.0006193606532178819,-0.01254313532263041,-0.02180126868188381
1777498931559309056,-0.0006182928918860853,-0.01253781653940678,-0.02179822698235512
1777498931569218048,-0.000622768304310739,-0.01253422722220421,-0.02179678343236446
1777498931579107328,-0.0006200119387358427,-0.01253276970237494,-0.02179711312055588
1777498931588977664,-0.0006274144980125129,-0.01254075113683939,-0.02179674617946148
1777498931598829056,-0.0006340148975141346,-0.01253698114305735,-0.02179679833352566
1777498931608660992,-0.0006369064212776721,-0.0125313326716423,-0.02179796621203423
1777498931618473728,-0.0006292975158430636,-0.01253485213965178,-0.02179616503417492
1777498931628267520,-0.0006276457570493221,-0.01253547612577677,-0.0217934362590313
1777498931638272768,-0.0006351840565912426,-0.01253379322588444,-0.02178961783647537
1777498931648489216,-0.00064072385430336,-0.01253449823707342,-0.02178927324712276
1777498931658686208,-0.0006415053503587842,-0.01254084799438715,-0.02179215475916862
1777498931668863744,-0.0006372386123985052,-0.01254233997315168,-0.02179678529500961
1777498931679021824,-0.0006317920051515102,-0.0125372763723135,-0.02180182375013828
1777498931689159936,-0.0006276958156377077,-0.01254113670438528,-0.02180197648704052
1777498931699278592,-0.0006225451943464577,-0.01254174113273621,-0.02180167101323605
1777498931709377536,-0.0006241736118681729,-0.01254247315227985,-0.02180176787078381
1777498931719457280,-0.0006236931076273322,-0.01254181191325188,-0.02180337905883789
1777498931729517312,-0.0006235876935534179,-0.01253546494990587,-0.02180386520922184
1777498931739557632,-0.0006229833816178143,-0.01253171823918819,-0.0218062587082386
1777498931749579008,-0.0006198317278176546,-0.01253217365592718,-0.02180957421660423
1777498931759580672,-0.0006189109408296645,-0.01253544166684151,-0.02180747874081135
1777498931769562624,-0.0006222709198482335,-0.01252769399434328,-0.02180737070739269
1777498931779525120,-0.0006267759599722922,-0.01252714637666941,-0.02180760912597179
1777498931789468160,-0.0006258448702283204,-0.0125293992459774,-0.02180490642786026
1777498931799396096,-0.0006219690549187362,-0.0125314686447382,-0.02181024849414825
1777498931809304832,-0.0006344806752167642,-0.01253377739340067,-0.02180882170796394
1777498931819194368,-0.0006303586415015161,-0.0125350458547473,-0.02181187458336353
1777498931829064704,-0.0006250934093259275,-0.01254147291183472,-0.02181201614439487
1777498931838916352,-0.0006219814531505108,-0.0125417448580265,-0.02181151136755943
1777498931848748800,-0.0006275101331993937,-0.01254208385944366,-0.02181103453040123
1777498931858562048,-0.0006321960827335715,-0.01254540681838989,-0.02180724963545799
1777498931868356352,-0.0006312972982414067,-0.0125483637675643,-0.02180818654596806
1777498931878132736,-0.0006270509911701083,-0.01254600938409567,-0.02180834114551544
1777498931888351488,-0.0006229715654626489,-0.01254374720156193,-0.02180843614041805
1777498931898550528,-0.0006250802543945611,-0.01254105567932129,-0.02181028947234154
1777498931908730112,-0.0006270165904425085,-0.01253778673708439,-0.02181169390678406
1777498931918890240,-0.0006263176910579205,-0.01254176255315542,-0.02180882915854454
1777498931929030656,-0.0005928211030550301,-0.01256624143570662,-0.02182250469923019
1777498931939151872,-0.0007300382130779326,-0.01261002942919731,-0.02185752615332603
1777498931949253376,-0.0007308087078854442,-0.01260700169950724,-0.02197861857712269
1777498931959335680,-0.0004340587765909731,-0.01246611960232258,-0.02207206934690475
1777498931969398272,-0.0005923077696934342,-0.01309559121727943,-0.0221145823597908
1777498931979440896,-0.0002597893180791289,-0.0131145166233182,-0.02202635444700718
1777498931989464320,-0.0006725614075548947,-0.01315152272582054,-0.02189155854284763
1777498931999471872,-0.0005586320185102522,-0.01287605613470078,-0.02179355174303055
1777498932009459968,-0.000600564235355705,-0.01272167079150677,-0.02176114171743393
1777498932019428608,-0.0006351456977427006,-0.01255155727267265,-0.02164070680737495
1777498932029378048,-0.0008991073700599372,-0.01245509553700686,-0.02143544889986515
1777498932039308288,-0.0009222416556440294,-0.01217937283217907,-0.0213024914264679
1777498932049219328,-0.0009425441385246813,-0.01219902094453573,-0.02119330130517483
1777498932059111168,-0.0009912985842674971,-0.01216797344386578,-0.02105966955423355
1777498932068983808,-0.001275602378882468,-0.01230755541473627,-0.02095536142587662
1777498932078837760,-0.001852532848715782,-0.01232428941875696,-0.02089561335742474
1777498932088672512,-0.00196272018365562,-0.01218440756201744,-0.02090550027787685
1777498932098487808,-0.001863049110397696,-0.01213692966848612,-0.02099711820483208
1777498932108284160,-0.001883621793240309,-0.01211809925734997,-0.02108419127762318
1777498932118061056,-0.001592496526427567,-0.01202031504362822,-0.02120824158191681
1777498932128280576,-0.001524443854577839,-0.01178626529872417,-0.02137188985943794
1777498932138480128,-0.001888311933726072,-0.0113702118396759,-0.02161041460931301
1777498932148660224,-0.001965689705684781,-0.01114699803292751,-0.02191607095301151
1777498932158820864,-0.00204779114574194,-0.01076614391058683,-0.02228531427681446
1777498932168962048,-0.001886201091110706,-0.01059748604893684,-0.02267804741859436
1777498932179083776,-0.001390184392221272,-0.01037706807255745,-0.02315395325422287
1777498932189185792,-0.0007808430818840861,-0.01002478040754795,-0.02364893816411495
1777498932199268096,-7.040535274427384e-05,-0.009992003440856934,-0.02420962229371071
1777498932209330944,0.0006651185685768723,-0.009584927931427956,-0.02479320205748081
1777498932219374336,0.0006751135806553066,-0.009395476430654526,-0.02531412988901138
1777498932229398016,0.00110222736839205,-0.00930962897837162,-0.02581463940441608
1777498932239402240,0.001199569553136826,-0.008812118321657181,-0.02629273757338524
1777498932249387008,0.001264613005332649,-0.008879853412508965,-0.026652492582798
1777498932259352320,0.001243671169504523,-0.008444090373814106,-0.02698169462382793
1777498932269298176,0.001237921533174813,-0.008184002712368965,-0.02727094292640686
1777498932279224832,0.001240619109012187,-0.007851297035813332,-0.0275279376655817
1777498932289131776,0.001253407914191484,-0.007433051709085703,-0.02772297523915768
1777498932299019264,0.001308315899223089,-0.006947423797100782,-0.02784305065870285
1777498932308887296,0.001306396326981485,-0.00640358729287982,-0.02795010432600975
1777498932318736896,0.001299102092161775,-0.005662294570356607,-0.02800246328115463
1777498932328573440,0.001292747212573886,-0.005002473015338182,-0.02798712626099586
1777498932338391296,0.001384983654133976,-0.004075715783983469,-0.02786360122263432
1777498932348190208,0.001446231617592275,-0.003096904139965773,-0.02767881378531456
1777498932357969664,0.001707236631773412,-0.00218246690928936,-0.02744785696268082
1777498932368195072,0.001949770958162844,-0.001338995643891394,-0.02716163918375969
1777498932378400512,0.002164316596463323,-0.0007125686388462782,-0.02677182294428349
1777498932388586496,0.00237570283934474,-2.480731200193986e-05,-0.02631671540439129
1777498932398753024,0.002452483167871833,0.0004465759266167879,-0.02575904503464699
1777498932408899840,0.00242069992236793,0.0008910111500881612,-0.02505624853074551
1777498932419027456,0.002465174067765474,0.001403228146955371,-0.02419164590537548
1777498932429136640,0.002331413328647614,0.001846768893301487,-0.02322021685540676
1777498932439225856,0.002086706459522247,0.002236829372122884,-0.02216731384396553
1777498932449295872,0.001849754014983773,0.002290113130584359,-0.0212206244468689
1777498932459346432,0.00148002419155091,0.002228370402008295,-0.02035102434456348
1777498932469378048,0.001547866268083453,0.002208974445238709,-0.01950078643858433
1777498932479390208,0.001765198190696537,0.002240474801510572,-0.01864303834736347
1777498932489382912,0.001862545846961439,0.00199247058480978,-0.01776394620537758
1777498932499356416,0.001947192591615021,0.001635372289456427,-0.01685694791376591
1777498932509310720,0.001968716504052281,0.001481741783209145,-0.01594268903136253
1777498932519245824,0.001981946174055338,0.001306421356275678,-0.01501136180013418
1777498932529161472,0.001912068226374686,0.00137152848765254,-0.01405558921396732
1777498932539057920,0.001690870267339051,0.001380769768729806,-0.01310948468744755
1777498932548935168,0.001269043539650738,0.001484912703745067,-0.01221664994955063
1777498932558792960,0.001010379055514932,0.001856516231782734,-0.01133065018802881
1777498932568631552,0.0008618286810815334,0.002209873637184501,-0.01051384769380093
1777498932578454784,0.0008596897823736072,0.002724598627537489,-0.009757258929312229
1777498932588262400,0.0006263147224672139,0.003277054755017161,-0.009110026992857456
1777498932598051072,0.0002161365700885653,0.004097415134310722,-0.008582220412790775
1777498932608052736,-0.0003872691886499524,0.005142362788319588,-0.008185813203454018
1777498932618267392,-0.0007244132575578988,0.006553615909069777,-0.00790784228593111
1777498932628462336,-0.0007293996168300509,0.007937886752188206,-0.007773120421916246
1777498932638637824,-0.0001871837739599869,0.009649991057813168,-0.007725342642515898
1777498932648793344,0.0002724912774283439,0.01112386118620634,-0.007772806566208601
1777498932658928896,0.001110593671910465,0.01301838271319866,-0.007900615222752094
1777498932669046272,0.001480650971643627,0.01456159725785255,-0.008070133626461029
1777498932679144448,0.001580258831381798,0.01635375060141087,-0.008290499448776245
1777498932689223424,0.001522007398307323,0.01792419143021107,-0.008544777520000935
1777498932699283456,0.001447901013307273,0.0197928249835968,-0.008837321773171425
1777498932709324032,0.001854824367910624,0.02143082022666931,-0.009136677719652653
1777498932719345408,0.00177262513898313,0.02317625470459461,-0.009422593750059605
1777498932729347584,0.001725980080664158,0.02471698448061943,-0.009638302028179169
1777498932739329792,0.001916521694511175,0.0265811737626791,-0.009860794991254807
1777498932749293056,0.002239593071863055,0.02838297747075558,-0.0100554283708334
1777498932759237632,0.002306773094460368,0.02986365184187889,-0.01020569354295731
1777498932769163264,0.002296879887580872,0.03135649859905243,-0.01031539123505354
1777498932779069696,0.002410500310361385,0.03251411765813828,-0.01038338895887136
1777498932788956672,0.002311612013727427,0.03367962688207626,-0.0104368794709444
1777498932798824448,0.002475470071658492,0.03476518765091896,-0.01041406765580177
1777498932808673280,0.002575373509898782,0.03547313436865807,-0.0103513402864337
1777498932818502912,0.002231696853414178,0.03631330281496048,-0.01019737031310797
1777498932828316416,0.001789397327229381,0.03682746738195419,-0.009972858242690563
1777498932838114816,0.001445566536858678,0.03749171271920204,-0.009737316519021988
1777498932848122368,0.001308603445068002,0.03790145367383957,-0.009471463970839977
1777498932858338560,0.001005994156002998,0.03821837157011032,-0.009223191998898983
1777498932868535040,0.001090995618142188,0.03849435597658157,-0.008975174278020859
1777498932878712320,0.001107483636587858,0.03862597793340683,-0.008737774565815926
1777498932888869888,0.0009546937071718276,0.03878955543041229,-0.008520848117768764
1777498932899007744,0.001215745694935322,0.03883692622184753,-0.008361978456377983
1777498932909125632,0.0006225517718121409,0.03851407766342163,-0.008229896426200867
1777498932919223808,0.0005056753288954496,0.03855088725686073,-0.008222766220569611
1777498932929302528,-0.0007424429641105235,0.03829856216907501,-0.008119874633848667
1777498932939361536,-0.00137104990426451,0.03806359693408012,-0.007730736397206783
1777498932949400832,-0.002375985262915492,0.03688117116689682,-0.007308001630008221
1777498932959421184,-0.002566651208326221,0.03659366443753242,-0.006787143182009459
1777498932969422080,-0.002083714352920651,0.03683421760797501,-0.006360024679452181
1777498932979403264,-0.001415911130607128,0.03633741661906242,-0.006030309945344925
1777498932989364992,-0.001426576287485659,0.03579118475317955,-0.005690996069461107
1777498932999310592,-0.001087852986529469,0.03519472852349281,-0.005380909889936447
1777498933009237248,-0.001019467832520604,0.03514978289604187,-0.00499041797593236
1777498933019144448,-0.0008703551138751209,0.03479232639074326,-0.004617305472493172
1777498933029031936,-0.0007234346121549606,0.03475091233849525,-0.004194686189293861
1777498933038900992,-0.0005629999213851988,0.03430140018463135,-0.003685692325234413
1777498933048750336,-0.0007003525970503688,0.03433426097035408,-0.003131839213892817
1777498933058580480,-0.001189474598504603,0.03433524817228317,-0.002576524624601007
1777498933068391168,-0.001823689555749297,0.03490029275417328,-0.002041057450696826
1777498933078183424,-0.002228230936452746,0.03518855571746826,-0.001516852527856827
1777498933088188672,-0.002617863472551107,0.0356082022190094,-0.0009966068901121616
1777498933098406144,-0.002787720877677202,0.03597405925393105,-0.0005354498862288892
1777498933108603648,-0.003040876938030124,0.03696481138467789,-0.0002887199516408145
1777498933118781696,-0.002842598129063845,0.03795330226421356,-0.0001356415014015511
1777498933128940032,-0.002810907550156116,0.03906283155083656,-2.521752685424872e-05
1777498933139078912,-0.00276181916706264,0.0402287095785141,-4.23653400503099e-05
1777498933149198080,-0.002089706249535084,0.04158388823270798,-0.0001233619550475851
1777498933159297536,-0.00146146968472749,0.04299653694033623,-0.0002285730588482693
1777498933169377280,-0.0008402998209930956,0.04445698857307434,-0.0003306795551907271
1777498933179437568,-1.806637919798959e-05,0.04589779675006866,-0.0003275363706052303
1777498933189478144,0.000641060178168118,0.04757719486951828,-0.0001937966444529593
1777498933199499520,0.0009750433964654803,0.04931189492344856,9.612951544113457e-05
1777498933209501696,0.001193868229165673,0.05105997622013092,0.000543982139788568
1777498933219484672,0.001390701509080827,0.05261044204235077,0.00125400722026825
1777498933229448704,0.001312520704232156,0.05413270741701126,0.002121197292581201
1777498933239397376,0.001182326814159751,0.05538962036371231,0.003109204117208719
1777498933249326848,0.0006169243133626878,0.05670461058616638,0.004222595598548651
1777498933259237888,-0.0004284055321477354,0.05779264122247696,0.005447502713650465
1777498933269129728,-0.001183336949907243,0.05872675031423569,0.006820181850343943
1777498933279002624,-0.002110551809892058,0.0594356507062912,0.00824037566781044
1777498933288856320,-0.003244904102757573,0.05990376695990562,0.00960368849337101
1777498933298691072,-0.00372301135212183,0.06036205217242241,0.01089705992490053
1777498933308506624,-0.004198173992335796,0.0607709102332592,0.01208306755870581
1777498933318304000,-0.004603910725563765,0.06065003201365471,0.01304344180971384
1777498933328082432,-0.005108917132019997,0.06037395820021629,0.01382149197161198
1777498933338301184,-0.005850397981703281,0.06019320338964462,0.0144420862197876
1777498933348499968,-0.006608434952795506,0.06022173911333084,0.01491001155227423
1777498933358679040,-0.006692255381494761,0.05998615548014641,0.01524218078702688
1777498933368839168,-0.006920123472809792,0.05940219014883041,0.01546559669077396
1777498933378979584,-0.007080742623656988,0.05879229679703712,0.01553313247859478
1777498933389100544,-0.006782130338251591,0.0583929531276226,0.01550400722771883
1777498933399201792,-0.006980395875871181,0.05793361365795135,0.01531477086246014
1777498933409283584,-0.007157552056014538,0.05744902044534683,0.01488247327506542
1777498933419345664,-0.007023261394351721,0.0568583644926548,0.01432730909436941
1777498933429388288,-0.007133238483220339,0.05641705915331841,0.01358742360025644
1777498933439411200,-0.007028807420283556,0.05609094724059105,0.01266269758343697
1777498933449415424,-0.006549274083226919,0.05593080446124077,0.01156469620764256
1777498933459400448,-0.006378215737640858,0.05542684346437454,0.01026490889489651
1777498933469367040,-0.00573790492489934,0.05489377677440643,0.008966227993369102
1777498933479315968,-0.005710327066481113,0.05435435473918915,0.007628108840435743
1777498933489245440,-0.005812021438032389,0.05428295210003853,0.006142915226519108
1777498933499155968,-0.005184011999517679,0.05412765592336655,0.00459393160417676
1777498933509047040,-0.004735962022095919,0.05337250977754593,0.003099974943324924
1777498933518918912,-0.004350980743765831,0.05253739655017853,0.001681880909018219
1777498933528771584,-0.003844398073852062,0.05174056440591812,0.0003345808945596218
1777498933538605056,-0.003645135089755058,0.05128008872270584,-0.001068104873411357
1777498933548419840,-0.003161924425512552,0.05069592222571373,-0.002441308693960309
1777498933558215936,-0.003068042686209083,0.04949652031064034,-0.00371913961134851
1777498933567993088,-0.003044779179617763,0.0483570322394371,-0.004942686296999454
1777498933578212352,-0.003249817760661244,0.04718029126524925,-0.006129254121333361
1777498933588411904,-0.003790248185396194,0.04621079191565514,-0.007270439527928829
1777498933598591744,-0.004278173670172691,0.04517524689435959,-0.008275409229099751
1777498933608752384,-0.004654762335121632,0.04402830451726913,-0.009157421067357063
1777498933618893056,-0.005205425899475813,0.04299511387944221,-0.00998833030462265
1777498933629014272,-0.005416860338300467,0.04210478067398071,-0.01090945582836866
1777498933639115264,-0.005662317387759686,0.04137016460299492,-0.01192198786884546
1777498933649197056,-0.005659228190779686,0.04079713299870491,-0.01300209667533636
1777498933659259136,-0.005424232222139835,0.04016168043017387,-0.01412583701312542
1777498933669301504,-0.005124341230839491,0.03980503231287003,-0.01525595784187317
1777498933679324160,-0.004509062506258488,0.03960216045379639,-0.01643980294466019
1777498933689330944,-0.004020944703370333,0.03947830572724342,-0.01759838312864304
1777498933699319040,-0.003635322907939553,0.03952180594205856,-0.01874060742557049
1777498933709287424,-0.003233576659113169,0.03961122035980225,-0.01985736191272736
1777498933719236608,-0.001484661595895886,0.0393446758389473,-0.02105256170034409
1777498933729166336,-0.0008204104960896075,0.03924176841974258,-0.0224774107336998
1777498933739076864,-0.0006459160940721631,0.03951269388198853,-0.02409544959664345
1777498933748967936,3.865469625452533e-05,0.04105676710605621,-0.02576278150081635
1777498933758839808,0.0007920550415292382,0.04202323406934738,-0.02747650817036629
1777498933768692992,0.00108764658216387,0.04260858148336411,-0.02900350466370583
1777498933778526720,0.001530523644760251,0.04268234968185425,-0.0303676538169384
1777498933788341248,0.001562419696711004,0.04333271831274033,-0.031683299690485
1777498933798136832,0.001678887754678726,0.04435592144727707,-0.03290919214487076
1777498933807912704,0.001988817006349564,0.04515091702342033,-0.03395547345280647
1777498933818138112,0.001856495742686093,0.04590575769543648,-0.0348605252802372
1777498933828343808,0.001859140465967357,0.04596694186329842,-0.03554275631904602
1777498933838530048,0.001579021103680134,0.04634221270680428,-0.03610331937670708
1777498933848697344,0.0009144146461039782,0.04671749845147133,-0.03655410185456276
1777498933858844672,-9.61867772275582e-06,0.04701785370707512,-0.03691665828227997
1777498933868972544,-0.0004950921866111457,0.04697791114449501,-0.03715137764811516
1777498933879080960,-0.0009689372382126749,0.04701318219304085,-0.03734071552753448
1777498933889169920,-0.001235641655512154,0.04694845899939537,-0.03744576126337051
1777498933899239168,-0.001745751476846635,0.04686560854315758,-0.03749924898147583
1777498933909289216,-0.002166037447750568,0.04685254767537117,-0.03758594393730164
1777498933919319808,-0.002256077714264393,0.04664643853902817,-0.03773121163249016
1777498933929335296,-0.002737219678238034,0.04638231545686722,-0.03810697421431541
1777498933939331072,-0.00259477156214416,0.04598401114344597,-0.03874995559453964
1777498933949307392,-0.002287501469254494,0.04565423727035522,-0.03944257646799088
1777498933959264768,-0.001985751325264573,0.04522428661584854,-0.04007235169410706
1777498933969202944,-0.00165929610375315,0.04444517940282822,-0.04069973528385162
1777498933979121664,-0.001405929797329009,0.04387237504124641,-0.04126737266778946
1777498933989021440,-0.001398030086420476,0.04324442520737648,-0.04181980714201927
1777498933998902016,-0.001428572810254991,0.04254190251231194,-0.042207982391119
1777498934008763648,-0.001667835051193833,0.04161899536848068,-0.04242672026157379
1777498934018606336,-0.001855861744843423,0.04073726013302803,-0.04258739948272705
1777498934028429824,-0.002150478307157755,0.03986665606498718,-0.0426926352083683
1777498934038234368,-0.002660069614648819,0.03905376791954041,-0.04280945286154747
1777498934048019968,-0.003205572254955769,0.0383051298558712,-0.04286591708660126
1777498934058020608,-0.003806914202868938,0.03768937662243843,-0.04275494068861008
1777498934068236288,-0.004580595064908266,0.03720782697200775,-0.04258756712079048
1777498934078432256,-0.005240111146122217,0.03689248859882355,-0.04243123903870583
1777498934088609024,-0.005473731551319361,0.03667225688695908,-0.04229481890797615
1777498934098765824,-0.005602459423243999,0.03638739511370659,-0.04230925068259239
1777498934108903680,-0.005355067551136017,0.03605571016669273,-0.04227414727210999
1777498934119022848,-0.00517289899289608,0.03552830591797829,-0.04232202842831612
1777498934129122304,-0.00491782184690237,0.03545114025473595,-0.04271123930811882
1777498934139202560,-0.00496766110882163,0.03566741943359375,-0.04305877536535263
1777498934149263360,-0.004777312278747559,0.03626080602407455,-0.04333077371120453
1777498934159304448,-0.004089539404958487,0.03677787631750107,-0.04368983581662178
1777498934169326336,-0.003529864829033613,0.03686977922916412,-0.04383236542344093
1777498934179328768,-0.003510721027851105,0.03734514117240906,-0.0438946858048439
1777498934189312000,-0.003745100926607847,0.03796758502721786,-0.04391413554549217
1777498934199276288,-0.004002195317298174,0.03858612477779388,-0.04390561208128929
1777498934209221120,-0.00422046659514308,0.03930308669805527,-0.0437215119600296
1777498934219146496,-0.004506545141339302,0.03958701342344284,-0.04342381283640862
1777498934229052928,-0.00484358798712492,0.04032298922538757,-0.04304096847772598
1777498934238939904,-0.004583459347486496,0.04110230132937431,-0.04260698705911636
1777498934248807680,-0.00465425243601203,0.04145935550332069,-0.04209554567933083
1777498934258656256,-0.005477120634168386,0.04170908033847809,-0.04147802293300629
1777498934268489728,-0.00564868887886405,0.04229223728179932,-0.04097457602620125
1777498934278308096,-0.00568839069455862,0.04277988150715828,-0.04047170281410217
1777498934288107776,-0.006365442182868719,0.04308490455150604,-0.04001881927251816
1777498934298116096,-0.006578842643648386,0.04325360804796219,-0.03957395255565643
1777498934308332032,-0.006670777685940266,0.0432782955467701,-0.03928474336862564
1777498934318528512,-0.00744670070707798,0.04346266388893127,-0.03910480067133904
1777498934328705024,-0.008075820282101631,0.04346093907952309,-0.03899630531668663
1777498934338862592,-0.008600418455898762,0.04334684833884239,-0.03911059722304344
1777498934349000192,-0.009167516604065895,0.04326330125331879,-0.03938907012343407
1777498934359118336,-0.009250529110431671,0.04271221160888672,-0.03980616107583046
1777498934369216512,-0.00914391316473484,0.0423797182738781,-0.04050650075078011
1777498934379295488,-0.008949968032538891,0.04191813990473747,-0.04133526235818863
1777498934389354752,-0.00876761507242918,0.04153674840927124,-0.04234465211629868
1777498934399394304,-0.008333848789334297,0.04112705588340759,-0.04351956769824028
1777498934409414144,-0.008111660368740559,0.0406428799033165,-0.04473420232534409
1777498934419415040,-0.007772476878017187,0.04004142060875893,-0.04594410210847855
1777498934429396480,-0.007261435966938734,0.03978809341788292,-0.0470951609313488
1777498934439358208,-0.006803665310144424,0.03931934759020805,-0.04822235926985741
1777498934449300736,-0.006114494055509567,0.03898480162024498,-0.04930612444877625
1777498934459223808,-0.005534656811505556,0.03849625587463379,-0.05025850236415863
1777498934469131264,-0.005107528064399958,0.03799373656511307,-0.05111776292324066
1777498934479022336,-0.00487750768661499,0.03769521042704582,-0.051918625831604
1777498934488894208,-0.004746148828417063,0.03736381977796555,-0.05263080447912216
1777498934498746880,-0.00479881139472127,0.03714204207062721,-0.05328771099448204
1777498934508580608,-0.005214839708060026,0.03695573657751083,-0.05385401472449303
1777498934518394880,-0.005087632685899734,0.03668605536222458,-0.05440866574645042
1777498934528190208,-0.004555895924568176,0.03547206521034241,-0.05509741604328156
1777498934538196736,-0.005009816028177738,0.03440557420253754,-0.05591098591685295
1777498934548413696,-0.006106099579483271,0.03382035717368126,-0.05671133100986481
1777498934558610688,-0.006215711589902639,0.03497596457600594,-0.05767764151096344
1777498934568788480,-0.005270050372928381,0.03490037471055984,-0.05870567262172699
1777498934578946560,-0.005198726896196604,0.03346820548176765,-0.05953172221779823
1777498934589084928,-0.004769936669617891,0.03233037516474724,-0.06001521646976471
1777498934599203840,-0.004133887123316526,0.03403714299201965,-0.06032467260956764
1777498934609303552,-0.004241029266268015,0.03348295763134956,-0.0605655163526535
1777498934619383552,-0.00418312381953001,0.03355436772108078,-0.06067586317658424
1777498934629445376,-0.004262628965079784,0.03232628107070923,-0.06053398922085762
1777498934639488768,-0.00439865980297327,0.03231506422162056,-0.06034994870424271
1777498934649512448,-0.004105394706130028,0.03195293992757797,-0.06017837300896645
1777498934659516928,-0.00399654358625412,0.03159943595528603,-0.06007819995284081
1777498934669501696,-0.004303273279219866,0.03134061768651009,-0.05998498946428299
1777498934679467264,-0.004509605001658201,0.03030741401016712,-0.05989374592900276
1777498934689413376,-0.004935916978865862,0.03009886853396893,-0.05978717654943466
1777498934699340288,-0.004952464252710342,0.02972976304590702,-0.05974907800555229
1777498934709248256,-0.004725000355392694,0.0297154113650322,-0.05975847691297531
1777498934719137024,-0.005004009697586298,0.02916544117033482,-0.05969006195664406
1777498934729006848,-0.005311033688485622,0.02920625545084476,-0.05960265547037125
1777498934738856960,-0.004762790631502867,0.02947592176496983,-0.05957009643316269
1777498934748688128,-0.004613075405359268,0.02963715046644211,-0.05951451137661934
1777498934758499840,-0.004551648162305355,0.029698321595788,-0.05937996506690979
1777498934768292608,-0.004083557054400444,0.03005337156355381,-0.05923784896731377
1777498934778066432,-0.003883971599861979,0.03057492710649967,-0.05907332524657249
1777498934788284672,-0.003580509684979916,0.03116211853921413,-0.05889030173420906
1777498934798482944,-0.003366252407431602,0.03175079450011253,-0.05864758789539337
1777498934808661504,-0.003116635838523507,0.03224602341651917,-0.05839358270168304
1777498934818820096,-0.002983283717185259,0.03297081217169762,-0.05805527046322823
1777498934828958976,-0.002624244894832373,0.03354924917221069,-0.0576842688024044
1777498934839079168,-0.002462898613885045,0.03404248878359795,-0.05736634135246277
1777498934849180672,-0.002713771536946297,0.03448045626282692,-0.05705391243100166
1777498934859262464,-0.003028168343007565,0.03483936563134193,-0.05678686127066612
1777498934869324544,-0.003617604030296206,0.03539114817976952,-0.05644679442048073
1777498934879367424,-0.004527267534285784,0.03588389232754707,-0.05604242533445358
1777498934889390848,-0.004975532647222281,0.03611470386385918,-0.05559653416275978
1777498934899394816,-0.005033235065639019,0.03618374094367027,-0.05507152155041695
1777498934909379328,-0.005428044125437737,0.03626848012208939,-0.05449964478611946
1777498934919344640,-0.005239222198724747,0.03638683259487152,-0.05395784601569176
1777498934929290496,-0.004170466214418411,0.03648634627461433,-0.05369466170668602
1777498934939216896,-0.003128164215013385,0.03580091148614883,-0.05364003404974937
1777498934949123840,-0.002630360424518585,0.03499870374798775,-0.05379496142268181
1777498934959010816,-0.002062084153294563,0.03525199368596077,-0.05397558584809303
1777498934968878848,-0.001353038125671446,0.03571284934878349,-0.05411937087774277
1777498934978727424,-0.0005155763938091695,0.03558224812150002,-0.05406491830945015
1777498934988556800,-0.0001867046084953472,0.03474380075931549,-0.05366841331124306
1777498934998367232,0.0001517000200692564,0.03409122303128242,-0.05305862799286842
1777498935008158976,-0.0002359088830417022,0.03406617790460587,-0.05242201685905457
1777498935017931776,-0.0004954430623911321,0.03423167765140533,-0.05173018574714661
1777498935028151552,-0.0007911025313660502,0.03386548161506653,-0.05097576975822449
1777498935038351616,-0.00120334723033011,0.03334036841988564,-0.05010898411273956
1777498935048531712,-0.001550410175696015,0.03272503986954689,-0.04930063709616661
1777498935058691840,-0.001509877154603601,0.03293292224407196,-0.04864060506224632
1777498935068832256,-0.001232467941008508,0.03283760324120522,-0.04811837896704674
1777498935078954752,-0.0007398143643513322,0.03228731453418732,-0.04747934266924858
1777498935089057792,-0.0001288237544940785,0.03165982291102409,-0.04675333201885223
1777498935099141120,0.0003767514426726848,0.03140872344374657,-0.04605872929096222
1777498935109204992,0.0007595407078042626,0.03130531311035156,-0.04532866552472115
1777498935119249664,0.0009992948034778237,0.03118979930877686,-0.04444839060306549
1777498935129274624,0.0007920670905150473,0.0308105256408453,-0.04330471158027649
1777498935139280384,0.0003059584414586425,0.03038124740123749,-0.0420367419719696
1777498935149266944,-0.0003578492323867977,0.03029441274702549,-0.04072710871696472
1777498935159235072,-0.0008207874489016831,0.03030295856297016,-0.03939305990934372
1777498935169183744,-0.001462441869080067,0.03044001385569572,-0.03801493346691132
1777498935179112960,-0.001800768659450114,0.03045262955129147,-0.03674158081412315
1777498935189022976,-0.001794237876310945,0.03070799820125103,-0.03561814501881599
1777498935198913536,-0.001926001161336899,0.03118629194796085,-0.034614197909832
1777498935208784896,-0.002146737650036812,0.03166971728205681,-0.03369120880961418
1777498935218637312,-0.002336900448426604,0.03253141790628433,-0.03268409892916679
1777498935228470528,-0.002350281924009323,0.03300861269235611,-0.03167137876152992
1777498935238289152,-0.002390911802649498,0.03382398933172226,-0.03065451607108116
1777498935248091904,-0.002272035228088498,0.03438698500394821,-0.02967449836432934
1777498935257875456,-0.002215619431808591,0.03515011444687843,-0.02874396927654743
1777498935268101120,-0.001915269298478961,0.03583941608667374,-0.02785900980234146
1777498935278307072,-0.001665146788582206,0.03642730787396431,-0.02703480049967766
1777498935288493568,-0.00186494889203459,0.03690808638930321,-0.02624324895441532
1777498935298660608,-0.001981533598154783,0.03738091513514519,-0.02544794790446758
1777498935308808192,-0.002496936591342092,0.03762498497962952,-0.02462421357631683
1777498935318936064,-0.003233161754906178,0.03789248317480087,-0.02372290007770061
1777498935329044224,-0.003645382123067975,0.03784846514463425,-0.0227848719805479
1777498935339133184,-0.00427692336961627,0.03765683993697166,-0.0218151044100523
1777498935349202688,-0.004015743266791105,0.03690442815423012,-0.02105540782213211
1777498935359252224,-0.004018687643110752,0.03635735064744949,-0.02047105319797993
1777498935369282304,-0.004495433531701565,0.03614019975066185,-0.02013565041124821
1777498935379292928,-0.003725685644894838,0.03647567704319954,-0.01997213251888752
1777498935389284352,-0.002729188883677125,0.03573514521121979,-0.0199360940605402
1777498935399256320,-0.002289872150868177,0.03463292494416237,-0.01980646327137947
1777498935409208832,-0.00212071230635047,0.03374179825186729,-0.01963411085307598
1777498935419141376,-0.001957255648449063,0.03350547701120377,-0.01954608783125877
1777498935429054464,-0.001604534452781081,0.03299855440855026,-0.01937992125749588
1777498935438948096,-0.001556334435008466,0.03208007290959358,-0.01905851066112518
1777498935448822272,-0.001265497179701924,0.03137948364019394,-0.01876604557037354
1777498935458680576,-0.001153004355728626,0.03064497373998165,-0.01850776560604572
1777498935468523776,-0.0004864233778789639,0.03038711845874786,-0.01839985512197018
1777498935478347776,6.584268703591079e-05,0.02975515834987164,-0.01832850277423859
1777498935488152320,-3.517023287713528e-05,0.02908161841332912,-0.01825196109712124
1777498935497938176,0.000372433423763141,0.02860368229448795,-0.01814531907439232
1777498935507934720,0.0005293209105730057,0.02844835817813873,-0.01803231798112392
1777498935518141696,0.0008150734356604517,0.02806102111935616,-0.01773029193282127
1777498935528328960,0.0008025984279811382,0.02768078446388245,-0.01721052266657352
1777498935538496768,0.0009392802021466196,0.02735867537558079,-0.01664652116596699
1777498935548644864,0.0009931389940902591,0.02716434746980667,-0.01611263491213322
1777498935558774016,0.0008652977412566543,0.02694425918161869,-0.01553026679903269
1777498935568882944,0.0009068216313607991,0.02685191296041012,-0.01489240117371082
1777498935578972672,0.0006460014265030622,0.02665820904076099,-0.01423236727714539
1777498935589042688,0.0004137222131248564,0.02640905044972897,-0.01355619262903929
1777498935599093248,0.0004107746935915202,0.02642383985221386,-0.01286382414400578
1777498935609124608,0.0002857317740563303,0.02628731727600098,-0.01224774774163961
1777498935619136768,0.0004733405367005616,0.02649694308638573,-0.01165424846112728
1777498935629129728,0.0004420699260663241,0.02646472305059433,-0.01106942910701036
1777498935639103488,0.000651972892228514,0.02676577307283878,-0.01046954188495874
1777498935649057792,0.0005069127073511481,0.02681928500533104,-0.00984386820346117
1777498935658996736,0.0002068165485979989,0.02705549821257591,-0.009269002825021744
1777498935668916736,-0.0001495794567745179,0.02781347185373306,-0.008634384721517563
1777498935678817280,-0.0009872070513665676,0.02852822095155716,-0.008071398362517357
1777498935688698624,-0.001424676273018122,0.02952268347144127,-0.007562972139567137
1777498935698561024,-0.001799979014322162,0.03026934899389744,-0.007057796698063612
1777498935708404480,-0.002420706208795309,0.03133726865053177,-0.006619273219257593
1777498935718228736,-0.00297896028496325,0.03239381685853004,-0.006235957145690918
1777498935728034048,-0.003574262605980039,0.033686563372612,-0.005949191749095917
1777498935737820928,-0.00374707905575633,0.03484457358717918,-0.005749063100665808
1777498935747822848,-0.003965099807828665,0.03573243692517281,-0.005685860756784678
1777498935758039296,-0.003828671528026462,0.03651684522628784,-0.005732713732868433
1777498935768235776,-0.003165578003972769,0.03745640069246292,-0.00593261606991291
1777498935778412800,-0.001921681221574545,0.03817090392112732,-0.00636684987694025
1777498935788569856,-0.0005959059344604611,0.03893746808171272,-0.007067484781146049
1777498935798707712,0.0003219373465981334,0.03947737812995911,-0.007852897047996521
1777498935808825856,0.001530079054646194,0.03975600749254227,-0.008593225851655006
1777498935818924288,0.002359667792916298,0.03990193828940392,-0.009130132384598255
1777498935829003008,0.002444639569148421,0.04016712680459023,-0.009529168717563152
1777498935839062016,0.002647646935656667,0.04020043089985847,-0.009808345697820187
1777498935849101568,0.003514619078487158,0.04000029712915421,-0.009950778447091579
1777498935859123200,0.003552554873749614,0.03946816548705101,-0.01000025123357773
1777498935869127680,0.003526416374370456,0.03900448605418205,-0.01001451257616282
1777498935879112704,0.003627058817073703,0.03820191696286201,-0.01013926882296801
1777498935889078272,0.003994749393314123,0.03757535293698311,-0.01023955084383488
1777498935899024384,0.003622298594564199,0.03635638579726219,-0.01027115248143673
1777498935908951296,0.003309383057057858,0.03504139557480812,-0.01018737349659204
1777498935918858752,0.003445174777880311,0.0337635912001133,-0.01001274026930332
1777498935928746496,0.003548477776348591,0.03248868137598038,-0.00986112467944622
1777498935938615552,0.003934500738978386,0.03117915987968445,-0.009563477709889412
1777498935948465664,0.004041089676320553,0.02951689250767231,-0.009225730784237385
1777498935958296576,0.0041300761513412,0.02807466126978397,-0.008946995250880718
1777498935968107776,0.004275229759514332,0.0267434511333704,-0.008749955333769321
1777498935977900032,0.00409581046551466,0.02531242370605469,-0.008514633402228355
1777498935987905536,0.003887095954269171,0.02406886965036392,-0.008196844719350338
1777498935998123520,0.003498033620417118,0.02282078564167023,-0.007774493657052517
1777498936008322048,0.003002176294103265,0.0217132642865181,-0.007277017459273338
1777498936018501120,0.002776519395411015,0.02094786427915096,-0.006730473134666681
1777498936028660736,0.002464688615873456,0.02021706849336624,-0.006177367176860571
1777498936038800896,0.002627111971378326,0.01962597854435444,-0.005685763899236917
1777498936048921088,0.003043827367946506,0.01909076422452927,-0.005274936556816101
1777498936059022080,0.003312303218990564,0.01864398829638958,-0.004899336025118828
1777498936069103360,0.003955775406211615,0.01857047341763973,-0.00458777230232954
1777498936079165184,0.004323632922023535,0.01860339380800724,-0.004277779255062342
1777498936089207296,0.004493870306760073,0.01870620436966419,-0.003831950481981039
1777498936099230464,0.004473592154681683,0.01895175874233246,-0.003136260202154517
1777498936109235712,0.004150502383708954,0.0192314125597477,-0.002340756356716156
1777498936119223296,0.003673848928883672,0.01983272098004818,-0.001404152484610677
1777498936129191680,0.002904384629800916,0.02041978761553764,-0.0003379959380254149
1777498936139140608,0.001982685644179583,0.02110595069825649,0.0008159708813764155
1777498936149070336,0.001288232975639403,0.02176262997090816,0.001986491261050105
1777498936158981120,0.0004381028411444277,0.0226685144007206,0.0031247662845999
1777498936168872448,-0.0001975315972231328,0.02348853088915348,0.004104789346456528
1777498936178744832,-0.0007962141535244882,0.02457705326378345,0.005051072221249342
1777498936188598272,-0.000907972629647702,0.02566049434244633,0.005860927514731884
1777498936198433024,-0.0003821215068455786,0.02668825350701809,0.006276885513216257
1777498936208248832,-0.0003778056416194886,0.02747127041220665,0.006489390507340431
1777498936218046208,-8.442357648164034e-05,0.02857648767530918,0.006593517027795315
1777498936227824640,0.0003018773859366775,0.02998971194028854,0.006725178100168705
1777498936238043648,0.0003635074535850435,0.0314549021422863,0.006833978928625584
1777498936248242688,0.0006073500844649971,0.03250150382518768,0.006977776996791363
1777498936258422016,0.001616450259461999,0.03356186673045158,0.007148222532123327
1777498936268582144,0.001862542703747749,0.03445648029446602,0.007316134870052338
1777498936278722560,0.002246589865535498,0.03536700829863548,0.007551766932010651
1777498936288843520,0.002668666420504451,0.03647822141647339,0.007782022934406996
1777498936298944256,0.002616478595882654,0.03714292868971825,0.007902034558355808
1777498936309025792,0.002650561975315213,0.03761309012770653,0.008049396798014641
1777498936319087872,0.002672930946573615,0.0378887802362442,0.008089507929980755
1777498936329130240,0.0021146594081074,0.03821431845426559,0.008029918186366558
1777498936339153152,0.001601892057806253,0.03834034129977226,0.008023565635085106
1777498936349157120,0.001234028371982276,0.03840037807822227,0.008006836287677288
1777498936359141632,0.0007084039971232414,0.03820103779435158,0.00807799119502306
1777498936369106176,0.0001007010359899141,0.03786500543355942,0.008144691586494446
1777498936379051264,-0.0001971250749193132,0.037635188549757,0.008201587945222855
1777498936388976896,-0.0002738671028055251,0.0373384952545166,0.00818035751581192
1777498936398883328,-0.0003537366283126175,0.03690852224826813,0.008092471398413181
1777498936408770560,-0.0004211265768390149,0.03608525544404984,0.007893986999988556
1777498936418644224,-0.0001334122498519719,0.035445936024189,0.00758226215839386
1777498936428498944,-7.265340536832809e-05,0.03451709821820259,0.007162605877965689
1777498936438334464,0.0003912429383490235,0.03371785953640938,0.006720412988215685
1777498936448151040,0.000498291221447289,0.03273510932922363,0.006242865230888128
1777498936457948928,0.0006957969744689763,0.0318145751953125,0.005776188336312771
1777498936467727616,0.0007567654829472303,0.0308432225137949,0.005337679758667946
1777498936477948160,0.0004219891270622611,0.03000770509243011,0.004907144233584404
1777498936488148992,1.787338442227338e-05,0.02917148172855377,0.004488074686378241
1777498936498330112,-0.0003306407888885587,0.02837369404733181,0.004008845426142216
1777498936508491776,-0.0007030025008134544,0.0277919378131628,0.00346360681578517
1777498936518633728,-0.000577329657971859,0.02717490866780281,0.002809538738802075
1777498936528755968,-0.0005654660635627806,0.0269522201269865,0.002158208517357707
1777498936538858752,-0.0006350915064103901,0.02669376693665981,0.001405875664204359
1777498936548942080,-0.000630944618023932,0.02673821710050106,0.0007065782556310296
1777498936559005440,-0.0008388140122406185,0.02660966850817204,3.877806375385262e-05
1777498936569049600,-0.001033149776048958,0.02661159262061119,-0.0005983542068861425
1777498936579074304,-0.001068257377482951,0.02679575234651566,-0.001177744823507965
1777498936589079808,-0.000785891548730433,0.02691620402038097,-0.001873146975412965
1777498936599066112,-0.0007891905261203647,0.0269466470927,-0.002499701920896769
1777498936609033216,-0.0008882959955371916,0.02692431397736073,-0.002876863814890385
1777498936618981376,-0.001104042399674654,0.02748502045869827,-0.003247022395953536
1777498936628912384,-0.001641401438973844,0.02811914682388306,-0.003637872170656919
1777498936638825472,-0.002526838565245271,0.02871270105242729,-0.00409613037481904
1777498936648719872,-0.002663095481693745,0.02958280593156815,-0.004632821772247553
1777498936658594816,-0.003217190271243453,0.03039468638598919,-0.005175197962671518
1777498936668450816,-0.004123810678720474,0.03169649466872215,-0.005729756783694029
1777498936678287616,-0.004148311913013458,0.03316760435700417,-0.006391498260200024
1777498936688105472,-0.003865414299070835,0.03476362675428391,-0.007029765285551548
1777498936697904128,-0.003818520810455084,0.0361444428563118,-0.007696297485381365
1777498936707684096,-0.003118779975920916,0.03780878335237503,-0.00834257248789072
1777498936717910272,-0.002415000461041927,0.03944630920886993,-0.009086450561881065
1777498936728116480,-0.001750071649439633,0.04124278575181961,-0.009842944331467152
1777498936738303232,-0.00103466515429318,0.04294846579432487,-0.0105329342186451
1777498936748470528,-0.000578263308852911,0.04437362775206566,-0.01123062334954739
1777498936758618368,2.066548768198118e-05,0.04583568871021271,-0.01184282172471285
1777498936768746240,0.0004357772413641214,0.04738571494817734,-0.01241317111998796
1777498936778854912,0.0006115661817602813,0.04864991828799248,-0.01290472038090229
1777498936788943872,0.0007166257128119469,0.04967311769723892,-0.01318021398037672
1777498936799013376,0.0005031329928897321,0.05025117099285126,-0.01329913921654224
1777498936809063168,-7.815124990884215e-05,0.05105170980095863,-0.01327069196850061
1777498936819095552,-0.0006997588789090514,0.05158912390470505,-0.01316011138260365
1777498936829110272,-0.001470224466174841,0.05208946764469147,-0.01303182076662779
1777498936839105792,-0.001789121539331973,0.05229629948735237,-0.01286391355097294
1777498936849081856,-0.001989792101085186,0.0523119755089283,-0.01271086558699608
1777498936859038720,-0.00221316097304225,0.0521552748978138,-0.01262558717280626
1777498936868976384,-0.001959208631888032,0.05200180411338806,-0.01262589637190104
1777498936878894848,-0.001824007136747241,0.0515599362552166,-0.01260934770107269
1777498936888793600,-0.001602563192136586,0.05113307014107704,-0.01258619409054518
1777498936898673920,-0.001177708501927555,0.05044626444578171,-0.01254812069237232
1777498936908535296,-0.0009393655927851796,0.04954836517572403,-0.0125026348978281
1777498936918377216,-0.0008047771407291293,0.04863166809082031,-0.01244960725307465
1777498936928200192,-0.0005160740111023188,0.04773607105016708,-0.01236530020833015
1777498936938004224,-0.0006050831871107221,0.04665526002645493,-0.01227091066539288
1777498936947788800,-0.0004975599003955722,0.04580426588654518,-0.01209989190101624
1777498936958023936,-0.0004075850010849535,0.04454818740487099,-0.01191776804625988
1777498936968239104,-0.0002906889712903649,0.04353715106844902,-0.01176351308822632
1777498936978434816,-0.0004499904462136328,0.04234154522418976,-0.01156625244766474
1777498936988610816,-0.0007876561721786857,0.0412614494562149,-0.01139289606362581
1777498936998767104,-0.001019025454297662,0.04036557301878929,-0.01119842100888491
1777498937008903424,-0.001324881566688418,0.0391836054623127,-0.01092746946960688
1777498937019021824,-0.001534523442387581,0.03805293887853622,-0.01061157882213593
1777498937029120512,-0.001726743415929377,0.0370183177292347,-0.01027605682611465
1777498937039199488,-0.001780308084562421,0.03634432703256607,-0.01002230867743492
1777498937049258752,-0.001024238765239716,0.03579341620206833,-0.00985601544380188
1777498937059298816,-0.0001853082067100331,0.03529944270849228,-0.009769194759428501
1777498937069319424,0.0004230926861055195,0.03478067368268967,-0.009840718470513821
1777498937079320064,0.001461971667595208,0.03447544202208519,-0.00997981708496809
1777498937089301248,0.002059894613921642,0.03423356264829636,-0.01002449728548527
1777498937099263488,0.002261837478727102,0.03421515226364136,-0.00986385066062212
1777498937109206272,0.002334071090444922,0.03401473164558411,-0.009523856453597546
1777498937119129600,0.001977675827220082,0.03407998755574226,-0.009082752279937267
1777498937129033472,0.001413786201737821,0.03439389914274216,-0.008478982374072075
1777498937138918144,0.0009119507158175111,0.03462706133723259,-0.007792114745825529
1777498937148783616,0.0005250027170404792,0.03473757579922676,-0.007094294298440218
1777498937158629632,-8.867128781275824e-05,0.03500905632972717,-0.006497138179838657
1777498937168456448,-0.000858746119774878,0.03533958271145821,-0.005906804464757442
1777498937178265088,-0.0009951498359441757,0.03616660088300705,-0.00541501073166728
1777498937188054784,-0.001348430290818214,0.03665127977728844,-0.004892129916697741
1777498937198058240,-0.001120012952014804,0.03704278543591499,-0.004435508046299219
1777498937208274688,-0.0009632469154894352,0.03731344640254974,-0.003964676056057215
1777498937218471168,-0.001156098674982786,0.03789428249001503,-0.00360645167529583
1777498937228648192,-0.0009375875815749168,0.03855470195412636,-0.003331755753606558
1777498937238805504,-0.000833466649055481,0.03882857039570808,-0.003116256091743708
1777498937248943104,-0.000506662589032203,0.03891470283269882,-0.002839024178683758
1777498937259060736,-0.000307842215988785,0.03870822116732597,-0.002544647082686424
1777498937269158912,-0.0003734164638444781,0.03877892717719078,-0.002341231796890497
1777498937279237376,-0.0003025717742275447,0.03870304301381111,-0.002108391607180238
1777498937289295872,-0.0005885963328182697,0.03830398991703987,-0.001865663100033998
1777498937299335168,-0.00078739965101704,0.03779761120676994,-0.001610583974979818
1777498937309355264,-0.001106147770769894,0.03692374750971794,-0.001353324973024428
1777498937319356160,-0.001418496714904904,0.03618940338492393,-0.001067802542820573
1777498937329337344,-0.001725454814732075,0.03528391197323799,-0.0008400665828958154
1777498937339299072,-0.001949011348187923,0.03433280810713768,-0.000671548186801374
1777498937349241088,-0.002045500790700316,0.03328799456357956,-0.0005592898232862353
1777498937359163904,-0.002208138583227992,0.03194550052285194,-0.0004670487542171031
1777498937369067264,-0.002266413299366832,0.03082229942083359,-0.000410163338528946
1777498937378951168,-0.00263445102609694,0.02944783866405487,-0.0003787769237533212
1777498937388819968,-0.002634659875184298,0.02829592116177082,-0.0003825192688964307
1777498937398673152,-0.002546972595155239,0.0269287470728159,-0.0003618570335675031
1777498937408507648,-0.002441971097141504,0.02564265578985214,-0.0003660890797618777
1777498937418322688,-0.001984557835385203,0.02426356449723244,-0.0004102133680135012
1777498937428118784,-0.001650924561545253,0.02297409996390343,-0.0005899741081520915
1777498937438126336,-0.0009139224421232939,0.02150199562311172,-0.0008353132288902998
1777498937448344320,-0.0005506138550117612,0.02024024538695812,-0.001129246316850185
1777498937458542592,-0.0004312770033720881,0.01910108886659145,-0.001449200324714184
1777498937468721408,-0.0003759702376555651,0.01836208440363407,-0.001674804603680968
1777498937478880256,-0.0002963695151265711,0.01756267435848713,-0.00182116508949548
1777498937489019392,-6.219814531505108e-05,0.0166822224855423,-0.001792176859453321
1777498937499138816,-0.0002166490157833323,0.01594030857086182,-0.001770725240930915
1777498937509238528,-5.373665044317022e-05,0.01566735468804836,-0.0017821139190346
1777498937519318272,0.0002368165442021564,0.01550520956516266,-0.001849099295213819
1777498937529378560,0.0008401288650929928,0.01531519182026386,-0.001881800941191614
1777498937539419392,0.001042612479068339,0.01501758955419064,-0.00192213652189821
1777498937549443328,0.001498948549851775,0.01510280463844538,-0.002064048312604427
1777498937559447296,0.001955241430550814,0.0152621902525425,-0.002194595988839865
1777498937569431808,0.001826616935431957,0.01515087578445673,-0.002178405411541462
1777498937579396864,0.001739170984365046,0.01516654063016176,-0.00194769783411175
1777498937589342720,0.001514148316346109,0.01498027797788382,-0.001611216459423304
1777498937599269120,0.001347822952084243,0.0151975778862834,-0.001098064705729485
1777498937609176064,0.001041788491420448,0.01513479556888342,-0.0005829521105624735
1777498937619063296,0.0006392865325324237,0.0154673233628273,9.289662557421252e-06
1777498937628931840,0.0001138751395046711,0.01558396779000759,0.0005176332779228687
1777498937638780928,-0.0004803838382940739,0.01624086499214172,0.001003470155410469
1777498937648611072,-0.001134150777943432,0.01664435490965843,0.001398383057676256
1777498937658422016,-0.00165202806238085,0.01747492887079716,0.001763957086950541
1777498937668213760,-0.001993166748434305,0.01823974028229713,0.00200759875588119
1777498937677986560,-0.002409369451925159,0.01932158507406712,0.002202929463237524
1777498937688204800,-0.002355917356908321,0.02021974511444569,0.002364338608458638
1777498937698403072,-0.002318144543096423,0.02122511714696884,0.002496577799320221
1777498937708581632,-0.002305482979863882,0.0220911055803299,0.002578550251200795
1777498937718740992,-0.002145575592294335,0.02325058542191982,0.002650108421221375
1777498937728881152,-0.002103556646034122,0.02417999133467674,0.002672362141311169
1777498937739001600,-0.001893621287308633,0.02507195994257927,0.002699858276173472
1777498937749102592,-0.001903146505355835,0.02572096884250641,0.002689608372747898
1777498937759184384,-0.001816420699469745,0.02667110785841942,0.002631556475535035
1777498937769246464,-0.001546849380247295,0.02732428349554539,0.00257581565529108
1777498937779288832,-0.001587905571796,0.02782692946493626,0.002570026554167271
1777498937789312000,-0.001564909587614238,0.0280735082924366,0.002653159899637103
1777498937799315968,-0.001565834041684866,0.02827912010252476,0.002774663036689162
1777498937809300480,-0.001575353206135333,0.02820391021668911,0.002953792223706841
1777498937819265536,-0.001979144057258964,0.02812141738831997,0.00318477675318718
1777498937829213184,-0.002237774897366762,0.02782121300697327,0.003472685581073165
1777498937839143168,-0.002154485555365682,0.02735958434641361,0.003715396160259843
1777498937849053952,-0.002141497097909451,0.02655034884810448,0.004023566376417875
1777498937858945792,-0.001938577042892575,0.02558174543082714,0.004300944041460752
1777498937868818688,-0.001781956758350134,0.02470731362700462,0.004547060467302799
1777498937878672384,-0.001373340142890811,0.02349656075239182,0.004799675662070513
1777498937888507136,-0.001334589906036854,0.02238068170845509,0.00508852256461978
1777498937898322432,-0.00146470672916621,0.02116410247981548,0.00553807383403182
1777498937908119296,-0.001269896165467799,0.01947135850787163,0.006087545771151781
1777498937917897728,-0.001155131845735013,0.0172142069786787,0.006769689731299877
1777498937928117504,-0.001871826476417482,0.01524331979453564,0.007540003396570683
1777498937938317312,-0.002878043334931135,0.01357825100421906,0.008312368765473366
1777498937948497152,-0.003017718438059092,0.01237753033638,0.009020362049341202
1777498937958657536,-0.003272508271038532,0.01048487145453691,0.009732094593346119
1777498937968798720,-0.003904748242348433,0.008860322646796703,0.01048918999731541
1777498937978920448,-0.004303811118006706,0.007163108792155981,0.0111753074452281
1777498937989022464,-0.004395224619656801,0.006874726619571447,0.01173303369432688
1777498937999105024,-0.004408312495797873,0.005977239459753036,0.01219101902097464
1777498938009168128,-0.004290314856916666,0.005409050732851028,0.01264168135821819
1777498938019211776,-0.00392488669604063,0.004673989489674568,0.01302032638341188
1777498938029235456,-0.003673189785331488,0.00464640511199832,0.0132306506857276
1777498938039239936,-0.00304244109429419,0.004901554901152849,0.01332601998001337
1777498938049225216,-0.002815469168126583,0.005316197406500578,0.01344862580299377
1777498938059190784,-0.002488068537786603,0.005745554342865944,0.01362349838018417
1777498938069136896,-0.002431366126984358,0.006387966684997082,0.0138237876817584
1777498938079063552,-0.002248926786705852,0.00722077302634716,0.01410928182303905
1777498938088971008,-0.002301037544384599,0.007925103418529034,0.01448309142142534
1777498938098859008,-0.002249120967462659,0.00860369298607111,0.01491264812648296
1777498938108733184,-0.002322879387065768,0.009557042270898819,0.01539907976984978
1777498938118588160,-0.002586029469966888,0.01028149668127298,0.0159584004431963
1777498938128424448,-0.002849610988050699,0.01125692017376423,0.01657430827617645
1777498938138241024,-0.003186285961419344,0.01184731721878052,0.01725037023425102
1777498938148038912,-0.003425232600420713,0.01256749499589205,0.01797230169177055
1777498938157817856,-0.003841247875243425,0.0132143534719944,0.01870226301252842
1777498938168043776,-0.004107249435037374,0.01383265107870102,0.01942838169634342
1777498938178250240,-0.004425916355103254,0.01441032625734806,0.02014502324163914
1777498938188436992,-0.004982394631952047,0.01492494810372591,0.02087288163602352
1777498938198603776,-0.005451230797916651,0.01535284705460072,0.02155359275639057
1777498938208750336,-0.005903467070311308,0.01579300686717033,0.02220041118562222
1777498938218877440,-0.006068677175790071,0.01602625474333763,0.02276538126170635
1777498938228984576,-0.005979092326015234,0.0162387527525425,0.02328391745686531
1777498938239071744,-0.005541500635445118,0.01605990529060364,0.02370249107480049
1777498938249140992,-0.005340698640793562,0.01613235473632812,0.02403215132653713
1777498938259192832,-0.004967523273080587,0.01580675505101681,0.02419109083712101
1777498938269224960,-0.004895568825304508,0.01559462025761604,0.02423061616718769
1777498938279237888,-0.004845873452723026,0.01494091935455799,0.02424686029553413
1777498938289231616,-0.005003461614251137,0.01443579513579607,0.02428006567060947
1777498938299206400,-0.004971467424184084,0.01375475618988276,0.02434417232871056
1777498938309161984,-0.00508144311606884,0.01309933513402939,0.02438780106604099
1777498938319098112,-0.005086814053356647,0.01231389958411455,0.02447501197457314
1777498938329015296,-0.005187984555959702,0.01138858683407307,0.02454083040356636
1777498938338913536,-0.005402327049523592,0.01044776476919651,0.02460056729614735
1777498938348792576,-0.005885208956897259,0.009566335938870907,0.02461824379861355
1777498938358652160,-0.007276616990566254,0.009282020851969719,0.02458245307207108
1777498938368493056,-0.007417595479637384,0.009034782648086548,0.02462273277342319
1777498938378314752,-0.006721980404108763,0.007178955245763063,0.02453143708407879
1777498938388117248,-0.007221157662570477,0.005203729495406151,0.02470426633954048
1777498938397900800,-0.008638096041977406,0.003125134389847517,0.02474727295339108
1777498938407900928,-0.009158628061413765,0.003157487837597728,0.02459140494465828
1777498938418117120,-0.008982357569038868,0.002118948614224792,0.02418737486004829
1777498938428313856,-0.009561988525092602,0.000240292283706367,0.02373570948839188
1777498938438490880,-0.009753849357366562,-0.001779834623448551,0.02322353422641754
1777498938448647936,-0.009283475577831268,-0.0009414881351403892,0.02242203056812286
1777498938458784768,-0.008850541897118092,-0.001945036463439465,0.02141122333705425
1777498938468903168,-0.00811423733830452,-0.002312052063643932,0.02025336027145386
1777498938479002880,-0.007710808888077736,-0.003305294550955296,0.01909609884023666
1777498938489082880,-0.00769818527624011,-0.003733346005901694,0.01772823184728622
1777498938499143168,-0.007195130456238985,-0.003177136415615678,0.01609376259148121
1777498938509184000,-0.006505931727588177,-0.002848322503268719,0.01435228995978832
1777498938519205376,-0.006083814892917871,-0.002628112910315394,0.01268043741583824
1777498938529207296,-0.005188839975744486,-0.002758888993412256,0.01108719501644373
1777498938539189760,-0.003920715767890215,-0.002178790746256709,0.009494638070464134
1777498938549153024,-0.002558954991400242,-0.00127395149320364,0.007907489314675331
1777498938559097088,-0.001661330228671432,-0.0002904795983340591,0.00642873253673315
1777498938569021952,-0.001051629544235766,0.0005458678933791816,0.005091297440230846
1777498938578927360,-0.0007680255803279579,0.001426987582817674,0.003920450806617737
1777498938588813568,-0.0007545892731286585,0.002567194635048509,0.00290962215512991
1777498938598680576,-0.00119315052870661,0.003961391281336546,0.002113934373483062
1777498938608528128,-0.001576264621689916,0.005429774057120085,0.001458928920328617
1777498938618356736,-0.001731390249915421,0.007104464340955019,0.0009436073014512658
1777498938628166912,-0.001834031660109758,0.008548307232558727,0.0005732778809033334
1777498938637958656,-0.002183387754485011,0.00995334517210722,0.0002715352457016706
1777498938647962880,-0.002177757443860173,0.01168964803218842,1.567428626003675e-05
1777498938658178816,-0.002455754205584526,0.01309478003531694,-0.0001741714804666117
1777498938668374784,-0.002430995460599661,0.01490106899291277,-0.000322023726766929
1777498938678551552,-0.002475416986271739,0.01649699360132217,-0.0003987552772741765
1777498938688708608,-0.002899016952142119,0.01929217204451561,-0.0004411847912706435
1777498938698846208,-0.003909590188413858,0.02138888277113438,-0.0005046137375757098
1777498938708964096,-0.001853702357038856,0.02206423506140709,5.928790415055119e-05
1777498938719063296,-0.003396718995645642,0.02187975868582726,0.0003781217383220792
1777498938729142528,-0.005264767445623875,0.02085781469941139,0.001047224504873157
1777498938739202304,-0.00652910815551877,0.02254287153482437,0.001850847154855728
1777498938749244160,-0.005368578247725964,0.0230991318821907,0.002677636221051216
1777498938759268608,-0.005736753810197115,0.02191762067377567,0.003265706356614828
1777498938769273856,-0.007043362129479647,0.01998255215585232,0.003815217642113566
1777498938779259392,-0.00665119057521224,0.02006488293409348,0.004476071801036596
1777498938789225984,-0.004951542243361473,0.02065938897430897,0.004905925132334232
1777498938799173376,-0.004338056780397892,0.01737716235220432,0.0047057019546628
1777498938809101312,-0.005241998936980963,0.01571414433419704,0.004361070692539215
1777498938819009792,-0.003664377145469189,0.01580559089779854,0.003927511628717184
1777498938828899328,-0.001056684763170779,0.01841624267399311,0.003465499030426145
1777498938838769920,-0.001080329064279795,0.01557633001357317,0.002923956606537104
1777498938848621312,-0.001254466827958822,0.01388161070644855,0.002506033983081579
1777498938858453504,-0.0009059045696631074,0.01412541978061199,0.002140706405043602
1777498938868266496,-0.0005445346469059587,0.01273750606924295,0.001827078056521714
1777498938878060288,-0.0001252691436093301,0.01219134870916605,0.001771612907759845
1777498938888066048,6.43234761810163e-06,0.01147849299013615,0.002114706439897418
1777498938898283008,-0.0008954812656156719,0.01052223332226276,0.00252425903454423
1777498938908479744,-0.001328657730482519,0.01018210686743259,0.003032300854101777
1777498938918657280,-0.001263155951164663,0.01008540950715542,0.003505997825413942
1777498938928815616,-0.001594030880369246,0.009015399031341076,0.004152334295213223
1777498938938954496,-0.002077487763017416,0.008571799844503403,0.004752288572490215
1777498938949073408,-0.001964604714885354,0.008602880872786045,0.005353070795536041
1777498938959173120,-0.001496186712756753,0.009088441729545593,0.005859034601598978
1777498938969252864,-0.001107813557609916,0.009564848616719246,0.006412355229258537
1777498938979314432,-0.000718156632501632,0.01002685632556677,0.006996862590312958
1777498938989356544,-0.0006631148862652481,0.01011020690202713,0.007603850681334734
1777498938999379456,-0.0001562257966725156,0.01136405952274799,0.00818352960050106
1777498939009385984,0.0005383497336879373,0.01228990126401186,0.008861646987497807
1777498939019373312,0.0005351768922992051,0.01348385401070118,0.009635279886424541
1777498939029341184,0.000397788273403421,0.01436551660299301,0.01054252777248621
1777498939039289856,6.50975271128118e-05,0.01551975030452013,0.01145858690142632
1777498939049219328,-0.0001567455619806424,0.01687438413500786,0.0124165341258049
1777498939059129344,-0.0009196572354994714,0.01816559955477715,0.01343515049666166
1777498939069020160,-0.001565152895636857,0.01971647515892982,0.01446721330285072
1777498939078891776,-0.001397880143485963,0.02125344052910805,0.01543627493083477
1777498939088744960,-0.001595002715475857,0.02279371209442616,0.01638367213308811
1777498939098578944,-0.001452125376090407,0.02420131117105484,0.01737003400921822
1777498939108393984,-0.001462840824387968,0.0257363636046648,0.01832596957683563
1777498939118189568,-0.001559881377033889,0.0275186188519001,0.01922648027539253
1777498939127966208,-0.001407075556926429,0.02924324199557304,0.02007929794490337
1777498939138185216,-0.001224436797201633,0.03067778237164021,0.02094629034399986
1777498939148384256,-0.0008605247712694108,0.0318785235285759,0.02185177057981491
1777498939158563584,-0.0008383334497921169,0.0327376089990139,0.02279318869113922
1777498939168722688,-0.001023006858304143,0.03375796973705292,0.02378039434552193
1777498939178863872,-0.001168937887996435,0.03469140082597733,0.02480362355709076
1777498939188985088,-0.001455112593248487,0.03530707210302353,0.02587056718766689
1777498939199086592,-0.001457366161048412,0.03562494739890099,0.02710315398871899
1777498939209168640,-0.001937911845743656,0.03565161675214767,0.02835853584110737
1777498939219231488,-0.002168407663702965,0.03594786301255226,0.02963166125118732
1777498939229274624,-0.00227870442904532,0.03607658669352531,0.03078803792595863
1777498939239298048,-0.002280362648889422,0.03575113043189049,0.03182052075862885
1777498939249301760,-0.002616800600662827,0.0351053923368454,0.03281109407544136
1777498939259286272,-0.002996092196553946,0.03443063423037529,0.03373174369335175
1777498939269251328,-0.003012432483956218,0.03412927314639091,0.03463071584701538
1777498939279197184,-0.003552531590685248,0.033549465239048,0.03541775420308113
1777498939289123584,-0.00315378955565393,0.0328599326312542,0.03617952018976212
1777498939299030528,-0.002704701386392117,0.03188863396644592,0.03687355667352676
1777498939308918272,-0.002674966352060437,0.03073802217841148,0.03754620999097824
1777498939318786816,-0.002545778639614582,0.03006504103541374,0.03815857321023941
1777498939328635904,-0.002585604088380933,0.02936449646949768,0.03864501416683197
1777498939338470400,-0.002750414423644543,0.02882228791713715,0.03912102058529854
1777498939348288256,-0.002990259788930416,0.02784882113337517,0.03957387059926987
1777498939358086912,-0.003252142807468772,0.02681252919137478,0.03997770696878433
1777498939367866368,-0.003932489547878504,0.02639397978782654,0.0402393527328968
1777498939378086656,-0.004029760602861643,0.02603329718112946,0.04034662246704102
1777498939388287488,-0.003947257529944181,0.02567540109157562,0.04033293202519417
1777498939398468608,-0.004148124251514673,0.02502541244029999,0.04022564738988876
1777498939408630528,-0.00399163831025362,0.02501735836267471,0.03998986259102821
1777498939418772992,-0.003326830454170704,0.02528988197445869,0.03962083905935287
1777498939428895744,-0.002760420087724924,0.02540771663188934,0.0391380712389946
1777498939438999040,-0.002714724512770772,0.02561056055128574,0.0386442206799984
1777498939449082880,-0.00233821920119226,0.02591593749821186,0.03809410333633423
1777498939459147008,-0.001750561757944524,0.02663158625364304,0.03742680326104164
1777498939469191680,-0.001231580507010221,0.02680333703756332,0.03682756051421165
1777498939479216896,-0.001005936064757407,0.02730550430715084,0.0363553985953331
1777498939489225728,-0.0001583834819030017,0.02780088409781456,0.03592175990343094
1777498939499215360,0.0005570058128796518,0.02861973457038403,0.0354933962225914
1777498939509185536,0.0008207701612263918,0.02889920584857464,0.03523450717329979
1777498939519136256,0.0007078110938891768,0.02927972190082073,0.03511053696274757
1777498939529068032,7.226837624330074e-05,0.02966294810175896,0.03504310175776482
1777498939538980608,-0.0004385818028822541,0.03063235431909561,0.03503581881523132
1777498939548873728,-0.0008718862663954496,0.03134166449308395,0.03506376594305038
1777498939558747648,-0.00126636668574065,0.032075185328722,0.03521177172660828
1777498939568603136,-0.001802306971512735,0.03226054459810257,0.03543227538466454
1777498939578439424,-0.002247529337182641,0.03306026011705399,0.03561671823263168
1777498939588256768,-0.002547112293541431,0.03359999880194664,0.03566785156726837
1777498939598055424,-0.002916885074228048,0.03455854579806328,0.03565458208322525
1777498939607834624,-0.002513606334105134,0.03488331660628319,0.03563739731907845
1777498939618059520,-0.002067141933366656,0.03523007035255432,0.03553976863622665
1777498939628264448,-0.002195432316511869,0.03529223427176476,0.03543765470385551
1777498939638450176,-0.002079408150166273,0.03581809252500534,0.03531672805547714
1777498939648616704,-0.001879012212157249,0.03665995970368385,0.03514846041798592
1777498939658763264,-0.001820257748477161,0.03676080703735352,0.03498849645256996
1777498939668890368,-0.001672495272941887,0.03696530312299728,0.03493916988372803
1777498939678998016,-0.001124646398238838,0.03692431002855301,0.03487367182970047
1777498939689085952,-0.0005231850664131343,0.03709524497389793,0.03469334542751312
1777498939699154176,-0.0005702541675418615,0.03682712465524673,0.0345686636865139
1777498939709202944,-0.0004130820161662996,0.03668932244181633,0.03438605740666389
1777498939719235840,-0.0003000009164679796,0.03644214943051338,0.03413603082299232
1777498939729249280,-0.0004021089989691973,0.03606020659208298,0.03386933729052544
1777498939739243264,0.0002553466183599085,0.03553225100040436,0.03362445905804634
1777498939749218560,0.0006873595993965864,0.03478508070111275,0.03336761146783829
1777498939759174656,0.0009464746690355241,0.03396019339561462,0.03321491926908493
1777498939769111552,0.001186666777357459,0.03356724977493286,0.03304891288280487
1777498939779028992,0.001866685459390283,0.03303573653101921,0.0329153798520565
1777498939788926976,0.002120228484272957,0.03234992921352386,0.03291592746973038
1777498939798806784,0.002285870257765055,0.03115095756947994,0.03298632428050041
1777498939808667136,0.00243499968200922,0.03029553219676018,0.03324415162205696
1777498939818508544,0.001990163698792458,0.02927412651479244,0.03353673592209816
1777498939828330496,0.001595666166394949,0.0284399688243866,0.03395706787705421
1777498939838133504,0.000853189907502383,0.02743191458284855,0.03441979736089706
1777498939847917568,0.0002736322931014001,0.0265580527484417,0.03495959565043449
1777498939858152448,-0.0001585998543305323,0.02561238594353199,0.03551595285534859
1777498939868367360,-0.0004983879625797272,0.02473621815443039,0.03606289997696877
1777498939878562816,-0.0006877527921460569,0.0239539947360754,0.03663370758295059
1777498939888738304,-0.0009874391835182905,0.02311232127249241,0.03713417053222656
1777498939898894336,-0.0008166453335434198,0.0226732324808836,0.03760544210672379
1777498939909030656,-0.0008603843161836267,0.02234847284853458,0.03796160221099854
1777498939919147264,-0.0002860665554180741,0.02206468395888805,0.03831461444497108
1777498939929244416,0.0003768089227378368,0.02189740538597107,0.03863976895809174
1777498939939323648,0.001071592327207327,0.02170462533831596,0.03897272795438766
1777498939949383168,0.001369072590023279,0.02177880890667439,0.03928462788462639
1777498939959423232,0.001651036785915494,0.02198506332933903,0.03964259847998619
1777498939969444096,0.001444759080186486,0.0223679393529892,0.03992439806461334
1777498939979445760,0.0008604605100117624,0.02265439927577972,0.04021665081381798
1777498939989427712,0.0004587328294292092,0.02317545004189014,0.04058130085468292
1777498939999390208,-0.0001240312267327681,0.0234659556299448,0.04090556129813194
1777498940009333248,-0.001040696981362998,0.0241274256259203,0.04123380407691002
1777498940019257600,-0.001868848572485149,0.02475818991661072,0.04150966182351112
1777498940029162496,-0.002179215895012021,0.02563799545168877,0.04166091606020927
1777498940039048192,-0.003003642428666353,0.02628886513411999,0.0416618250310421
1777498940048914432,-0.003534690476953983,0.0270405039191246,0.04158436879515648
1777498940058761216,-0.003732908051460981,0.02809562534093857,0.04127196222543716
1777498940068588800,-0.003689754055812955,0.02891514636576176,0.0407770574092865
1777498940078397184,-0.003664415795356035,0.03015829622745514,0.04013063758611679
1777498940088186368,-0.003239815821871161,0.03112875483930111,0.03930968791246414
1777498940098189824,-0.002356104319915175,0.03266649320721626,0.0382690504193306
1777498940108405760,-0.00132276862859726,0.03339867293834686,0.03716109320521355
1777498940118602240,-0.0002957936958409846,0.03424251824617386,0.0360121876001358
1777498940128779264,0.001000860589556396,0.03472347185015678,0.03479046747088432
1777498940138936576,0.001969779608771205,0.03549115732312202,0.03349734470248222
1777498940149074176,0.002505477517843246,0.03617995604872704,0.03229891881346703
1777498940159192064,0.003198844380676746,0.03673724085092545,0.03119994699954987
1777498940169290496,0.003343057353049517,0.03722003847360611,0.03033145889639854
1777498940179368704,0.00369039480574429,0.03747955337166786,0.02973904274404049
1777498940189427456,0.003857131116092205,0.0381014309823513,0.02931180410087109
1777498940199467008,0.003447025315836072,0.03833328187465668,0.02904359623789787
1777498940209487104,0.002759557915851474,0.0386136882007122,0.0289085004478693
1777498940219487744,0.002146623563021421,0.03839974850416183,0.02896694280207157
1777498940229468672,0.001315528294071555,0.03823763877153397,0.02918866276741028
1777498940239430144,0.000463401316665113,0.03791290521621704,0.02946942858397961
1777498940249371904,-0.000131752691231668,0.03788195177912712,0.02967203967273235
1777498940259294208,-0.00032787598320283,0.03756232187151909,0.02987078577280045
1777498940269197312,-0.0009609957342036068,0.03738590702414513,0.02999737299978733
1777498940279084800,-0.001109450939111412,0.03697732090950012,0.03005755133926868
1777498940288955904,-0.001263158745132387,0.03690960630774498,0.02996877022087574
1777498940298808064,-0.001257015857845545,0.03665849566459656,0.02978067845106125
1777498940308641024,-0.001322152209468186,0.03639964014291763,0.02951211854815483
1777498940318455040,-0.001050378079526126,0.03603705391287804,0.02918184362351894
1777498940328249856,-0.001057762536220253,0.03582619875669479,0.02873485535383224
1777498940338255872,-0.001036791945807636,0.03579578548669815,0.02820660546422005
1777498940348472576,-0.001072780345566571,0.03585754707455635,0.02757644280791283
1777498940358669568,-0.001046644290909171,0.03573645278811455,0.02684979699552059
1777498940368847616,-0.0008535537053830922,0.0355721153318882,0.02606396377086639
1777498940379006208,-0.0008240360766649246,0.03530948981642723,0.02516680769622326
1777498940389145088,-0.000784985430072993,0.0352792851626873,0.02426081709563732
1777498940399264512,-0.0006763613782823086,0.03507125005125999,0.02333732508122921
1777498940409364480,-0.0004743679019156843,0.0350215882062912,0.02237304113805294
1777498940419445248,-0.0005994149250909686,0.03480412811040878,0.02132645435631275
1777498940429506560,-0.000324074033414945,0.03456442430615425,0.02029567211866379
1777498940439548416,-0.0001814989518607035,0.03415041044354439,0.01912213303148746
1777498940449572864,-0.0002321575157111511,0.03407348692417145,0.01793667487800121
1777498940459579392,-0.0004248558834660798,0.03379347920417786,0.01668356917798519
1777498940469566720,0.0001959806395461783,0.03377622365951538,0.01541449967771769
1777498940479534848,0.0003577510069590062,0.03348052501678467,0.01414589025080204
1777498940489483520,0.000473961845273152,0.03318381309509277,0.01295230910181999
1777498940499412992,0.001240569050423801,0.03310253471136093,0.01182781532406807
1777498940509323264,0.002129409229382873,0.03297518193721771,0.01072581019252539
1777498940519214336,0.002696307608857751,0.03295343369245529,0.009795308113098145
1777498940529086464,0.003290084190666676,0.03273909166455269,0.00902577955275774
1777498940538939904,0.004144934937357903,0.03290119394659996,0.008369449526071548
1777498940548774144,0.004647295456379652,0.03267864510416985,0.007872424088418484
1777498940558589440,0.004543151240795851,0.03271148726344109,0.007507312577217817
1777498940568385280,0.004455205984413624,0.03272359445691109,0.00720040500164032
1777498940578162176,0.00435483455657959,0.0330829918384552,0.006945040542632341
1777498940588379648,0.004285382106900215,0.03299638628959656,0.006936626974493265
1777498940598577152,0.004256821237504482,0.03250214830040932,0.007125459611415863
1777498940608754688,0.004250691272318363,0.03158944100141525,0.007433910388499498
1777498940618913280,0.003599967109039426,0.03097647242248058,0.007833439856767654
1777498940629052416,0.002945619868114591,0.03114638850092888,0.008257421664893627
1777498940639171328,0.002856005216017365,0.03128416463732719,0.008755631744861603
1777498940649271040,0.002599233062937856,0.03130248561501503,0.009374036453664303
1777498940659351296,0.002227833960205317,0.03087365999817848,0.01006477233022451
1777498940669411584,0.00174134224653244,0.03072883561253548,0.01070005632936954
1777498940679452416,0.001571053871884942,0.03092942200601101,0.01124939974397421
1777498940689473536,0.001294071204029024,0.03073701821267605,0.01177329663187265
1777498940699475456,0.001309903687797487,0.03067952953279018,0.01231925841420889
1777498940709457920,0.001480724196881056,0.03052834235131741,0.01279245037585497
1777498940719421184,0.001535860472358763,0.030978973954916,0.01324217766523361
1777498940729364736,0.002287459559738636,0.03146913647651672,0.0137174716219306
1777498940739288576,0.002818499458953738,0.03153597190976143,0.01419986411929131
1777498940749193216,0.002939869416877627,0.0313725546002388,0.01465938426554203
1777498940759078656,0.002624752931296825,0.03145050629973412,0.01506116427481174
1777498940768944640,0.002438928000628948,0.03233424574136734,0.01546042785048485
1777498940778794752,0.002426580060273409,0.03300071135163307,0.01594760827720165
1777498940788628480,0.002030828036367893,0.03366205468773842,0.01659893803298473
1777498940798443520,0.001872149296104908,0.03400208428502083,0.01729391142725945
1777498940808239616,0.001396511332131922,0.034828782081604,0.01796048134565353
1777498940818016768,0.0004216691304463893,0.0355893038213253,0.01856537535786629
1777498940828236288,-8.8586522906553e-05,0.03659394755959511,0.01916265673935413
1777498940838435840,-0.0006811637431383133,0.03744204342365265,0.01976432837545872
1777498940848615680,-0.001004594378173351,0.03829879686236382,0.02027031220495701
1777498940858776832,-0.0004487269325181842,0.03938857465982437,0.0206899493932724
1777498940868918272,7.466067472705618e-05,0.03991503641009331,0.02108821459114552
1777498940879040000,0.000947236898355186,0.04033714532852173,0.02148391865193844
1777498940889142272,0.001948531600646675,0.04084858670830727,0.02192495949566364
1777498940899225344,0.003358357585966587,0.04132465645670891,0.02235203981399536
1777498940909288704,0.004121976438909769,0.04156052321195602,0.02289451844990253
1777498940919332608,0.004020384512841702,0.04158274084329605,0.02369504235684872
1777498940929356800,0.003754245582967997,0.04185885936021805,0.02466543950140476
1777498940939362048,0.002556500490754843,0.04205162823200226,0.02569206804037094
1777498940949349632,0.0006213944288901985,0.04214700311422348,0.0268386248499155
1777498940959319552,-0.001037747599184513,0.04226605966687202,0.02803202718496323
1777498940969270272,-0.00275761354714632,0.04209064319729805,0.029174430295825
1777498940979201536,-0.004122602753341198,0.0422859787940979,0.03023663535714149
1777498940989113344,-0.004920594394207001,0.04249583184719086,0.0311623178422451
1777498940999006464,-0.005198381841182709,0.04297003522515297,0.03182554990053177
1777498941008880384,-0.004803593270480633,0.04329746589064598,0.03230063989758492
1777498941018735616,-0.004341796040534973,0.04365437105298042,0.0325273685157299
1777498941028572160,-0.003539924044162035,0.04421513900160789,0.03251508623361588
1777498941038389760,-0.002679537981748581,0.04479227215051651,0.03236892074346542
1777498941048188672,-0.001739861909300089,0.04533909633755684,0.03209570795297623
1777498941057968640,-0.0005137759726494551,0.04544628039002419,0.03182815760374069
1777498941068193792,7.651274790987372e-05,0.04562805220484734,0.03161565586924553
1777498941078399488,0.0002458770468365401,0.04580167308449745,0.03149904310703278
1777498941088585216,0.0007320481236092746,0.04657477885484695,0.03140130266547203
1777498941098750720,0.0004623830609489232,0.04658620804548264,0.03132538497447968
1777498941108896768,-0.000396095885662362,0.0466606505215168,0.03128791972994804
1777498941119024896,-0.001139020081609488,0.04613026604056358,0.03118562698364258
1777498941129133568,-0.001987378112971783,0.04619831219315529,0.0308849923312664
1777498941139222528,-0.002182675059884787,0.04585642740130424,0.03047672845423222
1777498941149292032,-0.002489461796358228,0.04550284519791603,0.02998998202383518
1777498941159342080,-0.002371379174292088,0.04531063511967659,0.02942030876874924
1777498941169372672,-0.002038290258497,0.04493166133761406,0.0287599042057991
1777498941179383808,-0.001858985051512718,0.04472273960709572,0.02792566455900669
1777498941189375488,-0.001441933680325747,0.04433105140924454,0.02704609744250774
1777498941199348736,-0.0009660445502959192,0.04393264651298523,0.02609444595873356
1777498941209302528,-0.0003169134142808616,0.04340478405356407,0.02509823255240917
1777498941219236864,0.000361300801159814,0.04291161149740219,0.02408580482006073
1777498941229152000,0.0005816715420223773,0.0422988161444664,0.02308979630470276
1777498941239047936,0.0004770539526361972,0.04183720052242279,0.02206548303365707
1777498941248924416,0.0004155703936703503,0.0413220003247261,0.02110455185174942
1777498941258781952,0.0003187792608514428,0.04070457816123962,0.02014565840363503
1777498941268620288,0.0001312726672040299,0.03994270414113998,0.01927759498357773
1777498941278441216,-0.00047207874013111,0.03912845253944397,0.01842563785612583
1777498941288242944,-0.001124517410062253,0.03866425901651382,0.017503272742033
1777498941298025472,-0.001742752850987017,0.03782101348042488,0.01662297546863556
1777498941308024832,-0.00276798871345818,0.0369872935116291,0.01570639759302139
1777498941318240256,-0.00394381582736969,0.03600843250751495,0.01475462131202221
1777498941328435968,-0.004306565970182419,0.03562623634934425,0.01374773867428303
1777498941338611968,-0.004234112333506346,0.03510769456624985,0.01268316153436899
1777498941348768512,-0.004098580684512854,0.03444069623947144,0.0115998201072216
1777498941358906880,-0.00399867445230484,0.03345825523138046,0.01035245414823294
1777498941369025024,-0.003343175863847136,0.03305024281144142,0.008943810127675533
1777498941379123712,-0.002731326036155224,0.03294519335031509,0.007343440782278776
1777498941389202688,-0.002106443746015429,0.03252034261822701,0.005642134696245193
1777498941399261952,-0.001173502765595913,0.03219490125775337,0.00393484765663743
1777498941409301760,-0.0005299848271533847,0.03169830143451691,0.002211954910308123
1777498941419321600,9.399535338161513e-05,0.03190416842699051,0.0004233731597196311
1777498941429321728,0.001190708018839359,0.03217567875981331,-0.001250475994311273
1777498941439302912,0.002473696833476424,0.03221110627055168,-0.002828693948686123
1777498941449264640,0.003985791467130184,0.03209075704216957,-0.004410632885992527
1777498941459206912,0.004266707226634026,0.0315207913517952,-0.005879005882889032
1777498941469129728,0.004529052879661322,0.03129098564386368,-0.007278196047991514
1777498941479033344,0.004673081915825605,0.03137078136205673,-0.008605859242379665
1777498941488917760,0.003969489596784115,0.03093126229941845,-0.009742831811308861
1777498941498782464,0.003630312625318766,0.03031479194760323,-0.01065302733331919
1777498941508628480,0.004093771334737539,0.02908238209784031,-0.01129519660025835
1777498941518459648,0.003738210303708911,0.02825936861336231,-0.01168227382004261
1777498941528275456,0.002656952710822225,0.02703227661550045,-0.01199112366884947
1777498941538072064,0.002098174998536706,0.02662749215960503,-0.0122192520648241
1777498941548078080,0.002360975602641702,0.02577999792993069,-0.01252914685755968
1777498941558292992,0.002233166014775634,0.02436494082212448,-0.01270124129951
1777498941568488192,0.001958836102858186,0.02309391088783741,-0.01278873905539513
1777498941578663936,0.001916000386700034,0.0217487346380949,-0.01294733583927155
1777498941588820480,0.002313033910468221,0.02100012637674809,-0.01313265226781368
1777498941598957056,0.002115374663844705,0.01987807266414165,-0.01329101156443357
1777498941609074176,0.002389244036749005,0.01861509121954441,-0.01338015589863062
1777498941619171328,0.002938456134870648,0.01734666153788567,-0.01344171911478043
1777498941629249024,0.00310422875918448,0.01639780402183533,-0.01353356428444386
1777498941639307264,0.003210100578144193,0.01551642455160618,-0.01365797128528357
1777498941649346048,0.003427469171583652,0.01441143453121185,-0.01369838323444128
1777498941659365120,0.003151892451569438,0.01339999958872795,-0.01379741355776787
1777498941669365248,0.003085318487137556,0.01233034394681454,-0.01393364369869232
1777498941679345664,0.002874969504773617,0.01178403291851282,-0.01406984683126211
1777498941689306624,0.00249635404907167,0.01093173306435347,-0.01413940638303757
1777498941699248128,0.00227359845302999,0.01034367736428976,-0.01420886814594269
1777498941709172480,0.002142681740224361,0.00966116227209568,-0.0142571022734046
1777498941719080192,0.002081017009913921,0.009482437744736671,-0.01432312559336424
1777498941728968704,0.002654068870469928,0.009044199250638485,-0.01439636200666428
1777498941738838016,0.003071438753977418,0.008678522892296314,-0.01444474048912525
1777498941748688640,0.003530551912263036,0.008199727162718773,-0.01448417361825705
1777498941758520064,0.00381475524045527,0.008143870159983635,-0.0145237697288394
1777498941768332288,0.003931270446628332,0.008107514120638371,-0.01454210095107555
1777498941778125568,0.004154887050390244,0.007939952425658703,-0.01449149660766125
1777498941788131328,0.00437970319762826,0.007846787571907043,-0.01429391652345657
1777498941798348288,0.004740157164633274,0.007445456925779581,-0.01399947516620159
1777498941808545280,0.004815942142158747,0.007598810363560915,-0.01357719860970974
1777498941818722816,0.004147091880440712,0.007624833844602108,-0.01302478183060884
1777498941828881152,0.003658916568383574,0.007839974947273731,-0.012486906722188
1777498941839020032,0.002761933719739318,0.007477134000509977,-0.01165897119790316
1777498941849139200,0.001138237537816167,0.006996460724622011,-0.01070946455001831
1777498941859238912,-0.0003659375361166894,0.006787530146539211,-0.009722806513309479
1777498941869319168,-0.00168487336486578,0.007464547641575336,-0.008803815580904484
1777498941879379712,-0.002197148744016886,0.007841983810067177,-0.008061939850449562
1777498941889421056,-0.002029226627200842,0.007688933983445168,-0.007465419359505177
1777498941899443200,-0.001814475632272661,0.007858366705477238,-0.006912647280842066
1777498941909449728,-0.002203577430918813,0.00781156774610281,-0.006549871526658535
1777498941919436800,-0.002016501966863871,0.008589579723775387,-0.006424547173082829
1777498941929404416,-0.001741311280056834,0.009011137299239635,-0.006423482205718756
1777498941939352576,-0.001579933799803257,0.008773605339229107,-0.006460246630012989
1777498941949281280,-0.0006767867016606033,0.008631446398794651,-0.006591515615582466
1777498941959191040,-0.0002091685601044446,0.00870649516582489,-0.006819434929639101
1777498941969081088,0.0006564289797097445,0.00888361968100071,-0.007169362623244524
1777498941978951936,0.001378075452521443,0.008773206733167171,-0.00749884732067585
1777498941988804096,0.001414289232343435,0.008624128066003323,-0.007840389385819435
1777498941998637056,0.001802965882234275,0.008095369674265385,-0.008235493674874306
1777498942008450560,0.001899349852465093,0.007880618795752525,-0.008613734506070614
1777498942018245120,0.001826941617764533,0.007290612440556288,-0.008995786309242249
1777498942028020480,0.002104689134284854,0.006660244893282652,-0.009307540021836758
1777498942038238720,0.001635625492781401,0.005777718033641577,-0.009555678814649582
1777498942048436992,0.001172245945781469,0.004937900230288506,-0.009752992540597916
1777498942058615552,0.001190815935842693,0.004353286698460579,-0.01003386732190847
1777498942068774656,0.0009341041441075504,0.003643115749582648,-0.01028336491435766
1777498942078914304,0.0008256180444732308,0.002845777198672295,-0.0105005307123065
1777498942089034240,0.0008616656414233148,0.001652936218306422,-0.01068108435720205
1777498942099134208,0.0008393019088543952,0.0008658480946905911,-0.01080404873937368
1777498942109214720,0.0007458802429027855,-1.461086321796756e-05,-0.01086687948554754
1777498942119275776,5.100118869449943e-05,-0.0006276401109062135,-0.01090220082551241
1777498942129316608,5.465833601192571e-05,-0.001162352389656007,-0.01084168627858162
1777498942139338240,0.0002033148921327665,-0.001890246756374836,-0.01079858373850584
1777498942149340672,0.0001566587161505595,-0.0024485366884619,-0.01071060262620449
1777498942159323648,0.0004260308342054486,-0.002824890892952681,-0.01062907185405493
1777498942169287168,0.0004275384999345988,-0.002836036728695035,-0.01058563217520714
1777498942179231232,0.0007970056612975895,-0.00278268032707274,-0.01063859276473522
1777498942189155584,0.001619321992620826,-0.002557898638769984,-0.01068212371319532
1777498942199060736,0.00213447748683393,-0.002462102798745036,-0.010734673589468
1777498942208946176,0.003055894048884511,-0.00205620052292943,-0.01091482304036617
1777498942218812416,0.003233291674405336,-0.001262104953639209,-0.01121812779456377
1777498942228659968,0.003612298285588622,-0.000396278192056343,-0.01151512749493122
1777498942238494976,0.003839118173345923,0.0005560332792811096,-0.01182950008660555
1777498942248310784,0.003608449129387736,0.001227573957294226,-0.01213821303099394
1777498942258107648,0.003369665471836925,0.001952956430613995,-0.01242495141923428
1777498942267885568,0.002883945126086473,0.002657149685546756,-0.01257459167391062
1777498942278106112,0.002351793926209211,0.003729996737092733,-0.01268637739121914
1777498942288306688,0.002431939356029034,0.00491147069260478,-0.01276371907442808
1777498942298487296,0.002434050897136331,0.005878480151295662,-0.01280012167990208
1777498942308648960,0.002478383714333177,0.006538658868521452,-0.01279305666685104
1777498942318790656,0.002264092909172177,0.007510049268603325,-0.01269509736448526
1777498942328913408,0.001240685465745628,0.00851648673415184,-0.01259015128016472
1777498942339015936,0.0002633584372233599,0.009867050684988499,-0.01255289930850267
1777498942349099264,-0.0004472054424695671,0.01091894879937172,-0.01245450787246227
1777498942359163136,-0.001013982458971441,0.01185131166130304,-0.01232490595430136
1777498942369207296,-0.001538556534796953,0.01272349338978529,-0.01219882909208536
1777498942379232000,-0.001670843572355807,0.01396610680967569,-0.01213458459824324
1777498942389238016,-0.002100723795592785,0.01516045164316893,-0.01229064259678125
1777498942399224576,-0.002376633230596781,0.0163388978689909,-0.01251871418207884
1777498942409192960,-0.00296936952508986,0.01750149019062519,-0.01285552978515625
1777498942419143680,-0.003226754022762179,0.01889658346772194,-0.0132774543017149
1777498942429075200,-0.002848684089258313,0.0201868899166584,-0.01388988643884659
1777498942438987776,-0.002577216597273946,0.02124195732176304,-0.0145161896944046
1777498942448881152,-0.002531094942241907,0.0221701692789793,-0.01527438592165709
1777498942458755328,-0.001691789133474231,0.02348868362605572,-0.01609682664275169
1777498942468610816,-0.0008749705739319324,0.02462718449532986,-0.01704340800642967
1777498942478447104,-0.0001366154319839552,0.02549523673951626,-0.01809668354690075
1777498942488264960,0.0006101268227212131,0.02608012966811657,-0.01913196407258511
1777498942498063872,0.001002477132715285,0.02649047784507275,-0.02010408975183964
1777498942507843584,0.00147189840208739,0.02719024382531643,-0.02114708535373211
1777498942518068736,0.002049771836027503,0.02747651562094688,-0.02203638292849064
1777498942528273920,0.002212055027484894,0.02751940861344337,-0.02276194840669632
1777498942538459392,0.002729893429204822,0.02730094641447067,-0.02333329617977142
1777498942548625408,0.002927150810137391,0.02709703706204891,-0.02380985207855701
1777498942558773248,0.002943437779322267,0.02666990086436272,-0.02417463250458241
1777498942568901120,0.002697520423680544,0.02610709518194199,-0.02442323602735996
1777498942579009536,0.002298528095707297,0.02526700869202614,-0.02441476657986641
1777498942589097984,0.001524050137959421,0.02410772070288658,-0.02428115159273148
1777498942599167232,0.001287940423935652,0.02313940972089767,-0.0241011381149292
1777498942609216512,0.0007814944838173687,0.02176141925156116,-0.02379510551691055
1777498942619246336,0.0004720369470305741,0.02085412293672562,-0.02350278198719025
1777498942629256960,0.0008200128213502467,0.01971361413598061,-0.02317644841969013
1777498942639248640,0.0008813880267553031,0.01842418871819973,-0.02291004918515682
1777498942649220608,0.0008348552510142326,0.01692232303321362,-0.02265877649188042
1777498942659173120,0.0004609109309967607,0.01563195697963238,-0.02240616269409657
1777498942669106176,5.786956171505153e-05,0.01455204747617245,-0.02217484451830387
1777498942679019776,-7.95923187979497e-06,0.01382084842771292,-0.02202762477099895
1777498942688914176,0.0001901851501315832,0.01306526083499193,-0.02198232710361481
1777498942698789376,0.0006895383703522384,0.01241661142557859,-0.02198916487395763
1777498942708644864,0.001517815166153014,0.01176999229937792,-0.0220055915415287
1777498942718488576,0.001958963461220264,0.01144214160740376,-0.02200329303741455
1777498942728313088,0.002116734161973,0.011302275583148,-0.02201682329177856
1777498942738118656,0.002480764873325825,0.01127155870199203,-0.02201643586158752
1777498942747905280,0.002709023654460907,0.01122507639229298,-0.02189971506595612
1777498942758131456,0.002963823266327381,0.0112178698182106,-0.02167669683694839
1777498942768338688,0.003242276841774583,0.01168064400553703,-0.0213354080915451
1777498942778525952,0.003654570318758488,0.01190672814846039,-0.02091971412301064
1777498942788694016,0.004026830196380615,0.01225256361067295,-0.02040428854525089
1777498942798842368,0.003872836008667946,0.0124817993491888,-0.01971256546676159
1777498942808971264,0.003457669401541352,0.01298065762966871,-0.01896169595420361
1777498942819080704,0.003154061269015074,0.01355733722448349,-0.01812580600380898
1777498942829170688,0.002488693688064814,0.0137854591012001,-0.01716754212975502
1777498942839240960,0.001789083238691092,0.01410156488418579,-0.01615960523486137
1777498942849292032,0.0009779328247532248,0.01473986543715,-0.01506336592137814
1777498942859323392,9.51428955886513e-05,0.0157469604164362,-0.01392040401697159
1777498942869335296,-0.0002540860150475055,0.01672611385583878,-0.01287059206515551
1777498942879328256,-0.000538536929525435,0.01755413226783276,-0.0118546886369586
1777498942889301760,-0.001306324498727918,0.01809876598417759,-0.01089682709425688
1777498942899255808,-0.001601563883014023,0.019194345921278,-0.01008850894868374
1777498942909194496,-0.001506872940808535,0.02049571834504604,-0.009401389397680759
1777498942919114496,-0.001756717334501445,0.02138200215995312,-0.008927742019295692
1777498942929015552,-0.001481352723203599,0.02215166017413139,-0.008462511003017426
1777498942938897408,-0.001547500607557595,0.02305666543543339,-0.008071968331933022
1777498942948760576,-0.001364293741062284,0.02434761822223663,-0.007873600348830223
1777498942958605056,-0.0007534737815149128,0.02517905086278915,-0.007747081108391285
1777498942968430592,-0.0008996016113087535,0.02556793764233589,-0.007552208378911018
1777498942978237184,-0.0008220925810746849,0.0257992297410965,-0.007460243534296751
1777498942988025856,-0.0007588860462419689,0.02645622752606869,-0.007426306139677763
1777498942998028032,-0.001068793702870607,0.02657171711325645,-0.007454493548721075
1777498943008243712,-0.001141318585723639,0.02662351168692112,-0.007520351093262434
1777498943018439936,-0.00148817349690944,0.02640613727271557,-0.007503097876906395
1777498943028616448,-0.001720260712318122,0.02631163224577904,-0.007611362263560295
1777498943038773504,-0.001748251845128834,0.02641422301530838,-0.007888253778219223
1777498943048910592,-0.001876089023426175,0.02609257958829403,-0.008078084327280521
1777498943059028224,-0.001703548128716648,0.02523463219404221,-0.008370757102966309
1777498943069126144,-0.001665824558585882,0.02440361864864826,-0.008645678870379925
1777498943079204864,-0.002368409186601639,0.02355295605957508,-0.008922911249101162
1777498943089263360,-0.002631760202348232,0.02353653684258461,-0.00929043535143137
1777498943099302144,-0.001993456855416298,0.02293226681649685,-0.009630464017391205
1777498943109321728,-0.002410303335636854,0.0220976397395134,-0.009812254458665848
1777498943119322112,-0.002677730983123183,0.02105460129678249,-0.009864232502877712
1777498943129303040,-0.002837410196661949,0.02109731175005436,-0.01000790949910879
1777498943139264512,-0.003076960798352957,0.02148783765733242,-0.01027126796543598
1777498943149206016,-0.002966915955767035,0.0216064378619194,-0.01057349890470505
1777498943159132416,-0.003047960111871362,0.02147353440523148,-0.01084845419973135
1777498943169039616,-0.003098692046478391,0.02163120545446873,-0.01118259876966476
1777498943178927616,-0.002740273252129555,0.02251769974827766,-0.0115695595741272
1777498943188796416,-0.002101708902046084,0.02332905121147633,-0.01206472236663103
1777498943198646528,-0.001816743519157171,0.02415410056710243,-0.01244609244167805
1777498943208477696,-0.001699389889836311,0.02458875626325607,-0.01279211882501841
1777498943218289408,-0.001077463035471737,0.02577870897948742,-0.01315501146018505
1777498943228082176,-0.0006438290001824498,0.02680375427007675,-0.01347591634839773
1777498943238087936,-0.0007628448074683547,0.02791798301041126,-0.01372874807566404
1777498943248304896,-0.0005384399555623531,0.02887270599603653,-0.01391885988414288
1777498943258501888,-0.000312688818667084,0.03013427928090096,-0.01409294083714485
1777498943268679424,-2.914509605034254e-05,0.03136001527309418,-0.01422556024044752
1777498943278837504,0.0003562783822417259,0.03226430341601372,-0.01431316137313843
1777498943288976128,0.0005421772366389632,0.0328843854367733,-0.01443792693316936
1777498943299095040,0.0005249739624559879,0.03347615897655487,-0.01449782773852348
1777498943309194240,0.0001904122182168067,0.03423186019062996,-0.01451214123517275
1777498943319273728,-0.0002685400249902159,0.03511695936322212,-0.01448286138474941
1777498943329333504,-0.0008053833153098822,0.0356445275247097,-0.01437082607299089
1777498943339373568,-0.001780804828740656,0.03614362329244614,-0.01429665740579367
1777498943349394176,-0.002613099757581949,0.03690454363822937,-0.01420141849666834
1777498943359396096,-0.002985039725899696,0.0376209169626236,-0.01421077083796263
1777498943369378560,-0.003612579545006156,0.03803538531064987,-0.01432537566870451
1777498943379341568,-0.004555084742605686,0.03818476945161819,-0.01450416538864374
1777498943389285120,-0.005055812187492847,0.03870677575469017,-0.01482730638235807
1777498943399209728,-0.005176850128918886,0.03936548158526421,-0.01535306870937347
1777498943409118208,-0.00531284511089325,0.03977416455745697,-0.01598685793578625
1777498943419010304,-0.005158856045454741,0.03964914381504059,-0.01676435396075249
1777498943428883200,-0.004745379090309143,0.03970921784639359,-0.01762131601572037
1777498943438736896,-0.0040480000898242,0.03988221660256386,-0.01854404248297215
1777498943448571392,-0.002898951293900609,0.04009414836764336,-0.01958451606333256
1777498943458386688,-0.001459985156543553,0.04008546471595764,-0.0207365769892931
1777498943468183040,-0.0006641563377343118,0.03933224081993103,-0.02195202186703682
1777498943477960192,0.0001474523014621809,0.03856208547949791,-0.02323096245527267
1777498943488178432,0.000533186481334269,0.03786601126194,-0.02446788549423218
1777498943498376960,0.000345840206136927,0.0373564213514328,-0.02573126554489136
1777498943508555520,0.0008149469504132867,0.03641927614808083,-0.02678389102220535
1777498943518714624,0.001455223769880831,0.03487200289964676,-0.02751559391617775
1777498943528854528,0.001821335405111313,0.03308397904038429,-0.02805703319609165
1777498943538974720,0.001707459683530033,0.03145634010434151,-0.02837705053389072
1777498943549075200,0.001638743910007179,0.03005612455308437,-0.02876872941851616
1777498943559156224,0.001749170129187405,0.02854426763951778,-0.02916156128048897
1777498943569217792,0.001589515013620257,0.02611117623746395,-0.02944228239357471
1777498943579259648,0.001312861801125109,0.02361069060862064,-0.02965135872364044
1777498943589281792,0.001132041565142572,0.0215243361890316,-0.02990765683352947
1777498943599284736,0.0014561100397259,0.01959078945219517,-0.03018384985625744
1777498943609268480,0.001681201974861324,0.01731912232935429,-0.03044375404715538
1777498943619232768,0.001478778314776719,0.0147706950083375,-0.03065061569213867
1777498943629177600,0.001734182587824762,0.01249470748007298,-0.03087475150823593
1777498943639102976,0.001926394295878708,0.01076994463801384,-0.03118584863841534
1777498943649009152,0.0023323695641011,0.0087362015619874,-0.03146814554929733
1777498943658896128,0.002359318779781461,0.006830138619989157,-0.03166821971535683
1777498943668763904,0.002089948626235127,0.004764624405652285,-0.03179889172315598
1777498943678612736,0.002044896595180035,0.003734679194167256,-0.03194105625152588
1777498943688449024,0.00211801053956151,0.002829091623425484,-0.03205831721425056
1777498943698265856,0.001965974690392613,0.002128870692104101,-0.03208476305007935
1777498943708064256,0.001981044188141823,0.0015238665509969,-0.03213686123490334
1777498943717843456,0.002250910736620426,0.001342817093245685,-0.03226903080940247
1777498943728063488,0.00228193704970181,0.001536686322651803,-0.03239305317401886
1777498943738263808,0.00268928031437099,0.001839205739088356,-0.03248535096645355
1777498943748444672,0.00330747221596539,0.00228997296653688,-0.03253874555230141
1777498943758606336,0.003845243947580457,0.002707369858399034,-0.03254364058375359
1777498943768748544,0.004487588070333004,0.003455167403444648,-0.03242702782154083
1777498943778871296,0.005232197232544422,0.004209461621940136,-0.03218330070376396
1777498943788974592,0.005767764989286661,0.004389594309031963,-0.03174077346920967
1777498943799058432,0.005460118409246206,0.004553452134132385,-0.03109325654804707
1777498943809122560,0.004715507850050926,0.00477708363905549,-0.0303302388638258
1777498943819166976,0.004171455278992653,0.005483977030962706,-0.02959708124399185
1777498943829192448,0.003108240431174636,0.0058225910179317,-0.02874715812504292
1777498943839201792,0.001845090533606708,0.006242885254323483,-0.02791117504239082
1777498943849191680,0.001131975557655096,0.006506769917905331,-0.0271763876080513
1777498943859162624,0.0006100645987316966,0.007398859597742558,-0.02650817483663559
1777498943869114112,0.0007609976455569267,0.008246417157351971,-0.02604667097330093
1777498943879046400,0.001819249242544174,0.009003017097711563,-0.02594522200524807
1777498943888959488,0.002294830745086074,0.00941521767526865,-0.02600118890404701
1777498943898853120,0.002579678315669298,0.01001287717372179,-0.02637356892228127
1777498943908727552,0.003015910508111119,0.01134324818849564,-0.02698857337236404
1777498943918583808,0.003289960557594895,0.0123600522056222,-0.02776546217501163
1777498943928420608,0.003228124231100082,0.01300159748643637,-0.02863011509180069
1777498943938238208,0.003647735575214028,0.01355471927672625,-0.02960781194269657
1777498943948037120,0.004402350634336472,0.01441882643848658,-0.03060918860137463
1777498943957816576,0.004720774013549089,0.01540591288357973,-0.03171208128333092
1777498943968041984,0.005450894124805927,0.01596420630812645,-0.03271117061376572
1777498943978247424,0.006045782938599586,0.01598996110260487,-0.03366931900382042
1777498943988433152,0.006012839730829,0.01600001193583012,-0.03442623093724251
1777498943998599168,0.00549571868032217,0.01591981388628483,-0.03497645258903503
1777498944008747008,0.004807517398148775,0.01602941565215588,-0.0353340357542038
1777498944018875136,0.00431228568777442,0.0157468169927597,-0.03548187389969826
1777498944028984064,0.003774169832468033,0.01501499209553003,-0.035441555082798
1777498944039073280,0.002604978857561946,0.0140975471585989,-0.03529694303870201
1777498944049143040,0.002177468268200755,0.0137848611921072,-0.03521100804209709
1777498944059193344,0.00156187464017421,0.01347740739583969,-0.03514483198523521
1777498944069224704,0.001107282470911741,0.01271065790206194,-0.03512288630008698
1777498944079236608,0.001219204510562122,0.01160301547497511,-0.03510141745209694
1777498944089229824,0.001135653350502253,0.01046994421631098,-0.035071961581707
1777498944099203584,0.001257473486475646,0.009592215530574322,-0.03515179082751274
1777498944109157888,0.001572859822772443,0.008911008946597576,-0.03527432307600975
1777498944119092992,0.001737318118102849,0.007957229390740395,-0.03543428331613541
1777498944129008640,0.001880682539194822,0.007015686947852373,-0.03554182499647141
1777498944138908416,0.002039514947682619,0.006077367346733809,-0.03565971553325653
1777498944148791808,0.002138497773557901,0.005385734140872955,-0.03577954322099686
1777498944158656000,0.001696736551821232,0.004960040096193552,-0.03586579859256744
1777498944168500992,0.001591434003785253,0.004404164850711823,-0.03594481199979782
1777498944178326784,0.001683748443610966,0.004237543791532516,-0.03599713742733002
1777498944188133888,0.001698051113635302,0.00389566388912499,-0.03598884493112564
1777498944197921792,0.001824498060159385,0.003959062043577433,-0.03591568022966385
1777498944208156672,0.001891952240839601,0.004018410574644804,-0.03578110411763191
1777498944218371840,0.002029210096225142,0.004308339208364487,-0.03560630604624748
1777498944228567808,0.00147023075260222,0.004694930743426085,-0.03534914553165436
1777498944238744320,0.000966940016951412,0.005613912828266621,-0.03505135327577591
1777498944248900864,0.0007516052573919296,0.006632815580815077,-0.03473576530814171
1777498944259037440,0.0004952202434651554,0.007684751413762569,-0.03436564281582832
1777498944269155072,0.0004894213052466512,0.008573469705879688,-0.03397969156503677
1777498944279254528,0.0005360548966564238,0.009925891645252705,-0.03362379595637321
1777498944289334528,0.001143309171311557,0.01137794740498066,-0.03331423178315163
1777498944299395072,0.001494166674092412,0.01295101083815098,-0.03299182653427124
1777498944309435904,0.001431541051715612,0.01427739392966032,-0.03262006491422653
1777498944319457792,0.001831982866860926,0.01536783017218113,-0.03219066187739372
1777498944329460224,0.001151213538832963,0.016743378713727,-0.03170877322554588
1777498944339443200,0.0001534151815576479,0.01833848282694817,-0.03118935786187649
1777498944349406720,-0.0001661083224462345,0.0203881561756134,-0.03072628565132618
1777498944359351296,-0.000549319083802402,0.02193675749003887,-0.03033480606973171
1777498944369276416,-0.0008674513665027916,0.02347959019243717,-0.03008235991001129
1777498944379182592,-0.0008036932558752596,0.02508857659995556,-0.029884347692132
1777498944389069056,-0.0009216720354743302,0.0270537007600069,-0.02993775904178619
1777498944398936320,-0.0007330448133870959,0.02881491929292679,-0.03014244511723518
1777498944408784384,-0.0007353600230999291,0.03025367110967636,-0.03039361350238323
1777498944418613504,-0.0008815507171675563,0.03137140721082687,-0.03067399002611637
1777498944428423424,-0.0007627889863215387,0.0327889658510685,-0.03102904185652733
1777498944438215680,-0.0006384011940099299,0.03427658602595329,-0.03145069256424904
1777498944448220160,-0.0001013124347082339,0.03531680628657341,-0.03190940991044044
1777498944458436352,7.536153134424239e-05,0.03613579645752907,-0.0323462076485157
1777498944468632576,0.0002773820597212762,0.0365443043410778,-0.03278524428606033
1777498944478809600,0.0007898812182247639,0.03740845620632172,-0.03326702862977982
1777498944488966656,0.0009873113594949245,0.03765410929918289,-0.03379515931010246
1777498944499104256,0.0008761605131439865,0.03766346722841263,-0.03431637957692146
1777498944509221888,0.0007899869815446436,0.03721576929092407,-0.0347609855234623
1777498944519320064,0.0005182476597838104,0.03709499165415764,-0.03526178374886513
1777498944529398272,0.0005967292818240821,0.03694077208638191,-0.03578466549515724
1777498944539457024,0.0007371954852715135,0.03654848784208298,-0.03628908842802048
1777498944549496320,0.0009157548774965107,0.03560459241271019,-0.03676452487707138
1777498944559519488,0.001244778395630419,0.03460990637540817,-0.03715895861387253
1777498944569522944,0.001275892136618495,0.03376222029328346,-0.03757524862885475
1777498944579506944,0.001555696595460176,0.03280533105134964,-0.03800256922841072
1777498944589471488,0.001965175848454237,0.0315144807100296,-0.03839180245995522
1777498944599416576,0.002174099674448371,0.03002973645925522,-0.0386810302734375
1777498944609342464,0.002507418394088745,0.02872591651976109,-0.03891611471772194
1777498944619248896,0.002791449427604675,0.02784423530101776,-0.03914022073149681
1777498944629136128,0.002993911970406771,0.0267562959343195,-0.03925556689500809
1777498944639004672,0.003246342530474067,0.02564134262502193,-0.03926636651158333
1777498944648853504,0.003095103427767754,0.02435359545052052,-0.03915812075138092
1777498944658683392,0.002801941707730293,0.02336336113512516,-0.03906005993485451
1777498944668493568,0.002658001845702529,0.02279653213918209,-0.03892494365572929
1777498944678284800,0.002698221011087298,0.02215011976659298,-0.03881239891052246
1777498944688288768,0.003049148479476571,0.02143019251525402,-0.03861792758107185
1777498944698504704,0.003263430204242468,0.0208369754254818,-0.03838120773434639
1777498944708700672,0.003997290972620249,0.02100183814764023,-0.0382232703268528
1777498944718877696,0.004760251846164465,0.02111066877841949,-0.03812035545706749
1777498944729035008,0.005461467429995537,0.02049849927425385,-0.0379033274948597
1777498944739173120,0.006231201812624931,0.01973569951951504,-0.03766902908682823
1777498944749291264,0.006348606199026108,0.01927926763892174,-0.03734889999032021
1777498944759390208,0.005972739309072495,0.01945249550044537,-0.03695964813232422
1777498944769469184,0.00608892971649766,0.01951140351593494,-0.03646001219749451
1777498944779528448,0.006028743926435709,0.01897530443966389,-0.03576202318072319
1777498944789568000,0.005305915605276823,0.01876449398696423,-0.03486362844705582
1777498944799588864,0.004587229806929827,0.01869560591876507,-0.03391306847333908
1777498944809592064,0.003692461643368006,0.01922507397830486,-0.03299054875969887
1777498944819577600,0.002851648489013314,0.01914903707802296,-0.03209769353270531
1777498944829543936,0.001870354870334268,0.01907392404973507,-0.03115833923220634
1777498944839490816,0.0007849588291719556,0.01880045421421528,-0.03018046915531158
1777498944849418496,0.0001131612661993131,0.01967274956405163,-0.02947460860013962
1777498944859326976,0.0001010879423120059,0.02029329165816307,-0.02892083860933781
1777498944869216512,-0.0004054816672578454,0.02124751545488834,-0.02846871316432953
1777498944879086848,-0.0005447251023724675,0.02188216149806976,-0.02815254963934422
1777498944888938240,-0.0003952239640057087,0.02298699133098125,-0.02805128693580627
1777498944898770944,4.924532186123542e-05,0.02429637499153614,-0.02812351286411285
1777498944908584448,0.0005872941692359746,0.02552555315196514,-0.02832709439098835
1777498944918378752,0.001351450686343014,0.0266814548522234,-0.02855990082025528
1777498944928154112,0.002245633397251368,0.02770311385393143,-0.02892563305795193
1777498944938376704,0.003343993099406362,0.02897630631923676,-0.02933130413293839
1777498944948584192,0.004030608106404543,0.03003080561757088,-0.02976245433092117
1777498944958771968,0.004443470854312181,0.03088672459125519,-0.03015787526965141
1777498944968939776,0.004879349377006292,0.03161776810884476,-0.03049304150044918
1777498944979088128,0.004876392427831888,0.0322994664311409,-0.030753493309021
1777498944989217536,0.004810126032680273,0.03288346529006958,-0.03101444058120251
1777498944999328256,0.004656297154724598,0.0333944633603096,-0.03118286095559597
1777498945009419264,0.004339062143117189,0.03378424420952797,-0.03131609410047531
1777498945019490816,0.004170161206275225,0.03404975309967995,-0.0314391627907753
1777498945029542656,0.003935301210731268,0.03407779708504677,-0.03155727311968803
1777498945039575808,0.003445766633376479,0.03399580344557762,-0.03169337287545204
1777498945049589504,0.003204414388164878,0.03387872129678726,-0.0318165048956871
1777498945059583744,0.00270912260748446,0.03388471901416779,-0.03199884667992592
1777498945069558784,0.002423071768134832,0.03399043157696724,-0.03223757818341255
1777498945079514880,0.002727312501519918,0.03404933214187622,-0.0324869379401207
1777498945089451776,0.002774403430521488,0.03397222235798836,-0.03276263549923897
1777498945099369216,0.002970087574794888,0.03403952717781067,-0.03310534358024597
1777498945109267712,0.003310633823275566,0.03430651128292084,-0.03345556184649467
1777498945119150592,0.003781930543482304,0.03411746770143509,-0.03376887366175652
1777498945129014784,0.003714803839102387,0.03417664021253586,-0.03414798900485039
1777498945138859520,0.003214451717212796,0.03483367338776588,-0.03457366302609444
1777498945148685056,0.003288745647296309,0.0368451252579689,-0.03514791652560234
1777498945158491136,0.004042662680149078,0.03804699704051018,-0.03567024692893028
1777498945168278272,0.004120599944144487,0.03933126851916313,-0.03601199015974998
1777498945178496768,0.004161543678492308,0.04013793170452118,-0.03628753498196602
1777498945188695552,0.004411439411342144,0.0423751212656498,-0.03658049926161766
1777498945198874368,0.004182231612503529,0.04466081410646439,-0.03691351413726807
1777498945209034240,0.004076668061316013,0.04688122123479843,-0.03719523921608925
1777498945219174400,0.003733756253495812,0.04894674941897392,-0.03733205050230026
1777498945229294592,0.002883642446249723,0.05113236978650093,-0.03745951876044273
1777498945239395072,0.002438545925542712,0.05434045568108559,-0.03772503137588501
1777498945249475840,0.002342009916901588,0.05725695937871933,-0.03792752325534821
1777498945259537152,0.001772937132045627,0.06011665984988213,-0.03807375580072403
1777498945269578496,0.001765253022313118,0.06247490644454956,-0.03818486258387566
1777498945279600640,0.001799050951376557,0.06528140604496002,-0.03835719078779221
1777498945289603584,0.001973803155124187,0.0679967850446701,-0.03865789249539375
1777498945299587072,0.00199189898557961,0.07058046013116837,-0.03896672651171684
1777498945309551104,0.001793884905055165,0.07299081236124039,-0.03920546919107437
1777498945319495936,0.00153332157060504,0.07531703263521194,-0.03951270505785942
1777498945329421056,0.001560030388645828,0.077932208776474,-0.03988777846097946
1777498945339329536,0.001357254222966731,0.08024376630783081,-0.04022780060768127
1777498945349221632,0.0007843367056921124,0.08246195316314697,-0.04064458608627319
1777498945359094784,0.0006996993324719369,0.08449479937553406,-0.04112948104739189
1777498945368948736,0.0004996391944587231,0.08659586310386658,-0.04164044559001923
1777498945378783744,0.0001051759318215773,0.08835752308368683,-0.04223479703068733
1777498945388599808,1.954641220436315e-06,0.09018870443105698,-0.0429370179772377
1777498945398396672,2.893097007472534e-05,0.09183176606893539,-0.04367133229970932
1777498945408174592,-0.0001406080846209079,0.09340713918209076,-0.04451044276356697
1777498945418400000,9.30210153455846e-05,0.09475526958703995,-0.04542251303792
1777498945428605696,0.0001301570009673014,0.09598295390605927,-0.04639575257897377
1777498945438791424,-2.657854929566383e-05,0.09703482687473297,-0.04745996743440628
1777498945448957184,0.0001246573374373838,0.09829087555408478,-0.04864606261253357
1777498945459104768,0.0004142482357565314,0.09920921921730042,-0.04991048946976662
1777498945469232640,0.0005719680339097977,0.09988553076982498,-0.0512574091553688
1777498945479340800,0.0009164769435301423,0.1004902869462967,-0.05267221853137016
1777498945489428992,0.0007109513971954584,0.1008140221238136,-0.0541863925755024
1777498945499497728,0.0001406707160640508,0.1011494472622871,-0.05564157664775848
1777498945509546496,0.0002622704487293959,0.1013730093836784,-0.05698822438716888
1777498945519575552,0.0002676814037840813,0.1012416854500771,-0.05828091502189636
1777498945529585152,-1.145140868175076e-05,0.1013577207922935,-0.05960914865136147
1777498945539575808,0.0002340893552172929,0.1019073724746704,-0.06103912740945816
1777498945549546496,0.00117776426486671,0.1023563966155052,-0.06255119293928146
1777498945559497728,0.00136525952257216,0.1023567318916321,-0.06393546611070633
1777498945569429504,0.001045656623318791,0.101978711783886,-0.06523006409406662
1777498945579342080,0.0009064840851351619,0.1020568460226059,-0.06663317233324051
1777498945589235200,0.001055818167515099,0.1028852909803391,-0.06807652115821838
1777498945599108608,0.001428776537068188,0.1029798984527588,-0.06946665048599243
1777498945608962816,0.001458721235394478,0.102840393781662,-0.07076676189899445
1777498945618798592,0.001739990781061351,0.1030701398849487,-0.07200251519680023
1777498945628615168,0.002082477323710918,0.1035448089241982,-0.07332095503807068
1777498945638412544,0.002377008786424994,0.1042559221386909,-0.07465639710426331
1777498945648193280,0.002401611302047968,0.1047175750136375,-0.0759064182639122
1777498945658188288,0.001887017511762679,0.1051822453737259,-0.07709884643554688
1777498945668394496,0.001760602230206132,0.1060969606041908,-0.07837346196174622
1777498945678580992,0.001959463581442833,0.10744309425354,-0.07956833392381668
1777498945688748288,0.001975094433873892,0.1085799038410187,-0.08068142831325531
1777498945698896128,0.001707439194433391,0.1096393913030624,-0.08168335258960724
1777498945709024000,0.001713088830001652,0.1108461245894432,-0.08267761766910553
1777498945719133952,0.00160172360483557,0.1125316619873047,-0.08368127793073654
1777498945729224192,0.001417587278410792,0.113977424800396,-0.08464045822620392
1777498945739294976,0.001370741752907634,0.1155291125178337,-0.08557271212339401
1777498945749345792,0.001280694850720465,0.1167817339301109,-0.08646922558546066
1777498945759377408,0.001089341240003705,0.1184680461883545,-0.08739278465509415
1777498945769389312,0.001238127006217837,0.1203113719820976,-0.08831353485584259
1777498945779381760,0.001017577480524778,0.1221131458878517,-0.08922149986028671
1777498945789354496,0.0009493026882410049,0.1237650588154793,-0.0901823416352272
1777498945799308288,0.00106455956120044,0.1253395080566406,-0.09114857763051987
1777498945809242880,0.0006060427404008806,0.1267893612384796,-0.09203410893678665
1777498945819157760,-2.228717858088203e-05,0.128458559513092,-0.09294067323207855
1777498945829052928,-0.0002690176479518414,0.1304300576448441,-0.09387391805648804
1777498945838928896,-0.0007382483454421163,0.1318479627370834,-0.0947449579834938
1777498945848785664,-0.001079391338862479,0.1335274428129196,-0.09565243870019913
1777498945858623232,-0.001819538068957627,0.1347618401050568,-0.09670211374759674
1777498945868441344,-0.004938441794365644,0.1346463859081268,-0.09756405651569366
1777498945878241536,-0.008567720651626587,0.1349246948957443,-0.09782689809799194
1777498945888022528,-0.01168162655085325,0.1347731053829193,-0.09753463417291641
1777498945898021120,-0.01435158960521221,0.133469432592392,-0.0971095860004425
1777498945908236800,-0.01673528552055359,0.1317419707775116,-0.09674900770187378
1777498945918432768,-0.01813056692481041,0.1311105936765671,-0.09675299376249313
1777498945928609536,-0.01743771322071552,0.1311801373958588,-0.09708084166049957
1777498945938766080,-0.01590367592871189,0.1305334568023682,-0.09834738820791245
1777498945948902912,-0.01542906183749437,0.1295928508043289,-0.1003620475530624
1777498945959020032,-0.01457750611007214,0.1291345506906509,-0.1026572287082672
1777498945969119232,-0.01332908123731613,0.1291889697313309,-0.1053348556160927
1777498945979198976,-0.01211614906787872,0.1295299082994461,-0.1081598103046417
1777498945989259008,-0.01186996884644032,0.129273533821106,-0.1110665425658226
1777498945999299584,-0.01155726984143257,0.1297445148229599,-0.114254854619503
1777498946009321216,-0.01099261734634638,0.1312550753355026,-0.1174757927656174
1777498946019323136,-0.009909050539135933,0.131634309887886,-0.1205679699778557
1777498946029305344,-0.01048494502902031,0.1318208277225494,-0.1233418211340904
1777498946039268096,-0.01218329183757305,0.1319094896316528,-0.1258218586444855
1777498946049212160,-0.01301211584359407,0.1332157701253891,-0.1282577216625214
1777498946059136768,-0.01346779242157936,0.1341850310564041,-0.1308652609586716
1777498946069042176,-0.01477250643074512,0.1344254463911057,-0.1330048739910126
1777498946078928128,-0.01609693840146065,0.1345354169607162,-0.1349379271268845
1777498946088794624,-0.01658879220485687,0.1362993270158768,-0.137141078710556
1777498946098641664,-0.01569770462810993,0.1374113410711288,-0.139511302113533
1777498946108469504,-0.01464044209569693,0.137245312333107,-0.1420075744390488
1777498946118278144,-0.01509137637913227,0.1366362273693085,-0.1445397734642029
1777498946128068864,-0.01464188192039728,0.1383477002382278,-0.1472200453281403
1777498946138073088,-0.01368592493236065,0.1390997171401978,-0.1498705893754959
1777498946148290304,-0.01332624908536673,0.1390414983034134,-0.1527811735868454
1777498946158487552,-0.0149571755900979,0.1389530301094055,-0.1554684042930603
1777498946168665856,-0.01540045253932476,0.1385703682899475,-0.1581378579139709
1777498946178824448,-0.01576185040175915,0.1397208720445633,-0.1608844250440598
1777498946188963584,-0.01642750389873981,0.1386010199785233,-0.1636670231819153
1777498946199083264,-0.01838565990328789,0.1379485875368118,-0.1662870347499847
1777498946209183744,-0.02003153599798679,0.1371230483055115,-0.1689675897359848
1777498946219264768,-0.02159424126148224,0.1367119699716568,-0.171426847577095
1777498946229326336,-0.02328688465058804,0.1355381458997726,-0.1739418059587479
1777498946239370496,-0.02522814646363258,0.1336379796266556,-0.1763756722211838
1777498946249396224,-0.02745869755744934,0.1307087242603302,-0.1789921373128891
1777498946259402496,-0.02916665561497211,0.1300260126590729,-0.1817926019430161
1777498946269389824,-0.03042924776673317,0.1295384764671326,-0.1847777813673019
1777498946279357696,-0.0311940424144268,0.1263430267572403,-0.1879685968160629
1777498946289306368,-0.03352617099881172,0.1225239858031273,-0.1914123445749283
1777498946299235840,-0.03420669212937355,0.1186771988868713,-0.1951545774936676
1777498946309146112,-0.03421285375952721,0.1176043078303337,-0.1995362192392349
1777498946319037696,-0.03423003852367401,0.1155444160103798,-0.2043895870447159
1777498946328910592,-0.03565514087677002,0.1129006445407867,-0.20976622402668
1777498946338764288,-0.03676190227270126,0.1107694953680038,-0.2155104875564575
1777498946348598784,-0.03644213825464249,0.1089867055416107,-0.2218192219734192
1777498946358414080,-0.03658832982182503,0.1068294197320938,-0.2286247313022614
1777498946368210688,-0.0373508408665657,0.1044183447957039,-0.2356831282377243
1777498946377988352,-0.0375756174325943,0.1024665832519531,-0.243095263838768
1777498946388206848,-0.03739265725016594,0.1012078076601028,-0.2504658699035645
1777498946398406144,-0.03722098097205162,0.09943939745426178,-0.2577999830245972
1777498946408586240,-0.03773243725299835,0.09821128100156784,-0.2650450170040131
1777498946418746624,-0.03812504559755325,0.0966961532831192,-0.2722249627113342
1777498946428887552,-0.0383622907102108,0.0955657884478569,-0.2793900370597839
1777498946439009024,-0.03920372575521469,0.09421685338020325,-0.2865070700645447
1777498946449110784,-0.03776023536920547,0.09322725981473923,-0.2936740517616272
1777498946459193344,-0.03711442649364471,0.09149429947137833,-0.3007188737392426
1777498946469256192,-0.03677283227443695,0.09003383666276932,-0.3078129291534424
1777498946479299328,-0.03632879257202148,0.08828181773424149,-0.3147354125976562
1777498946489325056,-0.03668979927897453,0.08722986280918121,-0.3214336037635803
1777498946499333376,-0.03697461262345314,0.08576499670743942,-0.3278912305831909
1777498946509321984,-0.03774282336235046,0.08465590327978134,-0.3340708613395691
1777498946519291392,-0.03886545449495316,0.08298569172620773,-0.3398184776306152
1777498946529241600,-0.03964360803365707,0.08118276298046112,-0.3453702926635742
1777498946539172864,-0.03971843421459198,0.0791248083114624,-0.350770115852356
1777498946549084672,-0.0402674600481987,0.07737844437360764,-0.3558759689331055
1777498946558977280,-0.04091334715485573,0.07599585503339767,-0.3608769476413727
1777498946568850944,-0.04020535200834274,0.07484398782253265,-0.3658312857151031
1777498946578706176,-0.03878261521458626,0.07334180176258087,-0.3709604144096375
1777498946588541952,-0.03757578134536743,0.07182486355304718,-0.3762832880020142
1777498946598358784,-0.03545752167701721,0.07067690789699554,-0.3818060755729675
1777498946608156416,-0.03218555822968483,0.07004062086343765,-0.3876781761646271
1777498946617935616,-0.02899670787155628,0.0687127411365509,-0.3940525650978088
1777498946628155136,-0.02574184909462929,0.06757285445928574,-0.4006482064723969
1777498946638354944,-0.02277776971459389,0.06661725044250488,-0.4074130058288574
1777498946648535808,-0.02049402706325054,0.06661877036094666,-0.4143799543380737
1777498946658697984,-0.01802338846027851,0.06647724658250809,-0.4215772151947021
1777498946668840448,-0.01568109355866909,0.06645860522985458,-0.4287585616111755
1777498946678963200,-0.0134595176205039,0.06555946171283722,-0.435917854309082
1777498946689066752,-0.01079627405852079,0.06522010266780853,-0.4428094327449799
1777498946699150592,-0.008138768374919891,0.0645962581038475,-0.4496088027954102
1777498946709214720,-0.006276277359575033,0.06458442658185959,-0.4564899206161499
1777498946719259648,-0.004953666124492884,0.06476472318172455,-0.4633490443229675
1777498946729287680,-0.00392084801569581,0.06541921198368073,-0.4699126482009888
1777498946739298048,-0.001889121253043413,0.06557893753051758,-0.4760060012340546
1777498946749288960,-0.0007474281010217965,0.06463372707366943,-0.4817809462547302
1777498946759260416,-0.0006166253588162363,0.06371508538722992,-0.4874407649040222
1777498946769212672,-0.0005951991770416498,0.0634310394525528,-0.4929998517036438
1777498946779145216,0.0001076152111636475,0.06432174146175385,-0.4983603954315186
1777498946789058304,0.0005638899747282267,0.06362549960613251,-0.5034733414649963
1777498946798952448,-0.0001542652025818825,0.063038669526577,-0.5083030462265015
1777498946808827392,-0.0004466587270144373,0.06120752170681953,-0.5127955675125122
1777498946818683136,-0.001176481717266142,0.06101154536008835,-0.5172709226608276
1777498946828520192,-0.001605967758223414,0.06023311614990234,-0.5218378305435181
1777498946838337792,-0.001836152165196836,0.05927270278334618,-0.5263996720314026
1777498946848136192,-0.00171955581754446,0.05772365629673004,-0.5308825969696045
1777498946857915648,-0.001877470407634974,0.0564606711268425,-0.5354200601577759
1777498946868141056,-0.001485647866502404,0.05561855062842369,-0.5400909781455994
1777498946878346752,-0.001347239362075925,0.05493012070655823,-0.5448548793792725
1777498946888533248,-0.001588216866366565,0.05407877266407013,-0.5496384501457214
1777498946898700032,-0.001493419986218214,0.05306107178330421,-0.5545039772987366
1777498946908847616,-0.001663165399804711,0.05242540687322617,-0.5593829154968262
1777498946918975488,-0.001863016164861619,0.05206998810172081,-0.564268946647644
1777498946929083904,-0.001911161816678941,0.05175775289535522,-0.5691452622413635
1777498946939173632,-0.002042062114924192,0.05150741338729858,-0.5741216540336609
1777498946949244672,-0.001979505410417914,0.05115576833486557,-0.5791671872138977
1777498946959296000,-0.001787298009730875,0.0512993298470974,-0.5843416452407837
1777498946969327616,-0.001254531554877758,0.05159459263086319,-0.5896487832069397
1777498946979340032,-0.0007515700999647379,0.05179405584931374,-0.5950747132301331
1777498946989332992,8.602402522228658e-05,0.05194511637091637,-0.6005575656890869
1777498946999306496,0.001008575549349189,0.05192321166396141,-0.6061219573020935
1777498947009260544,0.001503593986853957,0.05222452059388161,-0.6116523742675781
1777498947019195648,0.002174021676182747,0.05238554999232292,-0.6170994639396667
1777498947029111552,0.002539737848564982,0.05277502909302711,-0.622463583946228
1777498947039008256,0.002927854191511869,0.05280989781022072,-0.6277469992637634
1777498947048885504,0.003363326191902161,0.05301662534475327,-0.6329118013381958
1777498947058743808,0.003880902193486691,0.0529649406671524,-0.6380027532577515
1777498947068583168,0.004263755399733782,0.05301043018698692,-0.6430857181549072
1777498947078403328,0.004296778235584497,0.05280560627579689,-0.6481797099113464
1777498947088204032,0.004202575422823429,0.05258005857467651,-0.6532630324363708
1777498947097986304,0.003709613112732768,0.05200762301683426,-0.6581934690475464
1777498947108220928,0.002704165177419782,0.05160786584019661,-0.6629838943481445
1777498947118435840,0.001907298341393471,0.05106706917285919,-0.6676313877105713
1777498947128631040,0.001018353854306042,0.05094724148511887,-0.6722077131271362
1777498947138806272,0.0006105861393734813,0.05025853216648102,-0.6767644286155701
1777498947148962304,0.0003207551199011505,0.04975214228034019,-0.6812970638275146
1777498947159098112,-6.234312422748189e-06,0.04902330413460732,-0.6858669519424438
1777498947169214208,-0.0002806840639095753,0.04889779537916183,-0.6905332207679749
1777498947179310848,-0.0004787663056049496,0.0486571379005909,-0.6953760385513306
1777498947189387776,-0.0007893469301052392,0.04825699701905251,-0.7002530097961426
1777498947199444736,-0.001388090313412249,0.04761359468102455,-0.7051379084587097
1777498947209483776,-0.002303614979609847,0.04732624813914299,-0.7100843787193298
1777498947219504384,-0.002955018309876323,0.0475965216755867,-0.715097188949585
1777498947229505792,-0.003818029537796974,0.04796547815203667,-0.7201688885688782
1777498947239488000,-0.004503916949033737,0.04823886603116989,-0.7252538204193115
1777498947249450496,-0.005421214271336794,0.0483836829662323,-0.7304121851921082
1777498947259393792,-0.005892536602914333,0.0488467663526535,-0.7357487678527832
1777498947269317632,-0.006367456167936325,0.04956012591719627,-0.7412555813789368
1777498947279222272,-0.00677869189530611,0.05025820806622505,-0.7469499111175537
1777498947289107968,-0.007042815908789635,0.05093786492943764,-0.7527849078178406
1777498947298974464,-0.007281391881406307,0.05148272961378098,-0.7587109208106995
1777498947308822016,-0.007572326343506575,0.05239953845739365,-0.7647870779037476
1777498947318650112,-0.00759400287643075,0.05331237614154816,-0.7710361480712891
1777498947328459008,-0.007538539357483387,0.05458879098296165,-0.7774194478988647
1777498947338248960,-0.00737575301900506,0.0552043728530407,-0.7840023040771484
1777498947348251648,-0.007213126868009567,0.05616993457078934,-0.7906478047370911
1777498947358467584,-0.006875857245177031,0.05682702735066414,-0.7973760366439819
1777498947368664064,-0.006144765298813581,0.05777863785624504,-0.8041508197784424
1777498947378841344,-0.00567963533103466,0.05796140432357788,-0.8108858466148376
1777498947388998912,-0.005708948243409395,0.05836888402700424,-0.8176733255386353
1777498947399136512,-0.006797049194574356,0.05891912803053856,-0.8240915536880493
1777498947409254912,-0.006239679176360369,0.05946222692728043,-0.830492377281189
1777498947419353600,-0.006551425904035568,0.06032925844192505,-0.8369712233543396
1777498947429432832,-0.006647597532719374,0.06009819358587265,-0.8436022400856018
1777498947439492352,-0.006501556839793921,0.06034870445728302,-0.8504583239555359
1777498947449535232,-0.006110937800258398,0.06073782965540886,-0.8574225902557373
1777498947459558912,-0.005591841880232096,0.06153931841254234,-0.8646441102027893
1777498947469563648,-0.005134888924658298,0.06154590472579002,-0.8719633817672729
1777498947479548416,-0.004920552019029856,0.06141059100627899,-0.879219114780426
1777498947489514240,-0.004621773958206177,0.06131907925009727,-0.8865631818771362
1777498947499460864,-0.004053776618093252,0.06202244013547897,-0.8940732479095459
1777498947509388032,-0.003236230695620179,0.06215633451938629,-0.9016661643981934
1777498947519296000,-0.002532340819016099,0.06259731203317642,-0.9092188477516174
1777498947529185280,-0.001792395603843033,0.06261274963617325,-0.9168401956558228
1777498947539055616,-0.0006034383550286293,0.06323467195034027,-0.924536406993866
1777498947548907264,0.0003035428817383945,0.06358776986598969,-0.9322972297668457
1777498947558739712,0.0009997697779908776,0.06395164132118225,-0.9399420022964478
1777498947568552960,0.001891277614049613,0.06409970670938492,-0.9475498795509338
1777498947578347264,0.002795185893774033,0.06453786790370941,-0.9551099538803101
1777498947588352512,0.003659948706626892,0.06475009024143219,-0.9625269174575806
1777498947598568192,0.004378254991024733,0.06465985625982285,-0.9698299765586853
1777498947608764416,0.004955873358994722,0.06459203362464905,-0.9769049882888794
1777498947618940928,0.005323179066181183,0.06441774964332581,-0.983809769153595
1777498947629097984,0.00540472287684679,0.06454739719629288,-0.9906026124954224
1777498947639235328,0.005704598501324654,0.06432832032442093,-0.9972097277641296
1777498947649352960,0.006336537655442953,0.06419513374567032,-1.003727912902832
1777498947659450880,0.006261891219764948,0.06344184279441833,-1.010141372680664
1777498947669529600,0.006252733990550041,0.06268521398305893,-1.016421318054199
1777498947679588864,0.00614382466301322,0.06228653714060783,-1.022601723670959
1777498947689628416,0.005682452116161585,0.06164728477597237,-1.028642296791077
1777498947699648768,0.005068969912827015,0.0610969290137291,-1.034469723701477
1777498947709649664,0.004611092619597912,0.06010845303535461,-1.040244698524475
1777498947719634432,0.004401674028486013,0.05910376831889153,-1.045814752578735
1777498947729599744,0.003462818916887045,0.05798026546835899,-1.05135440826416
1777498947739545856,0.002802915638312697,0.0575106292963028,-1.056853175163269
1777498947749472256,0.002612646203488111,0.05700337141752243,-1.062358617782593
1777498947759379712,0.002130544744431973,0.05597896873950958,-1.067843556404114
1777498947769267712,0.001816870062611997,0.05496526882052422,-1.073300004005432
1777498947779136512,0.001580580486916006,0.05403235554695129,-1.07877790927887
1777498947788986112,0.001465717097744346,0.05382459610700607,-1.084377884864807
1777498947798817024,0.001177914789877832,0.05321187153458595,-1.090053677558899
1777498947808628224,0.001054934225976467,0.05287186801433563,-1.095636367797852
1777498947818420480,0.0005593778914771974,0.05236678197979927,-1.101213812828064
1777498947828425472,0.0005282331258058548,0.05244993045926094,-1.106908559799194
1777498947838642432,0.0007281337166205049,0.05265641584992409,-1.112676620483398
1777498947848839680,0.0006804326549172401,0.05261195451021194,-1.11848783493042
1777498947859017984,0.00115614477545023,0.05250579863786697,-1.124240398406982
1777498947869176576,0.001617133384570479,0.05265901237726212,-1.130006194114685
1777498947879315968,0.002008875599130988,0.05269796028733253,-1.135776519775391
1777498947889435648,0.002416359726339579,0.05261234566569328,-1.141456484794617
1777498947899536128,0.00271827238611877,0.05251311883330345,-1.147027969360352
1777498947909616896,0.00277004181407392,0.05237137153744698,-1.152537822723389
1777498947919678464,0.00262365723028779,0.05225496366620064,-1.158029437065125
1777498947929720320,0.002635747892782092,0.05214722454547882,-1.163375616073608
1777498947939745792,0.002030218718573451,0.0520033948123455,-1.168622732162476
1777498947949753856,0.001635178341530263,0.05205990001559258,-1.173832058906555
1777498947959742720,0.001749829621985555,0.05204638466238976,-1.178990364074707
1777498947969712384,0.001909254235215485,0.05150723829865456,-1.184233784675598
1777498947979662848,0.002047746907919645,0.0511152446269989,-1.18942129611969
1777498947989594112,0.002385200699791312,0.05111591890454292,-1.194728970527649
1777498947999506176,0.002956390380859375,0.05147908255457878,-1.200142383575439
1777498948009399040,0.003432422876358032,0.05147135630249977,-1.205543875694275
1777498948019273472,0.003922391682863235,0.05128991603851318,-1.210859775543213
1777498948029129728,0.004472202155739069,0.05105969682335854,-1.216150164604187
1777498948038966784,0.004953768104314804,0.05117323622107506,-1.22148609161377
1777498948048784384,0.005545014981180429,0.05132369324564934,-1.226741552352905
1777498948058582784,0.005859752651304007,0.05100680142641068,-1.231919169425964
1777498948068362496,0.00609745504334569,0.05089713633060455,-1.236948728561401
1777498948078580480,0.006244938354939222,0.05067657679319382,-1.241939663887024
1777498948088779008,0.006220987997949123,0.05032176896929741,-1.246776580810547
1777498948098957824,0.005847191903740168,0.0498356930911541,-1.251465082168579
1777498948109118208,0.005616702139377594,0.04924410954117775,-1.256027221679688
1777498948119260416,0.005026058759540319,0.04859723150730133,-1.26053261756897
1777498948129383424,0.00468913558870554,0.04791273921728134,-1.264954090118408
1777498948139486464,0.004338085185736418,0.04695221036672592,-1.26926064491272
1777498948149570560,0.003556340932846069,0.0457981564104557,-1.273455739021301
1777498948159635200,0.002997890347614884,0.04472674429416656,-1.277670860290527
1777498948169680128,0.002323546446859837,0.04374215751886368,-1.281892895698547
1777498948179705600,0.001748858136124909,0.04259350150823593,-1.286135196685791
1777498948189711616,0.001409617951139808,0.0414692685008049,-1.290370941162109
1777498948199698432,0.001343290787190199,0.04023180156946182,-1.294687271118164
1777498948209665792,0.001285621663555503,0.0392940565943718,-1.299089193344116
1777498948219613696,0.001511953305453062,0.03814472630620003,-1.303580045700073
1777498948229542400,0.001813387731090188,0.03728371858596802,-1.30813729763031
1777498948239451648,0.002064862987026572,0.03619711473584175,-1.312739729881287
1777498948249341440,0.002693367190659046,0.03538065031170845,-1.317360162734985
1777498948259215104,0.002928661881014705,0.03467181697487831,-1.322027087211609
1777498948269073408,0.003406039904803038,0.03413062915205956,-1.326673626899719
1777498948278912256,0.003524700878188014,0.03363623842597008,-1.33129870891571
1777498948288732160,0.00353450421243906,0.03331651538610458,-1.335876107215881
1777498948298533120,0.003402633359655738,0.03313566744327545,-1.340431571006775
1777498948308315136,0.00307805510237813,0.03290532529354095,-1.344913363456726
1777498948318539776,0.002663072431460023,0.03267838433384895,-1.34934139251709
1777498948328744448,0.002178744412958622,0.03257805481553078,-1.353715896606445
1777498948338929152,0.00159383297432214,0.03290323913097382,-1.358065128326416
1777498948349094400,0.001151320175267756,0.03312632068991661,-1.362481713294983
1777498948359239424,0.0009773282799869776,0.03359357640147209,-1.366917967796326
1777498948369364224,0.0007776295533403754,0.03374072536826134,-1.371390461921692
1777498948379469568,0.001062393537722528,0.03397355228662491,-1.375837683677673
1777498948389554944,0.0009917872957885265,0.03416156396269798,-1.380411386489868
1777498948399621120,0.001015110872685909,0.03444886580109596,-1.385101556777954
1777498948409667328,0.00123630790039897,0.03461741283535957,-1.389824628829956
1777498948419697408,0.001402421970851719,0.03477847948670387,-1.394555568695068
1777498948429707776,0.002255463041365147,0.03480855002999306,-1.399316787719727
1777498948439698944,0.003428779076784849,0.03453641384840012,-1.404291987419128
1777498948449670656,0.004231229424476624,0.03438949212431908,-1.409364938735962
1777498948459622912,0.004657141864299774,0.03466184064745903,-1.414553880691528
1777498948469556224,0.005135948769748211,0.03553718701004982,-1.419766306877136
1777498948479470080,0.005555512849241495,0.03601781278848648,-1.424947738647461
1777498948489364992,0.006043734960258007,0.03624141216278076,-1.430001497268677
1777498948499241216,0.006228464655578136,0.03610685840249062,-1.434922814369202
1777498948509097984,0.006356688216328621,0.03648993745446205,-1.439852118492126
1777498948518935808,0.006651361472904682,0.0371716320514679,-1.444801807403564
1777498948528754176,0.00697072921320796,0.03746581077575684,-1.449702382087708
1777498948538553600,0.007434135302901268,0.03773587197065353,-1.454532265663147
1777498948548334080,0.007822667248547077,0.03760733082890511,-1.459336400032043
1777498948558327296,0.008314433507621288,0.0378020703792572,-1.464051246643066
1777498948568532736,0.008425705134868622,0.03788753598928452,-1.468647956848145
1777498948578718976,0.008598986081779003,0.03772516548633575,-1.473117113113403
1777498948588885504,0.00853445753455162,0.037491325289011,-1.477361679077148
1777498948599032832,0.008255346678197384,0.03711702302098274,-1.481511354446411
1777498948609160448,0.008481006138026714,0.03715183958411217,-1.485532522201538
1777498948619268608,0.00861313845962286,0.03678810223937035,-1.489484548568726
1777498948629357312,0.008886998519301414,0.03649307042360306,-1.493308901786804
1777498948639426560,0.009149446152150631,0.03588159009814262,-1.496991634368896
1777498948649476352,0.009055423550307751,0.03530063852667809,-1.500549554824829
1777498948659506688,0.008927297778427601,0.03491296619176865,-1.504050970077515
1777498948669517568,0.008690121583640575,0.03422383964061737,-1.507411956787109
1777498948679509504,0.008597549982368946,0.03351721167564392,-1.510596990585327
1777498948689484288,0.008537261746823788,0.03283602744340897,-1.513696312904358
1777498948699439360,0.008724229410290718,0.03208410739898682,-1.516669631004333
1777498948709374976,0.008766627870500088,0.03137042373418808,-1.519553422927856
1777498948719291136,0.008965016342699528,0.03046490997076035,-1.522322177886963
1777498948729188608,0.009162303060293198,0.02972773090004921,-1.52500057220459
1777498948739066624,0.009271767921745777,0.0287331584841013,-1.5276038646698
1777498948748925184,0.009374687448143959,0.02775392681360245,-1.530133605003357
1777498948758764800,0.009372293949127197,0.02662835828959942,-1.532524466514587
1777498948768585472,0.009123438969254494,0.02568195201456547,-1.534783124923706
1777498948778386432,0.008787901140749454,0.02495050430297852,-1.536952495574951
1777498948788168448,0.008249413222074509,0.02422560937702656,-1.539047837257385
1777498948798167552,0.007957479916512966,0.02365314215421677,-1.541073203086853
1777498948808383488,0.007816433906555176,0.02284649200737476,-1.543062686920166
1777498948818579456,0.007691448554396629,0.02229188196361065,-1.545051455497742
1777498948828756224,0.007777226157486439,0.0218025129288435,-1.547071576118469
1777498948838913280,0.00787785928696394,0.02121245488524437,-1.549125075340271
1777498948849051136,0.008218994364142418,0.02055823430418968,-1.551088094711304
1777498948859169280,0.008280295878648758,0.02015570178627968,-1.552945375442505
1777498948869267968,0.008430862799286842,0.02006714791059494,-1.554793000221252
1777498948879347200,0.008967019617557526,0.02020381763577461,-1.55657434463501
1777498948889406976,0.009719759225845337,0.01927545480430126,-1.55829119682312
1777498948899447040,0.01019335631281137,0.01851477287709713,-1.559840798377991
1777498948909469696,0.01013674400746822,0.01789902895689011,-1.561332225799561
1777498948919474944,0.01023772824555635,0.01858446002006531,-1.562791109085083
1777498948929461248,0.01044212467968464,0.01844792999327183,-1.564147114753723
1777498948939427840,0.01047177985310555,0.01785278506577015,-1.565270304679871
1777498948949375232,0.01038142666220665,0.0167740099132061,-1.566203594207764
1777498948959303680,0.009816037490963936,0.01650404930114746,-1.567163467407227
1777498948969212672,0.009396581910550594,0.0168245155364275,-1.568180441856384
1777498948979101952,0.009156637825071812,0.01706518232822418,-1.56914758682251
1777498948988972800,0.008671210147440434,0.01701644621789455,-1.569986581802368
1777498948998824448,0.008348871953785419,0.01697872765362263,-1.570785760879517
1777498949008656640,0.008033077232539654,0.01753084734082222,-1.571645259857178
1777498949018469376,0.008033232763409615,0.01833769865334034,-1.572677612304688
1777498949028263168,0.008145725354552269,0.01915187016129494,-1.573665380477905
1777498949038268928,0.007965230382978916,0.01977130956947803,-1.574656128883362
1777498949048485888,0.008247344754636288,0.02071665972471237,-1.575775742530823
1777498949058683392,0.008797722868621349,0.02180487848818302,-1.576898217201233
1777498949068861440,0.009004061110317707,0.0225613359361887,-1.577994704246521
1777498949079019776,0.009473836980760098,0.02335946634411812,-1.579012870788574
1777498949089158656,0.009562648832798004,0.02387293986976147,-1.580008506774902
1777498949099278080,0.00971045158803463,0.02456089481711388,-1.580924987792969
1777498949109377792,0.009711770340800285,0.02491806261241436,-1.581788897514343
1777498949119457792,0.009207535535097122,0.02506562694907188,-1.582497715950012
1777498949129521152,0.008698331192135811,0.02507109381258488,-1.583157181739807
1777498949139564800,0.00828811340034008,0.02533088438212872,-1.58376145362854
1777498949149588736,0.007761498913168907,0.02518803253769875,-1.584348678588867
1777498949159593216,0.007659207098186016,0.02484971657395363,-1.58492636680603
1777498949169578752,0.007449104450643063,0.02411818504333496,-1.585516333580017
1777498949179544832,0.00700915465131402,0.02366800047457218,-1.586137175559998
1777498949189491456,0.006703775376081467,0.0231281965970993,-1.586837649345398
1777498949199418880,0.006319865118712187,0.0225895494222641,-1.587638974189758
1777498949209327360,0.006193706300109625,0.02188900299370289,-1.588443756103516
1777498949219216896,0.005998851265758276,0.02105217613279819,-1.589264035224915
1777498949229086976,0.005974008236080408,0.02045049890875816,-1.590182781219482
1777498949238937600,0.00606404198333621,0.01981811225414276,-1.591178059577942
1777498949248769280,0.00610407767817378,0.01894452795386314,-1.592257261276245
1777498949258581504,0.006250074133276939,0.01844505406916142,-1.593323349952698
1777498949268374784,0.006388135720044374,0.01793314144015312,-1.594459056854248
1777498949278149120,0.006369657348841429,0.01761940307915211,-1.595666408538818
1777498949288367616,0.006634429562836885,0.0169819388538599,-1.596908807754517
1777498949298566144,0.007123490329831839,0.01561987213790417,-1.598152875900269
1777498949308744704,0.006957085803151131,0.0147665124386549,-1.599364638328552
1777498949318904064,0.006235467735677958,0.01447845622897148,-1.600592970848083
1777498949329043712,0.005993882659822702,0.01534600462764502,-1.601974844932556
1777498949339163904,0.006367101334035397,0.01530667021870613,-1.603415966033936
1777498949349264384,0.006556496489793062,0.01474937982857227,-1.604748368263245
1777498949359345664,0.007167907431721687,0.01415089704096317,-1.605981826782227
1777498949369407488,0.007524595595896244,0.01401911675930023,-1.607270836830139
1777498949379449600,0.007872898131608963,0.01405569259077311,-1.608616471290588
1777498949389472000,0.00752094853669405,0.01387017220258713,-1.609901666641235
1777498949399475712,0.007146507035940886,0.01349964831024408,-1.611039757728577
1777498949409459968,0.006877921521663666,0.01323540322482586,-1.612191796302795
1777498949419424512,0.006592723540961742,0.01333768665790558,-1.613431334495544
1777498949429373440,0.006813435349613428,0.01313070207834244,-1.614673852920532
1777498949439303168,0.006764327641576529,0.01304339338093996,-1.615873098373413
1777498949449213440,0.006924162618815899,0.01256714388728142,-1.617073535919189
1777498949459104256,0.006950791925191879,0.01280677784234285,-1.618263125419617
1777498949468976384,0.006983919069170952,0.01280300784856081,-1.619507789611816
1777498949478829056,0.006740634329617023,0.01293719466775656,-1.620664715766907
1777498949488662528,0.006429299712181091,0.01311725564301014,-1.621774554252625
1777498949498476800,0.006131134927272797,0.01374965906143188,-1.622949361801147
1777498949508272640,0.00624990975484252,0.01450260821729898,-1.624170064926147
1777498949518049280,0.006270473822951317,0.01518830005079508,-1.625399351119995
1777498949528268288,0.006674178875982761,0.01584000885486603,-1.626610040664673
1777498949538467328,0.00695705134421587,0.01658572442829609,-1.627843499183655
1777498949548646656,0.007219017017632723,0.01763313077390194,-1.629124402999878
1777498949558807040,0.007853957824409008,0.01837518997490406,-1.630362153053284
1777498949568947968,0.007889201864600182,0.01898138411343098,-1.631553292274475
1777498949579069184,0.008226348087191582,0.01937945187091827,-1.632642865180969
1777498949589170432,0.008610835298895836,0.02010246925055981,-1.633672595024109
1777498949599252736,0.008654618635773659,0.02043822593986988,-1.63459300994873
1777498949609315328,0.008790168911218643,0.02080291509628296,-1.635397791862488
1777498949619358208,0.008944535627961159,0.02080528438091278,-1.636004686355591
1777498949629381632,0.008870167657732964,0.02074875496327877,-1.636488080024719
1777498949639386624,0.00880743283778429,0.02060975693166256,-1.636862635612488
1777498949649373696,0.008319842629134655,0.02016390860080719,-1.637150764465332
1777498949659342592,0.008009657263755798,0.01963307894766331,-1.637260317802429
1777498949669292288,0.007539324928075075,0.0189711656421423,-1.63723623752594
1777498949679222784,0.00719214603304863,0.01827160641551018,-1.637147903442383
1777498949689134080,0.007176959421485662,0.01771946251392365,-1.637020111083984
1777498949699026176,0.007050834596157074,0.0168593842536211,-1.636898517608643
1777498949708899328,0.006641755811870098,0.01592904701828957,-1.63673734664917
1777498949718753792,0.006100212223827839,0.01481982506811619,-1.63644552230835
1777498949728589824,0.00575173506513238,0.01361398212611675,-1.636102914810181
1777498949738406656,0.006193345878273249,0.01156910322606564,-1.63565456867218
1777498949748204544,0.00566269364207983,0.0105827646329999,-1.635045528411865
1777498949757983488,0.005405576433986425,0.009107488207519054,-1.63451087474823
1777498949768208128,0.006324919871985912,0.008783368393778801,-1.634074211120605
1777498949778412800,0.006734983995556831,0.00720689445734024,-1.633549928665161
1777498949788598272,0.006428033579140902,0.006008567754179239,-1.632833957672119
1777498949798764800,0.006521312985569239,0.00439010513946414,-1.63205099105835
1777498949808911360,0.006293683778494596,0.0042918361723423,-1.631371378898621
1777498949819038464,0.006046369671821594,0.00370155624113977,-1.630702018737793
1777498949829145600,0.005790598690509796,0.003122392576187849,-1.630118131637573
1777498949839233280,0.005834007170051336,0.002383766695857048,-1.629607558250427
1777498949849300992,0.005660454276949167,0.002087576314806938,-1.629220604896545
1777498949859348992,0.005720151122659445,0.001886708079837263,-1.62886369228363
1777498949869377280,0.005712740588933229,0.001779280719347298,-1.628493428230286
1777498949879386624,0.005665945820510387,0.001854344736784697,-1.628170490264893
1777498949889376768,0.006052239332348108,0.001657970016822219,-1.627815842628479
1777498949899347200,0.006213964894413948,0.001883292221464217,-1.627459168434143
1777498949909298176,0.006477720569819212,0.001981690060347319,-1.627071976661682
1777498949919229696,0.006598644889891148,0.002288219286128879,-1.626631498336792
1777498949929141504,0.006608374416828156,0.002349709393456578,-1.626137256622314
1777498949939033856,0.006585163064301014,0.002499134745448828,-1.625608801841736
1777498949948910336,0.006030912511050701,0.002558209933340549,-1.624999046325684
1777498949958770688,0.00583990104496479,0.002901581581681967,-1.624330639839172
1777498949968611840,0.005590664688497782,0.003103010123595595,-1.623594999313354
1777498949978433536,0.005263316910713911,0.003395066130906343,-1.62288224697113
1777498949988236288,0.004895498044788837,0.003730848897248507,-1.622192621231079
1777498949998019840,0.004553493577986956,0.004181320313364267,-1.621540546417236
1777498950008245760,0.004080471117049456,0.005029090214520693,-1.62094521522522
1777498950018451968,0.003601338248699903,0.005685714539140463,-1.620402693748474
1777498950028638720,0.003307128557935357,0.006470908410847187,-1.619905233383179
1777498950038806016,0.00315158860757947,0.007235760800540447,-1.619480848312378
1777498950048954112,0.002794634783640504,0.008162661455571651,-1.619160532951355
1777498950059082752,0.002940685953944921,0.009301941841840744,-1.618965029716492
1777498950069191424,0.002983336104080081,0.01013691071420908,-1.618858695030212
1777498950079280896,0.003284182166680694,0.01084105204790831,-1.618757367134094
1777498950089350656,0.003669942496344447,0.01129140704870224,-1.618669033050537
1777498950099400704,0.003708842908963561,0.01185910496860743,-1.618636131286621
1777498950109431296,0.003959860187023878,0.01238900143653154,-1.618607759475708
1777498950119442688,0.003941686823964119,0.01287695951759815,-1.618598937988281
1777498950129435136,0.003803105559200048,0.01280090399086475,-1.618586659431458
1777498950139408128,0.00353113398887217,0.0125619312748313,-1.618311882019043
1777498950149361664,0.003085779957473278,0.01195361465215683,-1.617960333824158
1777498950159300352,0.002719619078561664,0.01175829954445362,-1.617673635482788
1777498950169219840,0.001955906162038445,0.0113650830462575,-1.617397785186768
1777498950179120128,0.001719405292533338,0.01130765490233898,-1.617227673530579
1777498950189000960,0.001919314498081803,0.01061023771762848,-1.617182612419128
1777498950198862848,0.001824024948291481,0.009992776438593864,-1.617161273956299
1777498950208705280,0.001835711766034365,0.008976384066045284,-1.617200255393982
1777498950218528768,0.00183555600233376,0.00839418638497591,-1.617403626441956
1777498950228332800,0.001803679391741753,0.007523397449404001,-1.617632150650024
1777498950238117888,0.001422473695129156,0.00665750727057457,-1.617902994155884
1777498950248118784,0.001558962394483387,0.00565992621704936,-1.618160486221313
1777498950258334720,0.001723844208754599,0.004939381964504719,-1.61851704120636
1777498950268530176,0.002121313475072384,0.003987631294876337,-1.618929982185364
1777498950278705920,0.002613267628476024,0.003102608723565936,-1.619385480880737
1777498950288862464,0.002996490336954594,0.0021828836761415,-1.619885444641113
1777498950298999296,0.003318505827337503,0.001366997137665749,-1.620389461517334
1777498950309116160,0.003024583216756582,0.0005848058499395847,-1.620907187461853
1777498950319213312,0.002627535024657845,-4.337925929576159e-05,-1.62143874168396
1777498950329291008,0.002053056377917528,-0.0006003837333992124,-1.622003197669983
1777498950339349248,0.001434443634934723,-0.0009431274374946952,-1.622605323791504
1777498950349388032,0.001027803053148091,-0.00131825846619904,-1.623300909996033
1777498950359407360,0.0009589477558620274,-0.001589874387718737,-1.62408709526062
1777498950369407488,0.001154572586528957,-0.001819908618927002,-1.624969482421875
1777498950379388928,0.00159145996440202,-0.002235994674265385,-1.625946044921875
1777498950389351168,0.002099512610584497,-0.002319591818377376,-1.626961708068848
1777498950399293952,0.002532331738620996,-0.002702988684177399,-1.628061056137085
1777498950409220864,0.003003578633069992,-0.002712141256779432,-1.629149913787842
1777498950419128320,0.002984962658956647,-0.002969325752928853,-1.630285739898682
1777498950429016832,0.00293712574057281,-0.003052764805033803,-1.631409049034119
1777498950438886400,0.002587736118584871,-0.003209513844922185,-1.632559537887573
1777498950448737024,0.002348560839891434,-0.003469904419034719,-1.633658528327942
1777498950458568448,0.002317292150110006,-0.00346907414495945,-1.634804368019104
1777498950468381184,0.002356847049668431,-0.003627650905400515,-1.636032938957214
1777498950478174464,0.002632320625707507,-0.003525677602738142,-1.637268662452698
1777498950488179712,0.002746923128142953,-0.003595581743866205,-1.638615846633911
1777498950498395392,0.002618577564135194,-0.003102960530668497,-1.639984130859375
1777498950508591104,0.002392924623563886,-0.002647029934450984,-1.641395926475525
1777498950518767616,0.001974207581952214,-0.002032697666436434,-1.642807483673096
1777498950528924416,0.001424266374669969,-0.001324001583270729,-1.644192576408386
1777498950539061248,0.001019120682030916,-0.0006025162292644382,-1.645485281944275
1777498950549177856,0.0006946402718313038,0.0006855371175333858,-1.646785378456116
1777498950559275008,0.0009488904033787549,0.001893077045679092,-1.64816951751709
1777498950569352448,0.001400249311700463,0.003169976873323321,-1.649683713912964
1777498950579410176,0.001858771545812488,0.004218895919620991,-1.651238441467285
1777498950589447936,0.002125415951013565,0.004992725793272257,-1.652789950370789
1777498950599466496,0.002467342652380466,0.006245353724807501,-1.654399156570435
1777498950609465600,0.002583716064691544,0.007207985036075115,-1.65600049495697
1777498950619444992,0.002513797022402287,0.008361862972378731,-1.657507658004761
1777498950629404928,0.002717247698456049,0.009175046347081661,-1.658998489379883
1777498950639345408,0.003275283379480243,0.009945560246706009,-1.660410165786743
1777498950649269504,0.003372933715581894,0.01036675740033388,-1.661714434623718
1777498950659176704,0.003470187075436115,0.01078184228390455,-1.662906289100647
1777498950669064704,0.00351437134668231,0.0110682649537921,-1.664025902748108
1777498950678933248,0.00326996180228889,0.01117342989891768,-1.664999485015869
1777498950688783104,0.003152362070977688,0.01097531616687775,-1.665827870368958
1777498950698613248,0.002640302525833249,0.0107242139056325,-1.66654109954834
1777498950708424448,0.002750791842117906,0.0106030972674489,-1.667210936546326
1777498950718216704,0.002763396129012108,0.01017280668020248,-1.667813062667847
1777498950728221696,0.00293928082101047,0.009484931826591492,-1.668334007263184
1777498950738439424,0.003530889982357621,0.008643490262329578,-1.668824434280396
1777498950748637696,0.00378384324721992,0.007659147959202528,-1.669267892837524
1777498950758817024,0.004131997004151344,0.00655395956709981,-1.669677019119263
1777498950768976384,0.004513836000114679,0.005314736161381006,-1.670019626617432
1777498950779116032,0.004846127238124609,0.004095232579857111,-1.670232892036438
1777498950789236736,0.005077756009995937,0.002581871580332518,-1.670339226722717
1777498950799337728,0.0049945586360991,0.001069492776878178,-1.670398592948914
1777498950809419520,0.004944908432662487,-0.0004599520761985332,-1.670332670211792
1777498950819481600,0.004630925133824348,-0.002059845020994544,-1.670117974281311
1777498950829523968,0.004218798596411943,-0.003383284900337458,-1.669806599617004
1777498950839549440,0.004033079836517572,-0.004787757061421871,-1.669434905052185
1777498950849556736,0.003670168574899435,-0.005973828490823507,-1.66900360584259
1777498950859544576,0.003636351320892572,-0.007104704156517982,-1.668547630310059
1777498950869512960,0.003455308498814702,-0.008232448250055313,-1.668148636817932
1777498950879462144,0.003528714878484607,-0.009049677290022373,-1.667656540870667
1777498950889392384,0.003451270516961813,-0.009922565892338753,-1.66718316078186
1777498950899303168,0.003582163248211145,-0.0105906305834651,-1.666722297668457
1777498950909194752,0.003904008772224188,-0.01120989490300417,-1.666191458702087
1777498950919067392,0.003905484220013022,-0.01157057657837868,-1.665673851966858
1777498950928921344,0.004408159758895636,-0.01177128031849861,-1.665125727653503
1777498950938756096,0.004952707327902317,-0.01191943697631359,-1.664533853530884
1777498950948571904,0.005665233824402094,-0.01179663557559252,-1.663822054862976
1777498950958368256,0.006189197767525911,-0.01166240125894547,-1.663079380989075
1777498950968145408,0.006432508118450642,-0.01144055370241404,-1.662232041358948
1777498950978363904,0.005832754075527191,-0.01068364921957254,-1.661282777786255
1777498950988562944,0.005231165327131748,-0.009930075146257877,-1.66010594367981
1777498950998742528,0.005241690669208765,-0.009842847473919392,-1.658904194831848
1777498951008903424,0.003876591799780726,-0.009702977724373341,-1.657780647277832
1777498951019044864,0.00257536955177784,-0.009283890947699547,-1.656652688980103
1777498951029166592,0.001940309768542647,-0.007787222974002361,-1.655657052993774
1777498951039268608,0.001987974159419537,-0.00677321245893836,-1.654770731925964
1777498951049351424,0.001646036398597062,-0.005774360150098801,-1.653953671455383
1777498951059415040,0.001713360426947474,-0.005077680572867393,-1.653134822845459
1777498951069459200,0.002014374593272805,-0.003444005036726594,-1.652516841888428
1777498951079485952,0.002365288091823459,-0.001673513441346586,-1.652010560035706
1777498951089495296,0.002524928655475378,-1.918384805321693e-05,-1.651455640792847
1777498951099485440,0.003079897724092007,0.00124819518532604,-1.650884389877319
1777498951109456384,0.003314287634566426,0.002554949605837464,-1.650341272354126
1777498951119408128,0.003694109385833144,0.004256977699697018,-1.649752378463745
1777498951129340672,0.004100327845662832,0.0059472331777215,-1.64910364151001
1777498951139253760,0.004314844962209463,0.007379842456430197,-1.64837384223938
1777498951149147648,0.004585343413054943,0.008391172625124454,-1.647521138191223
1777498951159022848,0.004523192532360554,0.009423637762665749,-1.646630167961121
1777498951168879360,0.004401677288115025,0.01050460059195757,-1.645681619644165
1777498951178716672,0.003753463970497251,0.01171908713877201,-1.644671201705933
1777498951188534784,0.003132220357656479,0.01251838356256485,-1.643595099449158
1777498951198333696,0.002504817442968488,0.01316628511995077,-1.642520070075989
1777498951208113664,0.002054180484265089,0.01367169432342052,-1.641442537307739
1777498951218338816,0.001702221925370395,0.01425088848918676,-1.640397906303406
1777498951228544256,0.001345067983493209,0.01489829085767269,-1.639396667480469
1777498951238729728,0.00123262673150748,0.01526426244527102,-1.638530611991882
1777498951248896000,0.001315882196649909,0.01559355296194553,-1.637728571891785
1777498951259042560,0.001296763424761593,0.01549755502492189,-1.63697350025177
1777498951269169408,0.001377241802401841,0.01557921804487705,-1.636313319206238
1777498951279276544,0.001533195259980857,0.01573830097913742,-1.635759115219116
1777498951289364224,0.001663938048295677,0.01570117101073265,-1.635311245918274
1777498951299431936,0.001936760148964822,0.01572840474545956,-1.634940147399902
1777498951309479936,0.002236294560134411,0.01534110587090254,-1.63460099697113
1777498951319508480,0.002571993041783571,0.01521911378949881,-1.634280800819397
1777498951329518080,0.002721708500757813,0.01490669418126345,-1.634050726890564
1777498951339507968,0.002801987575367093,0.014633534476161,-1.633852005004883
1777498951349478144,0.002758983289822936,0.01432800013571978,-1.633660554885864
1777498951359428864,0.002470399951562285,0.01391579397022724,-1.633561491966248
1777498951369360128,0.002669364912435412,0.01375735178589821,-1.633517980575562
1777498951379279104,0.002636617282405496,0.01342209428548813,-1.633556485176086
1777498951389178624,0.002595642581582069,0.01310598663985729,-1.633690237998962
1777498951399058944,0.002507009077817202,0.01258644089102745,-1.633846402168274
1777498951408920320,0.002607794944196939,0.01208906713873148,-1.633849382400513
1777498951418762240,0.002554218983277678,0.01165116298943758,-1.633769154548645
1777498951428585216,0.00250705424696207,0.01115156523883343,-1.63372802734375
1777498951438388992,0.002396639669314027,0.01127287652343512,-1.633707523345947
1777498951448173568,0.002453926019370556,0.01102771610021591,-1.633795976638794
1777498951458407936,0.00212423549965024,0.01107535138726234,-1.633867621421814
1777498951468622592,0.001902555231936276,0.01072989124804735,-1.633920907974243
1777498951478817792,0.00165154505521059,0.01078302413225174,-1.634012579917908
1777498951488993280,0.001685513649135828,0.01080301869660616,-1.634194254875183
1777498951499149312,0.001772529911249876,0.01088718976825476,-1.634384989738464
1777498951509286400,0.001881545875221491,0.01118366699665785,-1.634652972221375
1777498951519405312,0.0024064383469522,0.01145728770643473,-1.635003089904785
1777498951529504768,0.002987062558531761,0.01219242624938488,-1.635345578193665
1777498951539584768,0.003566265804693103,0.01255370676517487,-1.635681629180908
1777498951549645312,0.004085746128112078,0.01331854239106178,-1.635967254638672
1777498951559686400,0.004545197356492281,0.01393143553286791,-1.636249780654907
1777498951569708032,0.004918232094496489,0.01486905757337809,-1.636465668678284
1777498951579710208,0.005179390776902437,0.01599645428359509,-1.636622786521912
1777498951589693952,0.005572569090873003,0.01679602265357971,-1.636736154556274
1777498951599658752,0.005838123615831137,0.01793128252029419,-1.636782765388489
1777498951609604352,0.005985049996525049,0.01866097189486027,-1.636769652366638
1777498951619530496,0.005934597458690405,0.01974067464470863,-1.63663911819458
1777498951629437440,0.006047309841960669,0.02056206576526165,-1.636438250541687
1777498951639325184,0.006161645986139774,0.02142271585762501,-1.636159181594849
1777498951649197056,0.006356963887810707,0.02201197482645512,-1.635780215263367
1777498951659053568,0.006467318627983332,0.0224697794765234,-1.635324954986572
1777498951668890880,0.006497262045741081,0.0231199637055397,-1.634795427322388
1777498951678709248,0.006404882296919823,0.02348762378096581,-1.63416051864624
1777498951688508672,0.006531917024403811,0.02400554902851582,-1.633399248123169
1777498951698515712,0.006386715918779373,0.02383221499621868,-1.632569789886475
1777498951708730368,0.006112367380410433,0.02400292828679085,-1.631602048873901
1777498951718925312,0.005864699371159077,0.02395161427557468,-1.630559206008911
1777498951729101568,0.005642139352858067,0.02427559345960617,-1.629446983337402
1777498951739258112,0.005599940195679665,0.0241447240114212,-1.628272652626038
1777498951749395200,0.005834770854562521,0.02393587864935398,-1.627076029777527
1777498951759512576,0.005826895590871572,0.02367376163601875,-1.625864863395691
1777498951769610752,0.00620982563123107,0.02373742312192917,-1.624686360359192
1777498951779689216,0.006222000811249018,0.02390208095312119,-1.623520731925964
1777498951789747968,0.006123227998614311,0.02393455244600773,-1.622314929962158
1777498951799787520,0.006106228101998568,0.02404390834271908,-1.621052265167236
1777498951809810944,0.005734705831855536,0.02398877777159214,-1.619764804840088
1777498951819814912,0.005138891283422709,0.02425060793757439,-1.618464350700378
1777498951829799680,0.004638671409338713,0.02473252266645432,-1.617200374603271
1777498951839764992,0.004443629179149866,0.02552948892116547,-1.61604380607605
1777498951849711360,0.00458581605926156,0.02638005837798119,-1.614963054656982
1777498951859638272,0.004760344512760639,0.02707662805914879,-1.614015460014343
1777498951869545472,0.005058357957750559,0.02787109278142452,-1.613002061843872
1777498951879433472,0.005534150172024965,0.02848338894546032,-1.612038135528564
1777498951889303040,0.00588004058226943,0.02941759116947651,-1.61097526550293
1777498951899153664,0.005962671712040901,0.03026117943227291,-1.609933257102966
1777498951908984832,0.006381937302649021,0.03153584897518158,-1.608819603919983
1777498951918797056,0.006774044595658779,0.03220952674746513,-1.607680797576904
1777498951928590080,0.007114958483725786,0.03289487957954407,-1.606343984603882
1777498951938594304,0.00712827080860734,0.03311537951231003,-1.604838728904724
1777498951948809728,0.007059060037136078,0.03362173959612846,-1.603254675865173
1777498951959005440,0.006792966276407242,0.03392187878489494,-1.601499080657959
1777498951969182208,0.006306708790361881,0.03414276242256165,-1.599666595458984
1777498951979339264,0.006095255259424448,0.034244604408741,-1.597673773765564
1777498951989476352,0.00562711339443922,0.03436166420578957,-1.595617413520813
1777498951999593984,0.005172410514205694,0.03448428958654404,-1.593543887138367
1777498952009691648,0.004693443421274424,0.03465861082077026,-1.591425180435181
1777498952019769856,0.003934002947062254,0.03476789593696594,-1.589274525642395
1777498952029828352,0.003143538488075137,0.0349310114979744,-1.587120294570923
1777498952039867136,0.002645794535055757,0.03509223833680153,-1.58498203754425
1777498952049886976,0.002427615923807025,0.03523727506399155,-1.58290159702301
1777498952059888896,0.002278262050822377,0.03528992831707001,-1.580849647521973
1777498952069873152,0.002431131666526198,0.03530816733837128,-1.578859090805054
1777498952079838464,0.002483786549419165,0.03548478335142136,-1.576942682266235
1777498952089784320,0.002373906085267663,0.0356317013502121,-1.575053453445435
1777498952099711232,0.002041717758402228,0.03592029213905334,-1.573206901550293
1777498952109619200,0.00165230967104435,0.03617968782782555,-1.571480393409729
1777498952119507712,0.001440896652638912,0.03688832744956017,-1.569814682006836
1777498952129377024,0.0009999261237680912,0.03733788058161736,-1.568313598632812
1777498952139227648,0.0008474483038298786,0.03816455602645874,-1.566984295845032
1777498952149059328,0.000819582783151418,0.0386798195540905,-1.565839052200317
1777498952158872064,0.000867892405949533,0.03948130086064339,-1.56482994556427
1777498952168665856,0.001010502339340746,0.04010181128978729,-1.563998222351074
1777498952178440704,0.001297165406867862,0.04096147045493126,-1.563285112380981
1777498952188657408,0.001537656178697944,0.04152244701981544,-1.562629699707031
1777498952198854912,0.001839805045165122,0.04236358031630516,-1.562012195587158
1777498952209032448,0.002216423628851771,0.04299012944102287,-1.56143045425415
1777498952219190016,0.002612473908811808,0.04385966435074806,-1.560855984687805
1777498952229329664,0.003076847176998854,0.04444402828812599,-1.560225248336792
1777498952239449856,0.003405323252081871,0.0450708419084549,-1.559491872787476
1777498952249550080,0.003580913646146655,0.04548333957791328,-1.558608651161194
1777498952259631360,0.003669914323836565,0.04590790346264839,-1.5576092004776
1777498952269692928,0.003472107229754329,0.04606713727116585,-1.556500434875488
1777498952279735040,0.003200186416506767,0.04624982923269272,-1.555283904075623
1777498952289757696,0.003079833695665002,0.0463196374475956,-1.554041028022766
1777498952299760896,0.002879773499444127,0.04636503383517265,-1.55273449420929
1777498952309745152,0.002279189415276051,0.04623141512274742,-1.551388382911682
1777498952319709952,0.001857171067968011,0.04615164920687675,-1.550104856491089
1777498952329655040,0.001575043075717986,0.04605220258235931,-1.548816204071045
1777498952339580672,0.001171334297396243,0.04589580744504929,-1.547493457794189
1777498952349487104,0.0008965453016571701,0.045267503708601,-1.54616117477417
1777498952359373824,0.0009869701461866498,0.04487600922584534,-1.544926404953003
1777498952369241344,0.001285876263864338,0.04410688579082489,-1.543785572052002
1777498952379089408,0.001086709671653807,0.04317272454500198,-1.542608022689819
1777498952388919296,0.0006677178898826241,0.04220625385642052,-1.541457533836365
1777498952398733568,-5.160100772627629e-05,0.04169808328151703,-1.540317535400391
1777498952408532224,-0.0008433621842414141,0.04116690158843994,-1.539300203323364
1777498952418311936,-0.001312813255935907,0.04095568507909775,-1.538336038589478
1777498952428530432,-0.001669584307819605,0.04054922983050346,-1.537346959114075
1777498952438729728,-0.001947558601386845,0.04039387032389641,-1.53648829460144
1777498952448909824,-0.001847529085353017,0.04026604071259499,-1.535794496536255
1777498952459070976,-0.00153766677249223,0.04023891314864159,-1.53528892993927
1777498952469212416,-0.001326590310782194,0.04065929725766182,-1.534931421279907
1777498952479334912,-0.0009079678566195071,0.04068828001618385,-1.534691691398621
1777498952489437440,-0.0004656661476474255,0.04114788770675659,-1.534540414810181
1777498952499520768,-0.0001002136341412552,0.04125756397843361,-1.534415364265442
1777498952509584896,0.0001808997913030908,0.04155433550477028,-1.534331798553467
1777498952519629312,0.0004784511984325945,0.04162906110286713,-1.534249186515808
1777498952529654784,0.000683965627104044,0.04169942438602448,-1.534176588058472
1777498952539662592,0.0008302536443807185,0.0413486510515213,-1.534050464630127
1777498952549652480,0.000651495298370719,0.0409252755343914,-1.533903360366821
1777498952559623168,0.0003483452601358294,0.04037746042013168,-1.533717036247253
1777498952569574400,-0.0001564697886351496,0.03966580703854561,-1.533543825149536
1777498952579506944,-0.0008716590236872435,0.03891433402895927,-1.533375263214111
1777498952589420288,-0.001387480180710554,0.03806354850530624,-1.533236622810364
1777498952599314944,-0.001633205683901906,0.03709672391414642,-1.533178687095642
1777498952609190400,-0.001631042337976396,0.03604727610945702,-1.533172369003296
1777498952619047680,-0.001344558433629572,0.03492108732461929,-1.533238410949707
1777498952628885760,-0.001011164742521942,0.03378633409738541,-1.533389449119568
1777498952638704896,-0.0006380677223205566,0.03277518972754478,-1.533592939376831
1777498952648504832,-0.0003513953124638647,0.0317205898463726,-1.533863425254822
1777498952658285824,-0.0002828783763106912,0.03061948530375957,-1.534145832061768
1777498952668509440,-0.0002792697050608695,0.02951261214911938,-1.534432649612427
1777498952678713344,-0.0001711713121039793,0.02852964773774147,-1.534711360931396
1777498952688897536,-5.165197580936365e-05,0.02744463458657265,-1.534966230392456
1777498952699062016,5.772576696472242e-05,0.02638447843492031,-1.535165786743164
1777498952709208320,0.0003897933929692954,0.02525522001087666,-1.535316586494446
1777498952719334912,0.000733693246729672,0.0241191703826189,-1.535441398620605
1777498952729442304,0.0009225095855072141,0.02286688052117825,-1.535518884658813
1777498952739529728,0.000926776381675154,0.02165782265365124,-1.5355224609375
1777498952749597952,0.001010239357128739,0.02041012980043888,-1.535447001457214
1777498952759646464,0.0009415368549525738,0.01909950375556946,-1.535306930541992
1777498952769675264,0.0005010924069210887,0.01786644756793976,-1.535106182098389
1777498952779684864,0.0001270666980417445,0.01661421358585358,-1.53487503528595
1777498952789675520,-5.791184230474755e-05,0.01539378799498081,-1.534659385681152
1777498952799646720,-3.651105726021342e-05,0.01419442240148783,-1.534411311149597
1777498952809598464,0.0002992631925735623,0.01294741593301296,-1.534135222434998
1777498952819531008,0.0008467896259389818,0.01166461035609245,-1.53380823135376
1777498952829444096,0.001234259805642068,0.01050887908786535,-1.533434987068176
1777498952839337728,0.001262210891582072,0.009307807311415672,-1.532988786697388
1777498952849212672,0.001024594181217253,0.008176283910870552,-1.532455921173096
1777498952859068672,0.0007595252245664597,0.007072201929986477,-1.531835913658142
1777498952868909824,0.0005373297026380897,0.005924850702285767,-1.531112313270569
1777498952878734592,0.000446196150733158,0.004749965853989124,-1.53031325340271
1777498952888540672,0.000443109922343865,0.003685754491016269,-1.529480576515198
1777498952898327552,0.0002763838274404407,0.002644736785441637,-1.528634667396545
1777498952908552192,-9.121497714659199e-05,0.001713660662062466,-1.527803778648376
1777498952918757376,-0.0004783704353030771,0.0009054969996213913,-1.526995897293091
1777498952928943360,-0.0009095139685086906,0.0001434995501767844,-1.526197075843811
1777498952939109376,-0.001267692074179649,-0.0006730429013259709,-1.525404453277588
1777498952949255680,-0.001344748889096081,-0.001510008587501943,-1.524648904800415
1777498952959382528,-0.001250381115823984,-0.00238354061730206,-1.523940801620483
1777498952969490688,-0.0009303844417445362,-0.003329848172143102,-1.523264765739441
1777498952979579904,-0.0006771197658963501,-0.004384661093354225,-1.522614240646362
1777498952989649408,-0.0007549721631221473,-0.005514764226973057,-1.521999716758728
1777498952999699456,-0.001166738220490515,-0.006518026813864708,-1.521442770957947
1777498953009730048,-0.001752458047121763,-0.007453505881130695,-1.520902276039124
1777498953019741184,-0.002733961446210742,-0.008289104327559471,-1.52041494846344
1777498953029732608,-0.00344672123901546,-0.009051351808011532,-1.520052075386047
1777498953039704832,-0.00364466686733067,-0.009523192420601845,-1.519788503646851
1777498953049657600,-0.003657878376543522,-0.01005623582750559,-1.519628643989563
1777498953059591168,-0.003138765459880233,-0.01035268977284431,-1.51963210105896
1777498953069505024,-0.002248760312795639,-0.01048657018691301,-1.519681572914124
1777498953079399680,-0.001536212163046002,-0.01051069051027298,-1.519709467887878
1777498953089275392,-0.001009263680316508,-0.01046632323414087,-1.519745945930481
1777498953099131392,-0.0004973883042111993,-0.01026319712400436,-1.519778370857239
1777498953108968192,-0.0003501190221868455,-0.01015755720436573,-1.51978862285614
1777498953118785792,-0.0002994337992276996,-0.009856774471700191,-1.519780397415161
1777498953128584704,-0.0002804443938657641,-0.009775172919034958,-1.519764423370361
1777498953138365184,-0.0004052766307722777,-0.009698040783405304,-1.519691109657288
1777498953148363776,-0.0004463375662453473,-0.009855184704065323,-1.519619345664978
1777498953158579968,-0.000534237187821418,-0.01002423372119665,-1.519565224647522
1777498953168776448,-0.0007738402346149087,-0.01023783907294273,-1.519508242607117
1777498953178952960,-0.001110878889448941,-0.0103520667180419,-1.519470810890198
1777498953189109760,-0.001448691473342478,-0.01049105823040009,-1.519489288330078
1777498953199247360,-0.001790351350791752,-0.01051442418247461,-1.519529581069946
1777498953209366528,-0.002134091220796108,-0.01057714316993952,-1.519612550735474
1777498953219465984,-0.002350622322410345,-0.0106653980910778,-1.519758939743042
1777498953229546240,-0.002481166273355484,-0.01078239548951387,-1.519946813583374
1777498953239607040,-0.002500090515241027,-0.01119039766490459,-1.520183086395264
1777498953249648640,-0.002435455564409494,-0.01170610170811415,-1.52049446105957
1777498953259670528,-0.002256772480905056,-0.01240661926567554,-1.520893454551697
1777498953269672960,-0.001107218326069415,-0.01283238269388676,-1.521352529525757
1777498953279655936,0.0006479771691374481,-0.01314992737025023,-1.522082209587097
1777498953289620480,0.0007785468478687108,-0.01380440313369036,-1.522793531417847
1777498953299565568,0.0004643882566597313,-0.01417952496558428,-1.523483872413635
1777498953309491712,0.001207467750646174,-0.01370087545365095,-1.524141550064087
1777498953319398400,0.001935091451741755,-0.01377023104578257,-1.524741053581238
1777498953329289472,0.002056985627859831,-0.01410084869712591,-1.525178909301758
1777498953339161600,0.001636343426071107,-0.01453807950019836,-1.525375604629517
1777498953349014272,0.001093370839953423,-0.01425559725612402,-1.525491118431091
1777498953358848000,0.0007855954463593662,-0.01428692787885666,-1.525593400001526
1777498953368662272,0.001247185165993869,-0.01414445508271456,-1.525780439376831
1777498953378457344,0.0006459345459006727,-0.01445334404706955,-1.525997877120972
1777498953388463360,0.000600782863330096,-0.01394533179700375,-1.526349782943726
1777498953398679296,0.0004455920425243676,-0.01420487742871046,-1.526762127876282
1777498953408875520,0.0003415427636355162,-0.01462894305586815,-1.52723240852356
1777498953419052544,0.001041209907270968,-0.01440561469644308,-1.527708172798157
1777498953429209600,0.001236793701536953,-0.01446015574038029,-1.528156995773315
1777498953439347200,0.001122361281886697,-0.01454994548112154,-1.528494238853455
1777498953449464832,0.0009608138934709132,-0.01459965109825134,-1.528778791427612
1777498953459562752,0.0009280971717089415,-0.01486265566200018,-1.52908992767334
1777498953469640960,0.001102707115933299,-0.01456043403595686,-1.529339790344238
1777498953479699712,0.001404450857080519,-0.01468848157674074,-1.529425024986267
1777498953489738752,0.00134068715851754,-0.01471641566604376,-1.529346942901611
1777498953499760384,0.001477232086472213,-0.01489515788853168,-1.529075384140015
1777498953509763840,0.001658698543906212,-0.0147690586745739,-1.528704404830933
1777498953519747584,0.001189075410366058,-0.01489914860576391,-1.52837860584259
1777498953529712128,0.001194893848150969,-0.01461546588689089,-1.528316140174866
1777498953539657216,0.001640065922401845,-0.01463552936911583,-1.528428077697754
1777498953549583104,0.001343625597655773,-0.01444900128990412,-1.528552293777466
1777498953559489536,0.001426895847544074,-0.01467797253280878,-1.528589606285095
1777498953569376768,0.001517961267381907,-0.01464948151260614,-1.528546571731567
1777498953579244800,0.001656873966567218,-0.01479313708841801,-1.528480768203735
1777498953589093888,0.001747605972923338,-0.01480427663773298,-1.52840781211853
1777498953598923776,0.001784947933629155,-0.01482983306050301,-1.528395295143127
1777498953608734208,0.001744445646181703,-0.01497088093310595,-1.52843189239502
1777498953618525440,0.001812213216908276,-0.01489898283034563,-1.528498530387878
1777498953628297728,0.001985624898225069,-0.01494611147791147,-1.528579711914062
1777498953638514432,0.002004637848585844,-0.01497258804738522,-1.528605461120605
1777498953648711168,0.001885770936496556,-0.01496564317494631,-1.528559446334839
1777498953658887936,0.001871769200079143,-0.01495488453656435,-1.528501391410828
1777498953669045760,0.001995545113459229,-0.01497225556522608,-1.52846622467041
1777498953679184640,0.002040199004113674,-0.01500235218554735,-1.52842378616333
1777498953689303552,0.002124620601534843,-0.01510917395353317,-1.528397083282471
1777498953699403264,0.002111246576532722,-0.01513400115072727,-1.528376579284668
1777498953709483264,0.002151600550860167,-0.01510477811098099,-1.528390765190125
1777498953719544064,0.002136456314474344,-0.01509799063205719,-1.528428316116333
1777498953729585664,0.001960087334737182,-0.01509748678654432,-1.52850329875946
1777498953739607808,0.002103715436533093,-0.01507664564996958,-1.528591871261597
1777498953749611008,0.002133748959749937,-0.01517560891807079,-1.528630375862122
1777498953759595264,0.002137839794158936,-0.01512832753360271,-1.528668761253357
1777498953769559808,0.002322257496416569,-0.01521616615355015,-1.528672337532043
1777498953779504896,0.00231480598449707,-0.01520412974059582,-1.52862274646759
1777498953789430528,0.002219471847638488,-0.01519119553267956,-1.528572678565979
1777498953799341824,0.002217066008597612,-0.01517640147358179,-1.528529405593872
1777498953809233920,0.002226645592600107,-0.01516514178365469,-1.528494954109192
1777498953819107072,0.002243952127173543,-0.01514508854597807,-1.528464674949646
1777498953828961280,0.002289688214659691,-0.01520201843231916,-1.528451085090637
1777498953838796544,0.002279412001371384,-0.0152058769017458,-1.528469562530518
1777498953848612608,0.002249687910079956,-0.01522056944668293,-1.528496265411377
1777498953858409472,0.002198584377765656,-0.01523028500378132,-1.528519988059998
1777498953868187392,0.002117827767506242,-0.01521748211234808,-1.528542757034302
1777498953878406144,0.002116528572514653,-0.01522133965045214,-1.528553009033203
1777498953888605440,0.002127370564267039,-0.01524937618523836,-1.528549909591675
1777498953898785536,0.002108101267367601,-0.01526746526360512,-1.52854323387146
1777498953908945920,0.002116883639246225,-0.01528177317231894,-1.528544783592224
1777498953919087104,0.00212511233985424,-0.01526451483368874,-1.528542399406433
1777498953929208320,0.002105556894093752,-0.01525951363146305,-1.528536915779114
1777498953939310336,0.002107398118823767,-0.01524715963751078,-1.528528690338135
1777498953949393408,0.002123058307915926,-0.01524663995951414,-1.52852725982666
1777498953959458048,0.00214203679934144,-0.01523047592490911,-1.528537750244141
1777498953969503232,0.002163048135116696,-0.0152240851894021,-1.528554677963257
1777498953979528704,0.002171167870983481,-0.01521688513457775,-1.528571844100952
1777498953989534976,0.002179866656661034,-0.01521164178848267,-1.52859091758728
1777498953999522048,0.00217418116517365,-0.01520712673664093,-1.528608918190002
1777498954009489664,0.002170412102714181,-0.01520418096333742,-1.528615117073059
1777498954019437568,0.002166825579479337,-0.0151975080370903,-1.528627157211304
1777498954029366784,0.002151275519281626,-0.01519691199064255,-1.528648257255554
1777498954039276288,0.002130783163011074,-0.01518783718347549,-1.528671622276306
1777498954049166592,0.002116899006068707,-0.01516789197921753,-1.528705716133118
1777498954059037696,0.00210094079375267,-0.01515280548483133,-1.528740406036377
1777498954068889344,0.002082368126139045,-0.01513609103858471,-1.528769135475159
1777498954078722048,0.002071587136015296,-0.0151213938370347,-1.528804302215576
1777498954088535296,0.002052928321063519,-0.01510847918689251,-1.528840065002441
1777498954098329600,0.002031942363828421,-0.01508896797895432,-1.528870940208435
1777498954108105472,0.002005212008953094,-0.01507756114006042,-1.528915047645569
1777498954118330624,0.001976595493033528,-0.01506421808153391,-1.528966069221497
1777498954128535808,0.00195551454089582,-0.01504748687148094,-1.529024720191956
1777498954138721536,0.001926222583279014,-0.01503585465252399,-1.529093623161316
1777498954148888064,0.001869537867605686,-0.01501532830297947,-1.529176831245422
1777498954159034880,0.001814224990084767,-0.01498590502887964,-1.529285311698914
1777498954169162240,0.001777275814674795,-0.01496840827167034,-1.529406070709229
1777498954179269888,0.00183943088632077,-0.01489550899714231,-1.529484987258911
1777498954189358336,0.001750581781379879,-0.01492383703589439,-1.52950656414032
1777498954199428608,0.001808850909583271,-0.0149259502068162,-1.529530644416809
1777498954209479168,0.001879102434031665,-0.01502201426774263,-1.529528498649597
1777498954219510784,0.001864397898316383,-0.01502171810716391,-1.52942943572998
1777498954229522432,0.001889467937871814,-0.01500499062240124,-1.529254794120789
1777498954239514880,0.001850355300121009,-0.01491927728056908,-1.529086232185364
1777498954249487616,0.002006975468248129,-0.01495875231921673,-1.528982877731323
1777498954259441152,0.002053746720775962,-0.01494445651769638,-1.528851747512817
1777498954269375232,0.002060809871181846,-0.01511397957801819,-1.528714537620544
1777498954279290368,0.002121376106515527,-0.01493407692760229,-1.528656482696533
1777498954289186560,0.002099861856549978,-0.01503365021198988,-1.528639435768127
1777498954299063040,0.002042353386059403,-0.01492685917764902,-1.52863073348999
1777498954308920064,0.002155609196051955,-0.01499869301915169,-1.528627276420593
1777498954318757888,0.002093895105645061,-0.0149926682934165,-1.528606534004211
1777498954328576768,0.002075269352644682,-0.01502183359116316,-1.528631925582886
1777498954338376192,0.002066971734166145,-0.01503034587949514,-1.52874231338501
1777498954348156672,0.002036767546087503,-0.0150093762204051,-1.52883517742157
1777498954358390784,0.001993088284507394,-0.01499691419303417,-1.528889060020447
1777498954368604928,0.001922058989293873,-0.01502308342605829,-1.528955817222595
1777498954378799872,0.001919747446663678,-0.01502888835966587,-1.529072284698486
1777498954388974848,0.001937033724971116,-0.01501555740833282,-1.529164671897888
1777498954399130368,0.001914113759994507,-0.01498438604176044,-1.529170036315918
1777498954409265664,0.001937999739311635,-0.01502178329974413,-1.52914822101593
1777498954419381504,0.001957830041646957,-0.01501754019409418,-1.529132485389709
1777498954429479168,0.00191819982137531,-0.01497972011566162,-1.529106020927429
1777498954439558144,0.001935263979248703,-0.01498525217175484,-1.529050588607788
1777498954449617664,0.001989724580198526,-0.01499870885163546,-1.529000759124756
1777498954459658496,0.002019030740484595,-0.01502731628715992,-1.52894115447998
1777498954469680384,0.002008958254009485,-0.0149869192391634,-1.528890371322632
1777498954479682816,0.002042161533609033,-0.01499942131340504,-1.52886176109314
1777498954489665792,0.00204508239403367,-0.01498370058834553,-1.528839468955994
1777498954499629568,0.002028401242569089,-0.0149929141625762,-1.528822302818298
1777498954509574144,0.002035638084635139,-0.01500056125223637,-1.528830766677856
1777498954519499776,0.002048237016424537,-0.01500662975013256,-1.528843522071838
1777498954529406208,0.002047562506049871,-0.01501859817653894,-1.528843760490417
1777498954539293440,0.002037441823631525,-0.01500518899410963,-1.528852462768555
1777498954549161216,0.002026131609454751,-0.01500600576400757,-1.528881072998047
1777498954559010048,0.001997004263103008,-0.01499134488403797,-1.528918027877808
1777498954568839680,0.001999191241338849,-0.01500549167394638,-1.528949379920959
1777498954578650368,0.001997161423787475,-0.01500192936509848,-1.528961777687073
1777498954588442368,0.00200611399486661,-0.01501179672777653,-1.528977274894714
1777498954598445824,0.001990379532799125,-0.01500310376286507,-1.52898907661438
1777498954608659968,0.001981542678549886,-0.01499772910028696,-1.528987407684326
1777498954618854144,0.001980776432901621,-0.01499626599252224,-1.528985977172852
1777498954629029888,0.001991835422813892,-0.01500063296407461,-1.528982162475586
1777498954639185920,0.001993719954043627,-0.01500671729445457,-1.528973340988159
1777498954649322240,0.002000204287469387,-0.01501229405403137,-1.528960466384888
1777498954659439360,0.002020509447902441,-0.01501447521150112,-1.528951406478882
1777498954669536768,0.002013530815020204,-0.01500291656702757,-1.528946757316589
1777498954679614976,0.002013253979384899,-0.01499554608017206,-1.528944373130798
1777498954689673472,0.002006083959713578,-0.01498717255890369,-1.528958439826965
1777498954699716352,0.002016610000282526,-0.01499802526086569,-1.528972268104553
1777498954709739776,0.002013149671256542,-0.01499821245670319,-1.528984665870667
1777498954719744768,0.002018208149820566,-0.0149955041706562,-1.528988122940063
1777498954729730304,0.002011084230616689,-0.01498507987707853,-1.528985500335693
1777498954739696640,0.002012509386986494,-0.01498136669397354,-1.528975129127502
1777498954749643776,0.002002026420086622,-0.01498216670006514,-1.528967022895813
1777498954759571968,0.002000112319365144,-0.01498346496373415,-1.52896249294281
1777498954769480960,0.001999155152589083,-0.01499483734369278,-1.528963923454285
1777498954779371264,0.001998622203245759,-0.01499558612704277,-1.528961777687073
1777498954789242368,0.002004751237109303,-0.01499020867049694,-1.52895987033844
1777498954799094272,0.002007994335144758,-0.01499243080615997,-1.528966069221497
1777498954808927232,0.00200023758225143,-0.01500061433762312,-1.528968691825867
1777498954818740992,0.00200039497576654,-0.01500292401760817,-1.528965950012207
1777498954828535808,0.002004108624532819,-0.01500631961971521,-1.528956770896912
1777498954838541056,0.002016403712332249,-0.01500122714787722,-1.528950810432434
1777498954848756224,0.002018409315496683,-0.01500372961163521,-1.528949618339539
1777498954858952448,0.002018059138208628,-0.01499453000724316,-1.528956294059753
1777498954869128960,0.002010688185691833,-0.01499658823013306,-1.5289705991745
1777498954879285760,0.002015185542404652,-0.01499119959771633,-1.528983354568481
1777498954889422592,0.002017420018091798,-0.01499172858893871,-1.528994798660278
1777498954899539968,0.002014614874497056,-0.01498203910887241,-1.529003262519836
1777498954909637888,0.002018209081143141,-0.01498090289533138,-1.52900218963623
1777498954919716352,0.002016018843278289,-0.01498020440340042,-1.529001116752625
1777498954929775104,0.002017899882048368,-0.01498129405081272,-1.528994083404541
1777498954939814400,0.002019226085394621,-0.01499176025390625,-1.528988480567932
1777498954949838336,0.002023422857746482,-0.01499351765960455,-1.528984189033508
1777498954959843072,0.002022514818236232,-0.01499661710113287,-1.528976559638977
1777498954969828608,0.002028237096965313,-0.01500013936311007,-1.52897310256958
1777498954979794688,0.002031894167885184,-0.01500003691762686,-1.528978705406189
1777498954989741824,0.002033479046076536,-0.01500157918781042,-1.52898371219635
1777498954999669504,0.002035430166870356,-0.01500910706818104,-1.528987288475037
1777498955009577984,0.002033720724284649,-0.01500524207949638,-1.528991103172302
1777498955019467264,0.00203574332408607,-0.01500342786312103,-1.528992772102356
1777498955029338112,0.002036808524280787,-0.01499966159462929,-1.528991341590881
1777498955039189760,0.00204603816382587,-0.01500052679330111,-1.528992891311646
1777498955049022464,0.002042760839685798,-0.0149975772947073,-1.528991341590881
1777498955058835968,0.002041086321696639,-0.01500135473906994,-1.528993964195251
1777498955068630528,0.002043115440756083,-0.01500288769602776,-1.52899158000946
1777498955078636800,0.002046384382992983,-0.01500463020056486,-1.52898907661438
1777498955088854016,0.00204961490817368,-0.01499963458627462,-1.528988838195801
1777498955099051008,0.002048401162028313,-0.01499802153557539,-1.528991222381592
1777498955109228288,0.002051753224804997,-0.01499674934893847,-1.528988122940063
1777498955119386880,0.002051095943897963,-0.01500925794243813,-1.528988480567932
1777498955129526016,0.002054860349744558,-0.01501253712922335,-1.528984308242798
1777498955139645696,0.002063935156911612,-0.01500742603093386,-1.528980016708374
1777498955149745408,0.002066081622615457,-0.01500034052878618,-1.528977870941162
1777498955159826176,0.00206984905526042,-0.01499625388532877,-1.52898108959198
1777498955169887232,0.002070590388029814,-0.01499625667929649,-1.52898895740509
1777498955179928576,0.00206819036975503,-0.0149981826543808,-1.528990864753723
1777498955189950976,0.002064143307507038,-0.01498909201472998,-1.52898907661438
1777498955199954432,0.002068971982225776,-0.01498924288898706,-1.528992414474487
1777498955209938688,0.002070105401799083,-0.01498751621693373,-1.52898907661438
1777498955219903488,0.002075320342555642,-0.01498715486377478,-1.528984427452087
1777498955229853696,0.00207224115729332,-0.01498594041913748,-1.528982520103455
1777498955239784960,0.002068431815132499,-0.01498730387538671,-1.528982639312744
1777498955249697024,0.002069571288302541,-0.01499711629003286,-1.528986573219299
1777498955259590656,0.002066879067569971,-0.01500057801604271,-1.528981447219849
1777498955269465600,0.002067312831059098,-0.01499612163752317,-1.528980851173401
1777498955279321344,0.002067976864054799,-0.01500198617577553,-1.528980255126953
1777498955289157888,0.002070949180051684,-0.0150022991001606,-1.528977394104004
1777498955298975488,0.002083757426589727,-0.01500501856207848,-1.528980016708374
1777498955308774912,0.002091756789013743,-0.01500971615314484,-1.528978943824768
1777498955318555136,0.002087932545691729,-0.01500990148633718,-1.528981328010559
1777498955328773376,0.002089918125420809,-0.01501057017594576,-1.528988361358643
1777498955338972160,0.002087977016344666,-0.01501368265599012,-1.528992533683777
1777498955349151488,0.002089114859700203,-0.0150144137442112,-1.528994798660278
1777498955359311872,0.002094981493428349,-0.01501377485692501,-1.528995871543884
1777498955369452544,0.002093307208269835,-0.01501180045306683,-1.528995752334595
1777498955379574016,0.002093644347041845,-0.01501135062426329,-1.528996229171753
1777498955389675776,0.002102177124470472,-0.01501763705164194,-1.528992533683777
1777498955399758336,0.002101441379636526,-0.015020408667624,-1.528993010520935
1777498955409820928,0.002106606028974056,-0.01503230258822441,-1.528990507125854
1777498955419864320,0.002115188399329782,-0.0150332422927022,-1.528989672660828
1777498955429888256,0.002115885028615594,-0.01503041200339794,-1.528990626335144
1777498955439893504,0.002119294367730618,-0.01502473652362823,-1.528996109962463
1777498955449881088,0.002126033417880535,-0.01502844225615263,-1.528994798660278
1777498955459851264,0.00213438575156033,-0.01502447389066219,-1.528995752334595
1777498955469802240,0.002136517316102982,-0.01502503734081984,-1.528998613357544
1777498955479734016,0.002135195536538959,-0.01502529066056013,-1.529005408287048
1777498955489646592,0.002133985282853246,-0.01502485852688551,-1.529004216194153
1777498955499540224,0.002132747555151582,-0.01502831652760506,-1.52900493144989
1777498955509414400,0.002138450741767883,-0.01502394769340754,-1.529001593589783
1777498955519269632,0.002136485418304801,-0.01502249110490084,-1.52899956703186
1777498955529105664,0.002135326387360692,-0.01502415165305138,-1.528993725776672
1777498955538923008,0.0021389399189502,-0.01502267178148031,-1.528994560241699
1777498955548721152,0.002145621227100492,-0.01502250041812658,-1.528994560241699
1777498955558500096,0.002144924364984035,-0.01503011211752892,-1.528993010520935
1777498955568719104,0.002147020772099495,-0.01502911653369665,-1.52899444103241
1777498955578918400,0.002149666659533978,-0.01503113936632872,-1.528993487358093
1777498955589097984,0.002151716966181993,-0.01503729447722435,-1.528995394706726
1777498955599258368,0.002155986148864031,-0.01503594312816858,-1.529002547264099
1777498955609399552,0.002150271786376834,-0.01503548584878445,-1.529009938240051
1777498955619520768,0.002150196582078934,-0.01504011079668999,-1.529016017913818
1777498955629622528,0.002152810106053948,-0.01503886282444,-1.529015421867371
1777498955639705088,0.002156008034944534,-0.01503285113722086,-1.52901029586792
1777498955649767936,0.00215771677903831,-0.01503671240061522,-1.529008507728577
1777498955659811328,0.002163428580388427,-0.01503118965774775,-1.529005885124207
1777498955669835008,0.002165255136787891,-0.01502450928092003,-1.528999090194702
1777498955679839232,0.002170115942135453,-0.01502966694533825,-1.528995633125305
1777498955689824000,0.002171913161873817,-0.01502511091530323,-1.52899444103241
1777498955699789312,0.002174109453335404,-0.01502323336899281,-1.528995633125305
1777498955709735168,0.002176234964281321,-0.01502134930342436,-1.528998494148254
1777498955719661568,0.002175130182877183,-0.01502062100917101,-1.528997182846069
1777498955729568768,0.002174543449655175,-0.01502153929322958,-1.528997659683228
1777498955739459328,0.002176190726459026,-0.01501217391341925,-1.528997182846069
1777498955749333504,0.002177112502977252,-0.01501489151269197,-1.529002666473389
1777498955759188736,0.002172840991988778,-0.01501216180622578,-1.529007792472839
1777498955769024768,0.002175103407353163,-0.01501177996397018,-1.52900230884552
1777498955778842368,0.002171664265915751,-0.01500552147626877,-1.528999924659729
1777498955788640768,0.00217705057002604,-0.01499931048601866,-1.528998374938965
1777498955798420224,0.002169760642573237,-0.01500114798545837,-1.529000520706177
1777498955808644864,0.002169626532122493,-0.01500554569065571,-1.528996467590332
1777498955818849792,0.002170652151107788,-0.01501470617949963,-1.528998494148254
1777498955829035520,0.002171661471948028,-0.01501635927706957,-1.528997898101807
1777498955839201280,0.002170044463127851,-0.01501690130680799,-1.528995871543884
1777498955849347840,0.002168723382055759,-0.01502662990242243,-1.528995513916016
1777498955859474688,0.002171168802306056,-0.01502357888966799,-1.528997182846069
1777498955869583104,0.002170332008972764,-0.01502558961510658,-1.528996467590332
1777498955879672832,0.002163495169952512,-0.01502250600606203,-1.528998851776123
1777498955889743104,0.002163225552067161,-0.01502586156129837,-1.529002666473389
1777498955899793920,0.002165885176509619,-0.01502268668264151,-1.529006004333496
1777498955909825280,0.002165059559047222,-0.0150205111131072,-1.52901017665863
1777498955919837696,0.002174230292439461,-0.01501917839050293,-1.529013991355896
1777498955929830400,0.00217587104998529,-0.01501514203846455,-1.529008865356445
1777498955939803904,0.002182820346206427,-0.01501339953392744,-1.529002904891968
1777498955949758464,0.002180027076974511,-0.01501527428627014,-1.529005289077759
1777498955959694080,0.002183948876336217,-0.01501595228910446,-1.529008030891418
1777498955969610496,0.002184855286031961,-0.01501703914254904,-1.529009938240051
1777498955979507456,0.0021739995572716,-0.01502284687012434,-1.52901029586792
1777498955989385216,0.002174848457798362,-0.01502396073192358,-1.529006838798523
1777498955999244032,0.002174971392378211,-0.01502236444503069,-1.529008626937866
1777498956009083392,0.002179014729335904,-0.0150233181193471,-1.529006481170654
1777498956018903808,0.002179114846512675,-0.01502368971705437,-1.529007434844971
1777498956028706048,0.002180663170292974,-0.01502659264951944,-1.529009222984314
1777498956038490112,0.002185467863455415,-0.0150250606238842,-1.529011130332947
1777498956048489984,0.002188178244978189,-0.01502366922795773,-1.529006600379944
1777498956058704896,0.002188780345022678,-0.01502267550677061,-1.529004693031311
1777498956068900352,0.002188325393944979,-0.01502309646457434,-1.529000878334045
1777498956079076096,0.0021934499964118,-0.01501866430044174,-1.528998255729675
1777498956089232384,0.002198781818151474,-0.01501710060983896,-1.528998255729675
1777498956099369216,0.002209375612437725,-0.01502168830484152,-1.528993248939514
1777498956109488384,0.002213987056165934,-0.01502268575131893,-1.528988599777222
1777498956119588096,0.002211499959230423,-0.01501506194472313,-1.528989911079407
1777498956129668096,0.0022184734698385,-0.01501483842730522,-1.528990507125854
1777498956139728384,0.002219962421804667,-0.01501357834786177,-1.528989553451538
1777498956149769472,0.002218998968601227,-0.01501357462257147,-1.528993129730225
1777498956159790848,0.00221974216401577,-0.01501661352813244,-1.528993129730225
1777498956169792512,0.002220140537247062,-0.01501840353012085,-1.528989195823669
1777498956179774976,0.002221383852884173,-0.01501694042235613,-1.52899181842804
1777498956189738496,0.002220662543550134,-0.01501698512583971,-1.528993010520935
1777498956199682560,0.002224696800112724,-0.01502512395381927,-1.528988838195801
1777498956209606912,0.002220540773123503,-0.01502437144517899,-1.52898371219635
1777498956219512064,0.002224093303084373,-0.01502528041601181,-1.528981685638428
1777498956229398016,0.00222430657595396,-0.01502826157957315,-1.528978943824768
1777498956239264512,0.002217741450294852,-0.01502361986786127,-1.528977155685425
1777498956249112064,0.00222321879118681,-0.01501795742660761,-1.528982520103455
1777498956258940160,0.002225367119535804,-0.01501263119280338,-1.528983592987061
1777498956268755968,0.002227362245321274,-0.01501309033483267,-1.528984665870667
1777498956278552832,0.002225523116067052,-0.0150110675022006,-1.528985261917114
1777498956288559616,0.002227014629170299,-0.01501348335295916,-1.528985142707825
1777498956298775552,0.002233405131846666,-0.01501213479787111,-1.528982043266296
1777498956308972032,0.002237022388726473,-0.0150120947510004,-1.528982996940613
1777498956319149312,0.002240210538730025,-0.01501601282507181,-1.528984546661377
1777498956329307136,0.002242010785266757,-0.01501512806862593,-1.528986930847168
1777498956339444992,0.002245704410597682,-0.01501365285366774,-1.528987050056458
1777498956349563648,0.002250536344945431,-0.01501636859029531,-1.528991103172302
1777498956359662848,0.002250414108857512,-0.01502471603453159,-1.528995275497437
1777498956369744128,0.002246530959382653,-0.01502117700874805,-1.528997182846069
1777498956379805440,0.002245830837637186,-0.01502055674791336,-1.529000639915466
1777498956389847296,0.002244116738438606,-0.01502629742026329,-1.529000878334045
1777498956399869696,0.002246333053335547,-0.01502348016947508,-1.529001712799072
1777498956409872384,0.002246019663289189,-0.01502078305929899,-1.529003024101257
1777498956419855616,0.002248843666166067,-0.01501926314085722,-1.529006481170654
1777498956429819392,0.002253308659419417,-0.01501914393156767,-1.529005527496338
1777498956439763456,0.002244912087917328,-0.0150216668844223,-1.529005169868469
1777498956449688576,0.002249084413051605,-0.01501675881445408,-1.529009342193604
1777498956459594496,0.002249871846288443,-0.01502225641161203,-1.529007196426392
1777498956469480960,0.002247477881610394,-0.01502763107419014,-1.529007434844971
1777498956479348224,0.002245598938316107,-0.01502866484224796,-1.52901017665863
1777498956489196288,0.002245089272037148,-0.0150305749848485,-1.529008507728577
1777498956499025152,0.002240658039227128,-0.01502854097634554,-1.529008984565735
1777498956508834816,0.002238178160041571,-0.01503442693501711,-1.529006481170654
1777498956518625536,0.002243410563096404,-0.01503143925219774,-1.529008865356445
1777498956528398080,0.002243600785732269,-0.01502573303878307,-1.529006600379944
1777498956538614528,0.00224150437861681,-0.0150292906910181,-1.529008746147156
1777498956548811264,0.002241692272946239,-0.01502509415149689,-1.529003620147705
1777498956558988544,0.002238828223198652,-0.01502771396189928,-1.529003977775574
1777498956569146624,0.00223742937669158,-0.01503265555948019,-1.529009580612183
1777498956579284992,0.002245130948722363,-0.01503702346235514,-1.529011249542236
1777498956589403648,0.002242217306047678,-0.01504090428352356,-1.529015064239502
1777498956599502336,0.002240416826680303,-0.0150413503870368,-1.529014229774475
1777498956609582080,0.002244922798126936,-0.01504815090447664,-1.529014348983765
1777498956619642112,0.002247679280117154,-0.01504912227392197,-1.529019236564636
1777498956629682432,0.00224452861584723,-0.0150554059073329,-1.529016852378845
1777498956639703040,0.002242577262222767,-0.01505558472126722,-1.529011845588684
1777498956649704448,0.002244008472189307,-0.01505603827536106,-1.529010415077209
1777498956659686400,0.002244759118184447,-0.01505470462143421,-1.529013514518738
1777498956669651200,0.002238389337435365,-0.01505440939217806,-1.529015302658081
1777498956679598336,0.002241494366899133,-0.01505511254072189,-1.529015302658081
1777498956689526528,0.002246228978037834,-0.01505491230636835,-1.529015898704529
1777498956699435520,0.002246168674901128,-0.01505281217396259,-1.52901566028595
1777498956709325312,0.002246873453259468,-0.01505074463784695,-1.529013276100159
1777498956719196160,0.002251917030662298,-0.01505786925554276,-1.529012560844421
1777498956729047808,0.002249466953799129,-0.0150549104437232,-1.529014468193054
1777498956738880256,0.002249531913548708,-0.01505547109991312,-1.52901291847229
1777498956748694016,0.002250505145639181,-0.01505757961422205,-1.529011964797974
1777498956758488832,0.002262499649077654,-0.01505616586655378,-1.529009699821472
1777498956768264704,0.002266349270939827,-0.01506128441542387,-1.529004693031311
1777498956778482688,0.002269830321893096,-0.01506986282765865,-1.529003024101257
1777498956788681216,0.002271737204864621,-0.01507526822388172,-1.529009342193604
1777498956798860032,0.002270468045026064,-0.01507736276835203,-1.529012680053711
1777498956809019648,0.002277073217555881,-0.0150818694382906,-1.529014706611633
1777498956819159296,0.002269774209707975,-0.01508683711290359,-1.529015302658081
1777498956829279744,0.002270483877509832,-0.01509006787091494,-1.529017686843872
1777498956839379968,0.002269856166094542,-0.01508864760398865,-1.529017686843872
1777498956849461248,0.002275105565786362,-0.0150878643617034,-1.529015898704529
1777498956859522816,0.00227367551997304,-0.01509393006563187,-1.529013514518738
1777498956869564416,0.00227194931358099,-0.01509707979857922,-1.529015064239502
1777498956879586560,0.002268958371132612,-0.01509451773017645,-1.529009103775024
1777498956889590016,0.002268587471917272,-0.01508856564760208,-1.52900755405426
1777498956899573760,0.002269612159579992,-0.01509175077080727,-1.529009342193604
1777498956909538304,0.002267867792397738,-0.01509497594088316,-1.52900505065918
1777498956919483392,0.002272558864206076,-0.0150913093239069,-1.529003620147705
1777498956929409024,0.002279857639223337,-0.01509329304099083,-1.528997182846069
1777498956939315200,0.00228979391977191,-0.01509164646267891,-1.52899706363678
1777498956949207808,0.002289570868015289,-0.01509262528270483,-1.528998732566833
1777498956959081472,0.002292886609211564,-0.01508965250104666,-1.529001355171204
1777498956968936192,0.002293049590662122,-0.01508717238903046,-1.52900230884552
1777498956978771968,0.002296820282936096,-0.01508351508527994,-1.529006004333496
1777498956988588800,0.00229565380141139,-0.01508329343050718,-1.529011368751526
1777498956998386688,0.002298354404047132,-0.01508470159024,-1.52901291847229
1777498957008165376,0.002306819893419743,-0.01508665271103382,-1.529013991355896
1777498957018389760,0.002303097164258361,-0.01507921237498522,-1.529012441635132
1777498957028594176,0.002301478059962392,-0.0150845143944025,-1.529009342193604
1777498957038779136,0.002299812156707048,-0.01508784852921963,-1.529016017913818
1777498957048945664,0.002303218934684992,-0.01508709136396646,-1.529017090797424
1777498957059092480,0.002308654831722379,-0.01509017590433359,-1.529019117355347
1777498957069219584,0.002310965908691287,-0.01509092561900616,-1.529020667076111
1777498957079327232,0.002312860451638699,-0.01508952397853136,-1.529020309448242
1777498957089415424,0.002308289287611842,-0.01508958172053099,-1.529021501541138
1777498957099483904,0.002313040662556887,-0.01509212143719196,-1.529022216796875
1777498957109533184,0.002315564546734095,-0.01509568374603987,-1.529022455215454
1777498957119563008,0.002315646037459373,-0.01509651727974415,-1.529024004936218
1777498957129577216,0.0023140215780586,-0.01509217452257872,-1.529023885726929
1777498957139572224,0.002315634395927191,-0.0150959063321352,-1.529028177261353
1777498957149547776,0.002313628559932113,-0.01509962789714336,-1.529027223587036
1777498957159503872,0.002313792007043958,-0.0150945633649826,-1.529029369354248
1777498957169440768,0.002307930961251259,-0.01509648188948631,-1.529030799865723
1777498957179357952,0.002311340998858213,-0.01509878318756819,-1.529031872749329
1777498957189255936,0.002311025513336062,-0.01509447582066059,-1.52902615070343
1777498957199134720,0.002311478136107326,-0.01509280409663916,-1.529029607772827
1777498957208994560,0.002311054384335876,-0.01508879475295544,-1.529037952423096
1777498957218835456,0.002305098343640566,-0.01509251724928617,-1.529032230377197
1777498957228656896,0.00230800686404109,-0.0150952422991395,-1.52903163433075
1777498957238459392,0.002308422001078725,-0.0150916576385498,-1.529033899307251
1777498957248242688,0.002312373137101531,-0.01509206648916006,-1.529033064842224
1777498957258467840,0.002314855111762881,-0.01509096845984459,-1.52902889251709
1777498957268673280,0.002314771292731166,-0.0150951910763979,-1.529028058052063
1777498957278859776,0.002323652151972055,-0.01510120928287506,-1.529027819633484
1777498957289026560,0.002318995539098978,-0.01510592550039291,-1.52903139591217
1777498957299173376,0.002315226476639509,-0.01510896347463131,-1.529030799865723
1777498957309300992,0.002313800854608417,-0.01510965265333652,-1.52903413772583
1777498957319408896,0.002318383427336812,-0.01511365082114935,-1.529037237167358
1777498957329498624,0.002317623235285282,-0.01511246338486671,-1.529037714004517
1777498957339569664,0.002324200933799148,-0.01510963775217533,-1.529040098190308
1777498957349621504,0.002324315020814538,-0.01510691549628973,-1.529037594795227
1777498957359654144,0.002321525011211634,-0.01510700676590204,-1.529041886329651
1777498957369667584,0.002327690832316875,-0.01510637439787388,-1.52904224395752
1777498957379662080,0.002337939571589231,-0.01510787010192871,-1.529042720794678
1777498957389637120,0.002340144012123346,-0.01510913483798504,-1.529041886329651
1777498957399592960,0.002343120519071817,-0.01510222256183624,-1.52903950214386
1777498957409529600,0.002339955419301987,-0.01510094571858644,-1.529035925865173
1777498957419447296,0.002341446932405233,-0.01509332004934549,-1.529038667678833
1777498957429346048,0.002345700515434146,-0.0150814326480031,-1.529041290283203
1777498957439225856,0.002355966484174132,-0.01508180052042007,-1.529041647911072
1777498957449086208,0.002347769681364298,-0.015080900862813,-1.529041767120361
1777498957458927616,0.002357274061068892,-0.0150840999558568,-1.529037952423096
1777498957468750080,0.002354111988097429,-0.01508285757154226,-1.529033422470093
1777498957478553344,0.002358026104047894,-0.0150824598968029,-1.529034018516541
1777498957488338432,0.002358643105253577,-0.01508244499564171,-1.52903139591217
1777498957498338816,0.002359879203140736,-0.01508227456361055,-1.52903938293457
1777498957508553216,0.002366302302107215,-0.01509071979671717,-1.529041767120361
1777498957518747648,0.002369300927966833,-0.01509369630366564,-1.529037594795227
1777498957528922624,0.002375622279942036,-0.01509424019604921,-1.529035449028015
1777498957539077632,0.002377946162596345,-0.01509138569235802,-1.529034495353699
1777498957549212928,0.002371544949710369,-0.01509496103972197,-1.529033422470093
1777498957559328512,0.002377307508140802,-0.01509803254157305,-1.529031872749329
1777498957569424896,0.002378421369940042,-0.01509819179773331,-1.5290287733078
1777498957579501312,0.002382242120802402,-0.01509765442460775,-1.52903163433075
1777498957589558528,0.002383264945819974,-0.01509728096425533,-1.529030561447144
1777498957599596032,0.002393855946138501,-0.01509836036711931,-1.529030680656433
1777498957609616896,0.002394306473433971,-0.01510237623006105,-1.529029607772827
1777498957619618816,0.002391861053183675,-0.01510514877736568,-1.529025793075562
1777498957629601280,0.002390458481386304,-0.01511001121252775,-1.52902626991272
1777498957639564288,0.002399144461378455,-0.01510657090693712,-1.529025673866272
1777498957649508608,0.002404148923233151,-0.01510687824338675,-1.529026389122009
1777498957659433728,0.002398625947535038,-0.01510342303663492,-1.529026865959167
1777498957669339392,0.002399957273155451,-0.01509835943579674,-1.5290287733078
1777498957679226112,0.002399124903604388,-0.0150982066988945,-1.529027342796326
1777498957689094400,0.002397350966930389,-0.01509969215840101,-1.529027938842773
1777498957698943488,0.002397529780864716,-0.01510135270655155,-1.52903139591217
1777498957708773632,0.002393475733697414,-0.01510383561253548,-1.529028296470642
1777498957718584576,0.002387459157034755,-0.0151059702038765,-1.529028058052063
1777498957728376576,0.002393404254689813,-0.01510811597108841,-1.529026031494141
1777498957738381056,0.002391207497566938,-0.01510996092110872,-1.529028296470642
1777498957748596992,0.00238873390480876,-0.01510702539235353,-1.529030442237854
1777498957758793472,0.002382933394983411,-0.01510268542915583,-1.529033780097961
1777498957768971520,0.002383441664278507,-0.01510428823530674,-1.529036045074463
1777498957779130368,0.002383837010711432,-0.01510727778077126,-1.529043197631836
1777498957789269760,0.002385722938925028,-0.01510505750775337,-1.529040098190308
1777498957799389952,0.002381532453000546,-0.01511255372315645,-1.529043793678284
1777498957809490944,0.002386253792792559,-0.01511587668210268,-1.5290447473526
1777498957819572224,0.002388586290180683,-0.01512126531451941,-1.529044151306152
1777498957829634048,0.00238745054230094,-0.01512069534510374,-1.529046535491943
1777498957839676416,0.002394297858700156,-0.01512180827558041,-1.529044270515442
1777498957849699328,0.002394452458247542,-0.01511785108596087,-1.52904486656189
1777498957859702784,0.00238870782777667,-0.01511977892369032,-1.529045820236206
1777498957869686784,0.00238741235807538,-0.01512507908046246,-1.5290447473526
1777498957879652096,0.002383004408329725,-0.01512219291180372,-1.529046297073364
1777498957889597952,0.002385148080065846,-0.01512223947793245,-1.529049515724182
1777498957899524352,0.002382065635174513,-0.01512208767235279,-1.529048442840576
1777498957909431296,0.002384381601586938,-0.01512107346206903,-1.529048204421997
1777498957919319040,0.002390579553321004,-0.01511790510267019,-1.529046893119812
1777498957929189888,0.002395802177488804,-0.01511981338262558,-1.529041886329651
1777498957939043840,0.002398611279204488,-0.01512210629880428,-1.52903687953949
1777498957948878848,0.002401822013780475,-0.01511640567332506,-1.529031276702881
1777498957958694400,0.002408450935035944,-0.01511398237198591,-1.529038429260254
1777498957968491520,0.002409529406577349,-0.0151132857427001,-1.529037952423096
1777498957978498560,0.002410279586911201,-0.01511108595877886,-1.529039978981018
1777498957988715264,0.002401467878371477,-0.01511311065405607,-1.529045462608337
1777498957998912512,0.00240449863485992,-0.01511467341333628,-1.529049277305603
1777498958009090304,0.002399440621957183,-0.01512173470109701,-1.529053688049316
1777498958019248384,0.002401736099272966,-0.01511861383914948,-1.529050588607788
1777498958029386752,0.00240781856700778,-0.01511743385344744,-1.52905809879303
1777498958039505408,0.002404110739007592,-0.01511952001601458,-1.529059290885925
1777498958049605120,0.002410003449767828,-0.01511125545948744,-1.529059052467346
1777498958059684864,0.002414041198790073,-0.01511286199092865,-1.529062867164612
1777498958069745152,0.002407072111964226,-0.01510769501328468,-1.529061436653137
1777498958079785728,0.002409210195764899,-0.01510578766465187,-1.529062986373901
1777498958089806848,0.00240858574397862,-0.01511050388216972,-1.529061794281006
1777498958099811584,0.002408543135970831,-0.01510403212159872,-1.52905809879303
1777498958109796864,0.002404668601229787,-0.01510399673134089,-1.529055595397949
1777498958119762688,0.002403261139988899,-0.01510363165289164,-1.529055714607239
1777498958129709056,0.002406495390459895,-0.01510718837380409,-1.529057264328003
1777498958139636480,0.002409579697996378,-0.01510411221534014,-1.529055595397949
1777498958149544448,0.00242252741008997,-0.01510178577154875,-1.529055714607239
1777498958159432960,0.002421668032184243,-0.01511055883020163,-1.529056429862976
1777498958169302016,0.002420716220512986,-0.01510667242109776,-1.529054403305054
1777498958179152384,0.002425638260319829,-0.01511446107178926,-1.529059052467346
1777498958188983808,0.002429428277537227,-0.015114676207304,-1.529057383537292
1777498958198796544,0.002430076012387872,-0.01511603221297264,-1.529059767723083
1777498958208589824,0.002435917966067791,-0.015115637332201,-1.529062271118164
1777498958218364160,0.002434041583910584,-0.01511528063565493,-1.52906596660614
1777498958228582656,0.002435626229271293,-0.01510829851031303,-1.529070019721985
1777498958238781952,0.002439420903101563,-0.01510913018137217,-1.529070734977722
1777498958248961792,0.002444039797410369,-0.01510830037295818,-1.529073238372803
1777498958259122176,0.002438810188323259,-0.01510361302644014,-1.529075741767883
1777498958269262848,0.002444283338263631,-0.01510580349713564,-1.529073476791382
1777498958279383552,0.002438065130263567,-0.01510994229465723,-1.529069542884827
1777498958289485568,0.002434569178149104,-0.01511098816990852,-1.529060125350952
1777498958299569408,0.002429141895845532,-0.01511681266129017,-1.5290607213974
1777498958309633792,0.002433076966553926,-0.01511257421225309,-1.529059886932373
1777498958319678720,0.002437108661979437,-0.0151110989972949,-1.52906060218811
1777498958329703936,0.00244203326292336,-0.01512036006897688,-1.529057741165161
1777498958339709952,0.002440046286210418,-0.01511802617460489,-1.529059886932373
1777498958349696256,0.002438672119751573,-0.01512113399803638,-1.52906346321106
1777498958359663104,0.002447542734444141,-0.01512335427105427,-1.529065608978271
1777498958369610496,0.002450794447213411,-0.01512186136096716,-1.529069423675537
1777498958379538944,0.002448147628456354,-0.01512351259589195,-1.529075503349304
1777498958389447680,0.002454007277265191,-0.01512699574232101,-1.52907919883728
1777498958399337472,0.002461223397403955,-0.01512526534497738,-1.529074907302856
1777498958409207552,0.002460657153278589,-0.01512503623962402,-1.529071807861328
1777498958419058176,0.002467546379193664,-0.01513234525918961,-1.529074907302856
1777498958428889856,0.002466451376676559,-0.01512969844043255,-1.529077649116516
1777498958438702592,0.002472016960382462,-0.01512582786381245,-1.529074668884277
1777498958448496384,0.00247242976911366,-0.01512841321527958,-1.529072403907776
1777498958458272256,0.002472536405548453,-0.01512118894606829,-1.529069185256958
1777498958468497408,0.002471066080033779,-0.01511492673307657,-1.529062867164612
1777498958478702848,0.002474913606420159,-0.01511553768068552,-1.529063701629639
1777498958488888576,0.002479871269315481,-0.01511853747069836,-1.529064059257507
1777498958499054336,0.002480444964021444,-0.01511712186038494,-1.5290687084198
1777498958509200896,0.00248191156424582,-0.01511761639267206,-1.529070973396301
1777498958519327744,0.002481139497831464,-0.01510718744248152,-1.529067993164062
1777498958529434880,0.002481661504134536,-0.01510637067258358,-1.529067635536194
1777498958539524352,0.002482667798176408,-0.01510070078074932,-1.529069304466248
1777498958549595904,0.002480668248608708,-0.01509738340973854,-1.529065608978271
1777498958559648256,0.00248402263969183,-0.01510344818234444,-1.52906322479248
1777498958569681152,0.002490292536094785,-0.01510028820484877,-1.529067635536194
1777498958579694848,0.002490409417077899,-0.01510086935013533,-1.529067277908325
1777498958589689600,0.002487489720806479,-0.01509655453264713,-1.529065847396851
1777498958599664640,0.002490815706551075,-0.01509832125157118,-1.529066205024719
1777498958609620480,0.002489993115887046,-0.01510057039558887,-1.529066562652588
1777498958619557376,0.002493951469659805,-0.01509575173258781,-1.52907121181488
1777498958629475584,0.002498119371011853,-0.01510524190962315,-1.529066562652588
1777498958639374592,0.002492774277925491,-0.01510003861039877,-1.529065847396851
1777498958649254400,0.002499026013538241,-0.01509260293096304,-1.529065251350403
1777498958659115264,0.002502822550013661,-0.01509582810103893,-1.529064178466797
1777498958668956672,0.002499515656381845,-0.01509873848408461,-1.529064655303955
1777498958678779136,0.002498878398910165,-0.01510319206863642,-1.529070019721985
1777498958688582656,0.002500892383977771,-0.0150980157777667,-1.529069304466248
1777498958698368768,0.002505523385480046,-0.01510558649897575,-1.52906608581543
1777498958708593408,0.002509659389033914,-0.01510517112910748,-1.529063701629639
1777498958718798592,0.002508790697902441,-0.01509524043649435,-1.529059171676636
1777498958728984576,0.002511616796255112,-0.01509822905063629,-1.52905809879303
1777498958739150848,0.002513327402994037,-0.01509417407214642,-1.529057145118713
1777498958749297664,0.002512357430532575,-0.01510157994925976,-1.529060363769531
1777498958759424768,0.002511151367798448,-0.01510488428175449,-1.529061436653137
1777498958769532160,0.002506693126633763,-0.01510184537619352,-1.529062032699585
1777498958779621120,0.002513073850423098,-0.01509958785027266,-1.529057502746582
1777498958789691648,0.002517341868951917,-0.01509572379291058,-1.529059529304504
1777498958799742720,0.002519382163882256,-0.01509292609989643,-1.5290607213974
1777498958809774080,0.002519371919333935,-0.0150924613699317,-1.529062628746033
1777498958819786496,0.002522416179999709,-0.01509340293705463,-1.529063820838928
1777498958829779712,0.002519412431865931,-0.01509381178766489,-1.529065370559692
1777498958839753472,0.002521279966458678,-0.01510471198707819,-1.52906346321106
1777498958849708032,0.002522413153201342,-0.01510590966790915,-1.529057145118713
1777498958859643904,0.00252452539280057,-0.01510583329945803,-1.529057502746582
1777498958869560832,0.002526571741327643,-0.01510658953338861,-1.529058814048767
1777498958879458560,0.002529035788029432,-0.01510412897914648,-1.529058814048767
1777498958889337088,0.002529577584937215,-0.01510863564908504,-1.529056668281555
1777498958899196416,0.002527757547795773,-0.01510730385780334,-1.529060363769531
1777498958909036288,0.00252722087316215,-0.01510850805789232,-1.529059171676636
1777498958918857216,0.002528967102989554,-0.01511257514357567,-1.529058218002319
1777498958928659200,0.002534995786845684,-0.01510822121053934,-1.529062747955322
1777498958938442752,0.002541243564337492,-0.01510114315897226,-1.529066205024719
1777498958948442112,0.002541423309594393,-0.01509884838014841,-1.529069423675537
1777498958958656000,0.002548234071582556,-0.01509792916476727,-1.529072880744934
1777498958968850432,0.00255576241761446,-0.01509834639728069,-1.529072523117065
1777498958979025408,0.002556361258029938,-0.01509686280041933,-1.529071450233459
1777498958989180672,0.002556078601628542,-0.01508708577603102,-1.529069900512695
1777498958999318528,0.002547495765611529,-0.01508241705596447,-1.529067397117615
1777498959009437696,0.00254463660530746,-0.01508540473878384,-1.52906858921051
1777498959019537152,0.002544052433222532,-0.01507927291095257,-1.529061317443848
1777498959029617152,0.002542709233239293,-0.01508021540939808,-1.529059171676636
1777498959039677952,0.002542925300076604,-0.01508042030036449,-1.529059767723083
1777498959049719296,0.002536467043682933,-0.01507923472672701,-1.529064178466797
1777498959059741184,0.002530749421566725,-0.01508052460849285,-1.529063105583191
1777498959069743360,0.002528143581002951,-0.01508280634880066,-1.529062032699585
1777498959079726336,0.002528459997847676,-0.0150789013132453,-1.529060006141663
1777498959089690368,0.002533389953896403,-0.01507216319441795,-1.529059410095215
1777498959099634688,0.002533011138439178,-0.01506934966892004,-1.529057860374451
1777498959109559808,0.002535696839913726,-0.01506785675883293,-1.52905535697937
1777498959119465472,0.002534073544666171,-0.01507042348384857,-1.529049396514893
1777498959129351936,0.002534788567572832,-0.01507565192878246,-1.529046297073364
1777498959139218944,0.002537060296162963,-0.01507564447820187,-1.529045462608337
1777498959149067008,0.002542714821174741,-0.0150793269276619,-1.529047608375549
1777498959158899712,0.002542471047490835,-0.0150846391916275,-1.529048562049866
1777498959168718080,0.002541559049859643,-0.01509130373597145,-1.52905011177063
1777498959178517760,0.002546595176681876,-0.0151008004322648,-1.529054164886475
1777498959188525312,0.002544740913435817,-0.01509887166321278,-1.529052495956421
1777498959198740736,0.002543079201132059,-0.0150965042412281,-1.529055833816528
1777498959208936192,0.002548427088186145,-0.01509351097047329,-1.52905797958374
1777498959219112960,0.002551615471020341,-0.0150917200371623,-1.529058933258057
1777498959229270016,0.002552182180806994,-0.01509081665426493,-1.529058814048767
1777498959239407104,0.002555771032348275,-0.01509260106831789,-1.529063820838928
1777498959249524736,0.002552643185481429,-0.01510094292461872,-1.529066562652588
1777498959259622400,0.002554653212428093,-0.0151013070717454,-1.529066681861877
1777498959269700608,0.002560234162956476,-0.01509825419634581,-1.529070138931274
1777498959279759616,0.002558758016675711,-0.01510140020400286,-1.529072999954224
1777498959289798656,0.002557512605562806,-0.01509943790733814,-1.52907395362854
1777498959299818752,0.002557056257501245,-0.01510346122086048,-1.529076218605042
1777498959309819136,0.00255354237742722,-0.01509966515004635,-1.529069662094116
1777498959319799808,0.002556697465479374,-0.01509993430227041,-1.529066681861877
1777498959329763328,0.002555593149736524,-0.01509629748761654,-1.529065370559692
1777498959339709952,0.002557696541771293,-0.01509980019181967,-1.529061555862427
1777498959349637120,0.002557992003858089,-0.01510028168559074,-1.52906608581543
1777498959359545088,0.002560494700446725,-0.01510180160403252,-1.529065728187561
1777498959369433856,0.002559514949098229,-0.01510385330766439,-1.529071807861328
1777498959379303424,0.002566163660958409,-0.01510701794177294,-1.529073119163513
1777498959389153536,0.002576104598119855,-0.01510456204414368,-1.529075145721436
1777498959398984448,0.00257995305582881,-0.01510995533317327,-1.529074311256409
1777498959408796672,0.00258316402323544,-0.01510789338499308,-1.529078245162964
1777498959418589952,0.002580703236162663,-0.01510753389447927,-1.529079914093018
1777498959428364032,0.0025828224606812,-0.01511261984705925,-1.529078245162964
1777498959438580480,0.002580754226073623,-0.01511277072131634,-1.529077172279358
1777498959448777728,0.002584011293947697,-0.01510803028941154,-1.529074430465698
1777498959458955776,0.002587866503745317,-0.01511254999786615,-1.52907657623291
1777498959469114368,0.002586683258414268,-0.01511258818209171,-1.529074430465698
1777498959479252992,0.002588908653706312,-0.01511470787227154,-1.529075980186462
1777498959489372160,0.002596225589513779,-0.01511009130626917,-1.529071688652039
1777498959499471616,0.002593049546703696,-0.0151068177074194,-1.529073476791382
1777498959509551872,0.002598543185740709,-0.01510161999613047,-1.529077768325806
1777498959519612160,0.002595409285277128,-0.01510278414934874,-1.529074430465698
1777498959529652736,0.002596348291262984,-0.01510700117796659,-1.529077172279358
1777498959539674368,0.002591745927929878,-0.01510471850633621,-1.529079437255859
1777498959549676800,0.002590025076642632,-0.0151063222438097,-1.529083847999573
1777498959559660032,0.002583196619525552,-0.01511859055608511,-1.529084801673889
1777498959569626624,0.002583739114925265,-0.01511981431394815,-1.529087424278259
1777498959579574016,0.002586710965260863,-0.01511563174426556,-1.529086947441101
1777498959589502208,0.002591651165857911,-0.01511933002620935,-1.529085636138916
1777498959599411200,0.002596875885501504,-0.01512057147920132,-1.529087543487549
1777498959609300992,0.002599970903247595,-0.01511469576507807,-1.529085874557495
1777498959619171328,0.002601448679342866,-0.01511278748512268,-1.529088377952576
1777498959629022464,0.002605983288958669,-0.01511120051145554,-1.529088139533997
1777498959638854656,0.00261085806414485,-0.01511271577328444,-1.529084324836731
1777498959648668160,0.002609052462503314,-0.01511141937226057,-1.52908194065094
1777498959658462464,0.002614970551803708,-0.01511187385767698,-1.529083013534546
1777498959668237824,0.002617239952087402,-0.01510972250252962,-1.529089212417603
1777498959678455552,0.002621586201712489,-0.01511478703469038,-1.529090166091919
1777498959688653568,0.002618767088279128,-0.01511089969426394,-1.529090642929077
1777498959698831872,0.002619229955598712,-0.01511226408183575,-1.529095053672791
1777498959708990976,0.00262381206266582,-0.01510587241500616,-1.529097199440002
1777498959719130624,0.002621202496811748,-0.0151054048910737,-1.529095649719238
1777498959729251072,0.002625291235744953,-0.01511080376803875,-1.529096126556396
1777498959739351552,0.002626738976687193,-0.01510719954967499,-1.529098391532898
1777498959749432832,0.002628738293424249,-0.01510581839829683,-1.529099225997925
1777498959759494400,0.002630694536492229,-0.0150990579277277,-1.529094219207764
1777498959769537024,0.002629538765177131,-0.01510168984532356,-1.529095053672791
1777498959779560192,0.002624244196340442,-0.01509976387023926,-1.529097318649292
1777498959789564672,0.002621191553771496,-0.01509757619351149,-1.529098272323608
1777498959799549440,0.002619234845042229,-0.01510310359299183,-1.529099822044373
1777498959809514752,0.002617886289954185,-0.01510070078074932,-1.529098629951477
1777498959819460864,0.002617961727082729,-0.01511169038712978,-1.529101490974426
1777498959829391872,0.002622491912916303,-0.01511145010590553,-1.529102325439453
1777498959839303936,0.00262175896205008,-0.01511380448937416,-1.529103875160217
1777498959849196544,0.002623536624014378,-0.01511497516185045,-1.529103875160217
1777498959859069952,0.002623794367536902,-0.01511190552264452,-1.52910053730011
1777498959868924672,0.002618558472022414,-0.01511245779693127,-1.52910578250885
1777498959878759936,0.002617024583742023,-0.01511799637228251,-1.529104590415955
1777498959888576256,0.002615561243146658,-0.01511530950665474,-1.529105424880981
1777498959898373632,0.002618346828967333,-0.01511049643158913,-1.529103994369507
1777498959908152320,0.002623012522235513,-0.01511183101683855,-1.529108881950378
1777498959918375936,0.002619909355416894,-0.01511691324412823,-1.529110431671143
1777498959928579840,0.002616102108731866,-0.01512043923139572,-1.529118418693542
1777498959938764032,0.002613471122458577,-0.0151231475174427,-1.529120206832886
1777498959948929536,0.002617799676954746,-0.01511838939040899,-1.52911901473999
1777498959959075328,0.002619602717459202,-0.01511950418353081,-1.529113292694092
1777498959969201408,0.00262361322529614,-0.01512109022587538,-1.529118180274963
1777498959979307776,0.002630162285640836,-0.0151264788582921,-1.529122591018677
1777498959989394944,0.002638683887198567,-0.01512675825506449,-1.52911901473999
1777498959999462400,0.002640317194163799,-0.0151261743158102,-1.529114365577698
1777498960009510144,0.002644817112013698,-0.0151301184669137,-1.529115080833435
1777498960019538176,0.0026470220182091,-0.01512784231454134,-1.529111981391907
1777498960029547264,0.002645516069605947,-0.01512745209038258,-1.529113411903381
1777498960039537152,0.002650575712323189,-0.01512188091874123,-1.529111742973328
1777498960049510656,0.002652081660926342,-0.01512644626200199,-1.529114127159119
1777498960059464960,0.002652683295309544,-0.01512541249394417,-1.52911376953125
1777498960069399552,0.002657144330441952,-0.01511835679411888,-1.529113531112671
1777498960079314688,0.002664005383849144,-0.01512090116739273,-1.529111862182617
1777498960089211136,0.002666248241439462,-0.01511620543897152,-1.529113411903381
1777498960099088128,0.002674882300198078,-0.01511654164642096,-1.529115200042725
1777498960108945664,0.002673560753464699,-0.01511476375162601,-1.529113292694092
1777498960118784000,0.002675022464245558,-0.0151158394291997,-1.529112815856934
1777498960128603648,0.002673320239409804,-0.01511659659445286,-1.529119253158569
1777498960138404096,0.002674438059329987,-0.01511650811880827,-1.529122352600098
1777498960148185600,0.002672054106369615,-0.0151215260848403,-1.529125809669495
1777498960158410752,0.002665627747774124,-0.01512706186622381,-1.529125452041626
1777498960168616448,0.002665644744411111,-0.01512874849140644,-1.529128074645996
1777498960178802432,0.002671007299795747,-0.0151261305436492,-1.529126882553101
1777498960188968960,0.00266765640117228,-0.0151238851249218,-1.529125809669495
1777498960199116032,0.002669144421815872,-0.01512395683676004,-1.52912437915802
1777498960209243904,0.002662324346601963,-0.01512257941067219,-1.52912425994873
1777498960219351808,0.002664085710421205,-0.01512359734624624,-1.529129266738892
1777498960229440512,0.002668267348781228,-0.01512322202324867,-1.52912974357605
1777498960239509504,0.002664229366928339,-0.01512516848742962,-1.529125094413757
1777498960249560576,0.002664083382114768,-0.01512490585446358,-1.529125809669495
1777498960259593728,0.00267032440751791,-0.01512266229838133,-1.529123187065125
1777498960269607424,0.002672165632247925,-0.0151237528771162,-1.529120087623596
1777498960279601408,0.002671434311196208,-0.01512574031949043,-1.529118895530701
1777498960289576192,0.002675722585991025,-0.01513371523469687,-1.529121875762939
1777498960299531520,0.002678725635632873,-0.01512908469885588,-1.529121518135071
1777498960309467392,0.002682710764929652,-0.01512760296463966,-1.529120564460754
1777498960319384064,0.00268512312322855,-0.01512672565877438,-1.529120326042175
1777498960329281536,0.002686294028535485,-0.01512867584824562,-1.529118657112122
1777498960339160064,0.002684210194274783,-0.01513340324163437,-1.529121398925781
1777498960349019136,0.002684869104996324,-0.01513222046196461,-1.529118418693542
1777498960358859008,0.002682607155293226,-0.01513449661433697,-1.529118776321411
1777498960368679680,0.002679846715182066,-0.0151436785236001,-1.529123663902283
1777498960378481152,0.002684095641598105,-0.01514662988483906,-1.529125452041626
1777498960388263680,0.002687879139557481,-0.01514722593128681,-1.52912700176239
1777498960398263808,0.002684507751837373,-0.01514512486755848,-1.529125809669495
1777498960408478976,0.002684305422008038,-0.01514371577650309,-1.529128313064575
1777498960418674432,0.002689468441531062,-0.01514398772269487,-1.529126882553101
1777498960428849920,0.002696314128115773,-0.01514425128698349,-1.529123067855835
1777498960439005696,0.002697662450373173,-0.0151364803314209,-1.529124140739441
1777498960449142784,0.002701739547774196,-0.0151309734210372,-1.529126882553101
1777498960459261184,0.002700475510209799,-0.01513082161545753,-1.529127597808838
1777498960469360128,0.002697690622881055,-0.01513032428920269,-1.529126286506653
1777498960479439616,0.002698717406019568,-0.01513758394867182,-1.529131054878235
1777498960489499648,0.00270089297555387,-0.01513531152158976,-1.529132127761841
1777498960499540224,0.002692365320399404,-0.01513355690985918,-1.529128551483154
1777498960509561344,0.002690396970137954,-0.01512906886637211,-1.529130458831787
1777498960519562752,0.002694108756259084,-0.01512688584625721,-1.529133915901184
1777498960529545216,0.002691891044378281,-0.01513169147074223,-1.529131412506104
1777498960539508224,0.002699392847716808,-0.01513667218387127,-1.529134154319763
1777498960549452032,0.002701755380257964,-0.01513259671628475,-1.529132962226868
1777498960559376896,0.00269731879234314,-0.01513577066361904,-1.529131293296814
1777498960569282048,0.002698389580473304,-0.01513807382434607,-1.529132485389709
1777498960579167744,0.002701225923374295,-0.01513759139925241,-1.529133319854736
1777498960589034240,0.002701607765629888,-0.01513302233070135,-1.529128551483154
1777498960598881536,0.002701425226405263,-0.01513195782899857,-1.52912712097168
1777498960608710144,0.002702380297705531,-0.01513250917196274,-1.52912163734436
1777498960618520576,0.002701538847759366,-0.01513340882956982,-1.529119849205017
1777498960628311552,0.002700725104659796,-0.01513216830790043,-1.529119253158569
1777498960638314752,0.002703075064346194,-0.01512861251831055,-1.52911901473999
1777498960648529920,0.002702324651181698,-0.01512918621301651,-1.529119729995728
1777498960658725120,0.002704781945794821,-0.01513036899268627,-1.529118299484253
1777498960668901120,0.002707025967538357,-0.01513328775763512,-1.52911913394928
1777498960679057920,0.002706490224227309,-0.01513161789625883,-1.529118299484253
1777498960689194752,0.002707666251808405,-0.01512964349240065,-1.529123544692993
1777498960699311872,0.002713851165026426,-0.01512240618467331,-1.529123067855835
1777498960709409536,0.002708517946302891,-0.0151190385222435,-1.529124021530151
1777498960719487488,0.002705955877900124,-0.01511285174638033,-1.529119253158569
1777498960729545728,0.002708600368350744,-0.01510828640311956,-1.529126167297363
1777498960739584256,0.002716365037485957,-0.01510974857956171,-1.529127478599548
1777498960749605632,0.002719433279708028,-0.01511178258806467,-1.529126167297363
1777498960759609344,0.002721932949498296,-0.01511342823505402,-1.529133200645447
1777498960769593856,0.002725587692111731,-0.01511529646813869,-1.529133439064026
1777498960779558656,0.002723593497648835,-0.01511795353144407,-1.529134273529053
1777498960789504256,0.002719598123803735,-0.01512498967349529,-1.52913773059845
1777498960799430144,0.002725043799728155,-0.0151208620518446,-1.529133081436157
1777498960809336832,0.002724001184105873,-0.01511841360479593,-1.529131531715393
1777498960819224576,0.002736720256507397,-0.01511823758482933,-1.529127717018127
1777498960829093120,0.002736318623647094,-0.01512237545102835,-1.529128551483154
1777498960838943232,0.002741677919402719,-0.01512347161769867,-1.529124140739441
1777498960848773888,0.002738157752901316,-0.0151267210021615,-1.52912437915802
1777498960858585600,0.002737939823418856,-0.01512257382273674,-1.529127597808838
1777498960868377856,0.002742308890447021,-0.01512444484978914,-1.52912437915802
1777498960878382592,0.002754768822342157,-0.01512506511062384,-1.529121518135071
1777498960888599296,0.002761062001809478,-0.01512744463980198,-1.529118418693542
1777498960898796032,0.002763843862339854,-0.01512815430760384,-1.529117345809937
1777498960908974592,0.002767453202977777,-0.01512751169502735,-1.52911651134491
1777498960919133184,0.002767877886071801,-0.01512806862592697,-1.529118657112122
1777498960929272064,0.002770483493804932,-0.01512868795543909,-1.52911651134491
1777498960939391488,0.002773366868495941,-0.0151263065636158,-1.529116749763489
1777498960949491456,0.002783776726573706,-0.01512640435248613,-1.52911365032196
1777498960959572224,0.002780237002298236,-0.01512926910072565,-1.52911388874054
1777498960969633024,0.002780514070764184,-0.01513066608458757,-1.529107570648193
1777498960979674368,0.002781730145215988,-0.01512979157269001,-1.52911388874054
1777498960989699328,0.002787011442705989,-0.0151335196569562,-1.529108285903931
1777498960999706880,0.002787491539493203,-0.0151341687887907,-1.529107928276062
1777498961009694976,0.002784188836812973,-0.01513353083282709,-1.529109239578247
1777498961019663360,0.002779209520667791,-0.01513408124446869,-1.52911102771759
1777498961029612544,0.002781030256301165,-0.0151326060295105,-1.529109358787537
1777498961039542784,0.002779580187052488,-0.01513251755386591,-1.529107451438904
1777498961049453312,0.002785609103739262,-0.01513301022350788,-1.529110074043274
1777498961059344384,0.002787704113870859,-0.01513299625366926,-1.529109954833984
1777498961069216256,0.00278703635558486,-0.01512818317860365,-1.529111504554749
1777498961079069440,0.002791126724332571,-0.01513294130563736,-1.52911114692688
1777498961088903168,0.002790728816762567,-0.01513508893549442,-1.52911114692688
1777498961098717696,0.002796027809381485,-0.01513389870524406,-1.529109597206116
1777498961108512768,0.002795223379507661,-0.01514282263815403,-1.529110908508301
1777498961118288640,0.00279515516012907,-0.01514484733343124,-1.529109477996826
1777498961128506624,0.002800127025693655,-0.01514739263802767,-1.52910304069519
1777498961138704640,0.002802032744511962,-0.01514789368957281,-1.529101133346558
1777498961148883200,0.002804031362757087,-0.01514649577438831,-1.529104590415955
1777498961159043328,0.002805094933137298,-0.01514943689107895,-1.529104590415955
1777498961169183488,0.002809814177453518,-0.01515975128859282,-1.529103755950928
1777498961179303936,0.002808430232107639,-0.0151525130495429,-1.529104351997375
1777498961189404672,0.002815252169966698,-0.01515009440481663,-1.529106616973877
1777498961199486208,0.002819207962602377,-0.01514314953237772,-1.529107093811035
1777498961209548032,0.002824013354256749,-0.01514266803860664,-1.529106378555298
1777498961219590400,0.00282959477044642,-0.01515180803835392,-1.529107570648193
1777498961229613312,0.002831064397469163,-0.01515284366905689,-1.529107570648193
1777498961239620096,0.002836250467225909,-0.01515400316566229,-1.529114365577698
1777498961249607424,0.002835235325619578,-0.01516075432300568,-1.529116749763489
1777498961259575296,0.002843247959390283,-0.01516399718821049,-1.529118776321411
1777498961269523712,0.002849983982741833,-0.01516605075448751,-1.529121518135071
1777498961279452672,0.002849738346412778,-0.01516216527670622,-1.529125094413757
1777498961289362432,0.002853325102478266,-0.01515845954418182,-1.529122114181519
1777498961299252992,0.002855174476280808,-0.01515308953821659,-1.529117703437805
1777498961309124096,0.00285243708640337,-0.01515098940581083,-1.529122710227966
1777498961318976512,0.002858358900994062,-0.01515094004571438,-1.529116034507751
1777498961328809728,0.002853012178093195,-0.01515255961567163,-1.529117941856384
1777498961338624000,0.00285465968772769,-0.01515427697449923,-1.529117226600647
1777498961348418816,0.002854447346180677,-0.01515397615730762,-1.529120564460754
1777498961358194432,0.002858173800632358,-0.01515340898185968,-1.529118657112122
1777498961368418816,0.002859115600585938,-0.01515174750238657,-1.529118537902832
1777498961378623488,0.002858830615878105,-0.01515013631433249,-1.529121160507202
1777498961388808448,0.002858185209333897,-0.01515024062246084,-1.529121160507202
1777498961398973952,0.002865379443392158,-0.01514619123190641,-1.529117584228516
1777498961409120512,0.00285833515226841,-0.0151505284011364,-1.529114365577698
1777498961419247360,0.002853175159543753,-0.01515970285981894,-1.529112815856934
1777498961429354752,0.002853540936484933,-0.01515466440469027,-1.529115676879883
1777498961439441920,0.002855424769222736,-0.01515276450663805,-1.529119729995728
1777498961449509888,0.002853653160855174,-0.01515565998852253,-1.529120326042175
1777498961459558144,0.002851371886208653,-0.01514765433967113,-1.529116630554199
1777498961469586688,0.002854047110304236,-0.01515217497944832,-1.529118180274963
1777498961479595776,0.002854677382856607,-0.01515475474298,-1.529118418693542
1777498961489586176,0.002859196858480573,-0.01516057457774878,-1.529116988182068
1777498961499556864,0.002855220111086965,-0.01515865884721279,-1.529117226600647
1777498961509508096,0.00285452650859952,-0.0151566406711936,-1.529121160507202
1777498961519440128,0.002853146754205227,-0.01516075897961855,-1.529121160507202
1777498961529352704,0.002856401959434152,-0.01517000887542963,-1.529121160507202
1777498961539245824,0.002855690661817789,-0.01516895089298487,-1.529120683670044
1777498961549123584,0.002858184278011322,-0.01517119444906712,-1.52911901473999
1777498961558985728,0.002858949359506369,-0.01517040468752384,-1.529117345809937
1777498961568828672,0.002866975730285048,-0.01517152693122625,-1.529120564460754
1777498961578652672,0.002867050003260374,-0.01516960933804512,-1.529120087623596
1777498961588457728,0.002863121684640646,-0.01517028175294399,-1.52912163734436
1777498961598243584,0.002860411768779159,-0.01517162006348372,-1.529118061065674
1777498961608467712,0.002866013906896114,-0.01516840327531099,-1.529119491577148
1777498961618671872,0.002871424192562699,-0.01517269015312195,-1.529121994972229
1777498961628857344,0.002875898266211152,-0.0151814604178071,-1.529121041297913
1777498961639022848,0.002873972989618778,-0.01518638338893652,-1.529122471809387
1777498961649168640,0.00287636136636138,-0.01519166119396687,-1.529126167297363
1777498961659294976,0.002871012315154076,-0.01519981306046247,-1.529129028320312
1777498961669401856,0.002871413249522448,-0.01519690919667482,-1.529129028320312
1777498961679489536,0.00287707382813096,-0.01520460937172174,-1.529128074645996
1777498961689559296,0.002882645698264241,-0.01520574931055307,-1.529132843017578
1777498961699609344,0.002878333441913128,-0.01520330086350441,-1.529136061668396
1777498961709639680,0.002885690424591303,-0.01520251017063856,-1.529134154319763
1777498961719650560,0.002892008284106851,-0.01519796345382929,-1.529135704040527
1777498961729641984,0.002892368007451296,-0.01519796531647444,-1.529134392738342
1777498961739613952,0.002900931751355529,-0.01520210411399603,-1.529137849807739
1777498961749565952,0.002901081694290042,-0.01519989781081676,-1.529138565063477
1777498961759498752,0.002897207392379642,-0.01520030107349157,-1.529141426086426
1777498961769411840,0.002896827878430486,-0.01520368456840515,-1.529143452644348
1777498961779305728,0.002893327036872506,-0.0152013897895813,-1.52914023399353
1777498961789180416,0.002886613132432103,-0.01520260516554117,-1.529137134552002
1777498961799035392,0.002885516732931137,-0.01520463079214096,-1.529138088226318
1777498961808871168,0.002886671805754304,-0.01520644221454859,-1.529138565063477
1777498961818687744,0.002884533489122987,-0.01521093677729368,-1.529136657714844
1777498961828484608,0.002882914384827018,-0.01520713698118925,-1.529133439064026
1777498961838263040,0.00289034959860146,-0.01521456427872181,-1.529133796691895
1777498961848260096,0.002895152196288109,-0.01522172708064318,-1.529135584831238
1777498961858475264,0.00289752334356308,-0.01522695552557707,-1.529133558273315
1777498961868670720,0.00290249940007925,-0.01522470265626907,-1.529137253761292
1777498961878846720,0.002900409977883101,-0.01523005776107311,-1.529133081436157
1777498961889002752,0.002896422985941172,-0.01522800978273153,-1.529132008552551
1777498961899139328,0.002899748738855124,-0.01522768940776587,-1.529132962226868
1777498961909257984,0.002897890051826835,-0.01523220259696245,-1.529128432273865
1777498961919357184,0.00289908773265779,-0.01523748319596052,-1.529130220413208
1777498961929436928,0.002908258698880672,-0.01522817835211754,-1.529133319854736
1777498961939497216,0.002908766269683838,-0.01522546075284481,-1.529134273529053
1777498961949538304,0.002907923888415098,-0.01521943975239992,-1.529135704040527
1777498961959559680,0.002912227064371109,-0.01523041538894176,-1.529136776924133
1777498961969561600,0.00291433441452682,-0.0152252484112978,-1.529138565063477
1777498961979544064,0.002909945324063301,-0.01522608380764723,-1.529140710830688
1777498961989508096,0.00291412603110075,-0.01523176115006208,-1.529141664505005
1777498961999452928,0.002917853416875005,-0.01522805541753769,-1.529144048690796
1777498962009378304,0.002913144184276462,-0.01523289736360312,-1.529142618179321
1777498962019284224,0.002914428012445569,-0.01523443032056093,-1.529142618179321
1777498962029170944,0.002914421027526259,-0.01523797772824764,-1.52914023399353
1777498962039038464,0.002915286924690008,-0.01523583196103573,-1.529136419296265
1777498962048886528,0.002915128134191036,-0.01523991022258997,-1.529138088226318
1777498962058715904,0.002912616357207298,-0.01524100638926029,-1.529139041900635
1777498962068530944,0.002919955411925912,-0.01523817051202059,-1.529142498970032
1777498962078329856,0.002919717924669385,-0.01524471212178469,-1.529145359992981
1777498962088337664,0.002916865982115269,-0.01524819526821375,-1.529147505760193
1777498962098553600,0.002921689534559846,-0.01525123696774244,-1.529146194458008
1777498962108750080,0.002928297966718674,-0.01524936128407717,-1.529145121574402
1777498962118927360,0.002932348987087607,-0.01524335891008377,-1.529145240783691
1777498962129085184,0.002932792296633124,-0.01524917967617512,-1.529142141342163
1777498962139223296,0.002938619814813137,-0.01525035034865141,-1.529146313667297
1777498962149341440,0.002938157645985484,-0.01525524538010359,-1.529148697853088
1777498962159440384,0.002947073662653565,-0.01524878852069378,-1.529146432876587
1777498962169519360,0.002949425019323826,-0.01524244155734777,-1.52914822101593
1777498962179579136,0.002953238319605589,-0.01524228323251009,-1.52914559841156
1777498962189619200,0.002949346788227558,-0.01524809468537569,-1.529150128364563
1777498962199640832,0.002952020848169923,-0.01524979621171951,-1.529149889945984
1777498962209643008,0.002949407324194908,-0.01524689421057701,-1.529153108596802
1777498962219625216,0.002950723515823483,-0.01524811238050461,-1.529155373573303
1777498962229588224,0.002952761249616742,-0.01523902826011181,-1.529154658317566
1777498962239531520,0.002957316348329186,-0.01523824594914913,-1.529157876968384
1777498962249455360,0.002958510536700487,-0.01523707527667284,-1.529158353805542
1777498962259360000,0.002953933784738183,-0.01523729227483273,-1.529154896736145
1777498962269245440,0.002951591275632381,-0.01523873396217823,-1.529150009155273
1777498962279116032,0.002949456451460719,-0.01523286104202271,-1.529150485992432
1777498962288971008,0.002952888142317533,-0.01523451320827007,-1.529150366783142
1777498962298806784,0.0029536213260144,-0.01523677352815866,-1.529145121574402
1777498962308623616,0.002953915856778622,-0.01524295192211866,-1.529144287109375
1777498962318420992,0.002948398003354669,-0.01524470839649439,-1.52914571762085
1777498962328428544,0.002947530942037702,-0.01524379197508097,-1.529147028923035
1777498962338646016,0.002947500441223383,-0.0152493342757225,-1.529149413108826
1777498962348843520,0.002945311833173037,-0.01525934692472219,-1.529148936271667
1777498962359022080,0.002942970721051097,-0.01525442954152822,-1.529147148132324
1777498962369181184,0.002948856446892023,-0.0152590200304985,-1.529144525527954
1777498962379320576,0.002945716492831707,-0.01525601651519537,-1.529140710830688
1777498962389440000,0.002946191467344761,-0.01525328680872917,-1.529138565063477
1777498962399540224,0.002945935819298029,-0.01525657251477242,-1.52913773059845
1777498962409620480,0.002949464367702603,-0.01525912154465914,-1.529142260551453
1777498962419680768,0.002952290698885918,-0.01525682955980301,-1.529138565063477
1777498962429721600,0.002953063463792205,-0.01524859294295311,-1.52914035320282
1777498962439743232,0.002951944479718804,-0.01525278855115175,-1.529145240783691
1777498962449745408,0.002950289752334356,-0.015251693315804,-1.529145956039429
1777498962459728128,0.002950881607830524,-0.01524898316711187,-1.529141187667847
1777498962469695232,0.002953883493319154,-0.01524449232965708,-1.529141664505005
1777498962479643136,0.002952757989987731,-0.01524372398853302,-1.529140830039978
1777498962489572096,0.002949016867205501,-0.01525121554732323,-1.529144763946533
1777498962499481856,0.002945431508123875,-0.01525103393942118,-1.529149293899536
1777498962509372672,0.002941027749329805,-0.01525468844920397,-1.529150485992432
1777498962519244288,0.002940141828730702,-0.01525622792541981,-1.529157519340515
1777498962529097216,0.002942105056717992,-0.01525906939059496,-1.52915632724762
1777498962538931456,0.002942650578916073,-0.01526238676160574,-1.52915346622467
1777498962548747264,0.002939047291874886,-0.01526734977960587,-1.529152631759644
1777498962558544128,0.002938699908554554,-0.01527221780270338,-1.529147386550903
1777498962568322048,0.002940149046480656,-0.01526070199906826,-1.529144525527954
1777498962578540288,0.002939503872767091,-0.01526241283863783,-1.529150366783142
1777498962588739072,0.002941589569672942,-0.01526056602597237,-1.529147744178772
1777498962598918400,0.002939587691798806,-0.01526228804141283,-1.529147624969482
1777498962609078528,0.002943921135738492,-0.01526571530848742,-1.529151320457458
1777498962619219200,0.002944359323009849,-0.01527466345578432,-1.529147505760193
1777498962629340160,0.00293920817784965,-0.01527463179081678,-1.529150247573853
1777498962639441664,0.002940926933661103,-0.01528252568095922,-1.529147505760193
1777498962649523456,0.002938177902251482,-0.01528035290539265,-1.529147267341614
1777498962659585792,0.002938421675935388,-0.0152836637571454,-1.529144525527954
1777498962669628416,0.002941176062449813,-0.01528430357575417,-1.529142737388611
1777498962679651840,0.002936936682090163,-0.01528202835470438,-1.529141187667847
1777498962689656064,0.002937568118795753,-0.01527817640453577,-1.52914023399353
1777498962699643904,0.00294319330714643,-0.01527791656553745,-1.529137372970581
1777498962709612288,0.002949142828583717,-0.01527313236147165,-1.529135346412659
1777498962719561728,0.002949186600744724,-0.01527461037039757,-1.529132127761841
1777498962729491712,0.00295009627006948,-0.01527780760079622,-1.529138922691345
1777498962739402496,0.002948149107396603,-0.0152711421251297,-1.529142141342163
1777498962749294080,0.002945627085864544,-0.01527564134448767,-1.529147744178772
1777498962759166464,0.002952636452391744,-0.01527464855462313,-1.529146075248718
1777498962769019392,0.002950069028884172,-0.0152739891782403,-1.529152274131775
1777498962778854144,0.002958593191578984,-0.01527443435043097,-1.529150247573853
1777498962788669696,0.002965290332213044,-0.01527291256934404,-1.529149651527405
1777498962798466048,0.002970877336338162,-0.0152756841853261,-1.529151797294617
1777498962808243456,0.002971178386360407,-0.01527859456837177,-1.529150724411011
1777498962818462720,0.002970064524561167,-0.01528085581958294,-1.529150009155273
1777498962828662272,0.002969775814563036,-0.01528477948158979,-1.529154777526855
1777498962838842112,0.002964761108160019,-0.01528751384466887,-1.52915620803833
1777498962849003008,0.002964881015941501,-0.0152931772172451,-1.529150724411011
1777498962859144704,0.002969237044453621,-0.01529196184128523,-1.529148578643799
1777498962869266432,0.002971514826640487,-0.01529268641024828,-1.529148578643799
1777498962879368704,0.002968904795125127,-0.01529423240572214,-1.529143452644348
1777498962889451520,0.002972328336909413,-0.01529928017407656,-1.529145002365112
1777498962899514880,0.002976779825985432,-0.01530275028198957,-1.5291428565979
1777498962909558784,0.002984489314258099,-0.01530531141906977,-1.529140830039978
1777498962919582976,0.002983627375215292,-0.01529736258089542,-1.529138922691345
1777498962929588736,0.002985836938023567,-0.01530433725565672,-1.529140472412109
1777498962939575040,0.002991505665704608,-0.01530570164322853,-1.529138922691345
1777498962949541632,0.00298325577750802,-0.01531039644032717,-1.529138445854187
1777498962959488768,0.002985414816066623,-0.0153093384578824,-1.529140949249268
1777498962969419264,0.002984137972816825,-0.01530580315738916,-1.529142618179321
1777498962979332352,0.002984567079693079,-0.01530655100941658,-1.529140710830688
1777498962989226240,0.002983914688229561,-0.0153107438236475,-1.529138207435608
1777498962999101440,0.002983560087159276,-0.01530763786286116,-1.529134392738342
1777498963008957440,0.00297844223678112,-0.01531185023486614,-1.529134631156921
1777498963018794496,0.002979016629979014,-0.01531376130878925,-1.52914023399353
1777498963028612352,0.002987143117934465,-0.01532276161015034,-1.529139161109924
1777498963038411264,0.002988102380186319,-0.01532840915024281,-1.529142379760742
1777498963048191744,0.002987462794408202,-0.01532595977187157,-1.529147505760193
1777498963058415872,0.002980614313855767,-0.01532611344009638,-1.529142260551453
1777498963068620800,0.002982762176543474,-0.0153214056044817,-1.529144167900085
1777498963078806016,0.002978897420689464,-0.01532159838825464,-1.529146790504456
1777498963088972544,0.002980062272399664,-0.01532202027738094,-1.529150485992432
1777498963099119360,0.002978351432830095,-0.01532959286123514,-1.52915096282959
1777498963109246720,0.002981402911245823,-0.01532732881605625,-1.529148578643799
1777498963119354368,0.002982769161462784,-0.01533368322998285,-1.529151678085327
1777498963129442560,0.00298883649520576,-0.01533453539013863,-1.529151916503906
1777498963139511040,0.002983410144224763,-0.01533929724246264,-1.529150009155273
1777498963149560320,0.002982464153319597,-0.01534386351704597,-1.529150605201721
1777498963159589888,0.002984847640618682,-0.01534671429544687,-1.529151320457458
1777498963169601024,0.002985280938446522,-0.01534435711801052,-1.529151678085327
1777498963179594752,0.002988187130540609,-0.01534917298704386,-1.5291508436203
1777498963189570560,0.002986702602356672,-0.0153520330786705,-1.529152512550354
1777498963199527424,0.002988370368257165,-0.01535077858716249,-1.529151201248169
1777498963209465088,0.002991317771375179,-0.01535150874406099,-1.529147744178772
1777498963219383552,0.002989769913256168,-0.01535522751510143,-1.529144644737244
1777498963229283072,0.002986224135383964,-0.01536208018660545,-1.529144644737244
1777498963239163392,0.002990368055179715,-0.01536575611680746,-1.52914822101593
1777498963249024256,0.00299211754463613,-0.01536968164145947,-1.529154300689697
1777498963258866688,0.00299372780136764,-0.0153711773455143,-1.529151201248169
1777498963268690432,0.002995810937136412,-0.01536668743938208,-1.529150605201721
1777498963278494976,0.002993561793118715,-0.01536262314766645,-1.529152631759644
1777498963288280576,0.002991544315591455,-0.01536435820162296,-1.529151201248169
1777498963298281216,0.002992705907672644,-0.01536615844815969,-1.529152035713196
1777498963308496384,0.002995432587340474,-0.01536103524267673,-1.52914834022522
1777498963318691840,0.003007857827469707,-0.01536113955080509,-1.529146790504456
1777498963328867584,0.003008291125297546,-0.01535976957529783,-1.529147267341614
1777498963339023360,0.003007145365700126,-0.01536757405847311,-1.529147148132324
1777498963349159424,0.003009638283401728,-0.0153672955930233,-1.5291508436203
1777498963359277568,0.003005521604791284,-0.01536152325570583,-1.52914822101593
1777498963369376256,0.003008113242685795,-0.01536035630851984,-1.529146671295166
1777498963379455488,0.003012546105310321,-0.0153591176494956,-1.529146194458008
1777498963389515008,0.003012241329997778,-0.01536804065108299,-1.52914822101593
1777498963399555328,0.003013548674061894,-0.01536375470459461,-1.52914822101593
1777498963409575936,0.003020295407623053,-0.0153636047616601,-1.529151082038879
1777498963419577088,0.003025967860594392,-0.01536213327199221,-1.529147744178772
1777498963429558528,0.00302738999016583,-0.0153568284586072,-1.529154062271118
1777498963439521280,0.003020924981683493,-0.01536029949784279,-1.529156804084778
1777498963449464320,0.003024016972631216,-0.01536035072058439,-1.52915358543396
1777498963459388160,0.003029684070497751,-0.01536371931433678,-1.52915346622467
1777498963469292800,0.003030076622962952,-0.01535867899656296,-1.52915632724762
1777498963479178496,0.003035123459994793,-0.01535646431148052,-1.529157280921936
1777498963489044992,0.003036152105778456,-0.01535647176206112,-1.529158592224121
1777498963498891776,0.003030782332643867,-0.01535390689969063,-1.529164671897888
1777498963508719872,0.003035136498510838,-0.0153562230989337,-1.529167532920837
1777498963518529792,0.003027928527444601,-0.01535827293992043,-1.529166460037231
1777498963528320512,0.003028934122994542,-0.01535437256097794,-1.529165983200073
1777498963538323712,0.003029118059203029,-0.01535146031528711,-1.529166460037231
1777498963548538880,0.003031556960195303,-0.01534833014011383,-1.529169201850891
1777498963558734592,0.003030632622539997,-0.0153486505150795,-1.529173731803894
1777498963568910336,0.003035765839740634,-0.01534497737884521,-1.529171109199524
1777498963579066368,0.003035430796444416,-0.01534633338451385,-1.529168605804443
1777498963589202944,0.003039312083274126,-0.01534339692443609,-1.529170751571655
1777498963599319808,0.003045545890927315,-0.01534478273242712,-1.529169082641602
1777498963609417472,0.003045851830393076,-0.01534339878708124,-1.529167652130127
1777498963619495168,0.003040809649974108,-0.01534224208444357,-1.529167532920837
1777498963629553152,0.003044598968699574,-0.01535128336399794,-1.529168486595154
1777498963639593216,0.003043825039640069,-0.01535694114863873,-1.529168486595154
1777498963649615360,0.00304227857850492,-0.01536065991967916,-1.529169082641602
1777498963659618304,0.00304649630561471,-0.01535855978727341,-1.529168367385864
1777498963669602048,0.003040179843083024,-0.01535915769636631,-1.529166698455811
1777498963679566336,0.003044460667297244,-0.01535676512867212,-1.529164791107178
1777498963689511424,0.003044663462787867,-0.01535916235297918,-1.529166102409363
1777498963699437056,0.003049300983548164,-0.0153588829562068,-1.529160499572754
1777498963709343488,0.003052670508623123,-0.01536051090806723,-1.529154658317566
1777498963719230976,0.003049714956432581,-0.01536587346345186,-1.5291508436203
1777498963729099520,0.003052224172279239,-0.01536606159061193,-1.529148459434509
1777498963738948864,0.003053060732781887,-0.01537138130515814,-1.529149174690247
1777498963748779264,0.003046802710741758,-0.01537423860281706,-1.529150009155273
1777498963758590720,0.003049594350159168,-0.0153699116781354,-1.529144406318665
1777498963768382720,0.003050419734790921,-0.01537434104830027,-1.529143691062927
1777498963778387200,0.003049672115594149,-0.01537279598414898,-1.529139876365662
1777498963788603392,0.003040391253307462,-0.01537734176963568,-1.529133677482605
1777498963798799872,0.003037735121324658,-0.01537960115820169,-1.529130935668945
1777498963808977152,0.003040540730580688,-0.0153784267604351,-1.529123544692993
1777498963819135488,0.003034903202205896,-0.01537851803004742,-1.529121398925781
1777498963829274368,0.003033275483176112,-0.01537387073040009,-1.529119968414307
1777498963839393536,0.00303402915596962,-0.01537651009857655,-1.529115676879883
1777498963849493760,0.003031850326806307,-0.01537346187978983,-1.529115438461304
1777498963859574784,0.003033185144886374,-0.01536739803850651,-1.529114365577698
1777498963869636096,0.003039031522348523,-0.01536895614117384,-1.529114961624146
1777498963879677952,0.003036009846255183,-0.0153778288513422,-1.52911913394928
1777498963889700608,0.00303917215205729,-0.01538257859647274,-1.529120087623596
1777498963899704064,0.003037721617147326,-0.01538358069956303,-1.529121875762939
1777498963909687808,0.00304354028776288,-0.01538299117237329,-1.52912449836731
1777498963919652096,0.003045365680009127,-0.01538725104182959,-1.529123663902283
1777498963929599232,0.003043660894036293,-0.01539312861859798,-1.529122948646545
1777498963939529216,0.003042512107640505,-0.01539583224803209,-1.529129385948181
1777498963949440256,0.003038514638319612,-0.01539185177534819,-1.529131531715393
1777498963959332352,0.003042737953364849,-0.01539275888353586,-1.529134035110474
1777498963969205248,0.003043717937543988,-0.01538863498717546,-1.529131174087524
1777498963979059200,0.003043423872441053,-0.01539044547826052,-1.529128909111023
1777498963988893952,0.003044148441404104,-0.01539104431867599,-1.529127359390259
1777498963998709760,0.003037795890122652,-0.01539026387035847,-1.529129862785339
1777498964008507136,0.003035905072465539,-0.01538990437984467,-1.529129862785339
1777498964018285568,0.003036708105355501,-0.01538845524191856,-1.529131650924683
1777498964028503296,0.003034052671864629,-0.01538350060582161,-1.529132723808289
1777498964038701312,0.003030983498319983,-0.01538307685405016,-1.529135704040527
1777498964048879360,0.003026985563337803,-0.01537192147225142,-1.529136896133423
1777498964059038464,0.003031067317351699,-0.01537480764091015,-1.529135584831238
1777498964069178112,0.003023544559255242,-0.01537726726382971,-1.529138207435608
1777498964079297792,0.003023110097274184,-0.0153800044208765,-1.529142379760742
1777498964089398016,0.003019004594534636,-0.01537969335913658,-1.529141187667847
1777498964099478784,0.003023412544280291,-0.01537363603711128,-1.529139637947083
1777498964109540352,0.003026349004358053,-0.01536875497549772,-1.529140114784241
1777498964119582464,0.003034024965018034,-0.01536983903497458,-1.529142498970032
1777498964129604608,0.003032716922461987,-0.0153759466484189,-1.529142618179321
1777498964139607552,0.003032463835552335,-0.01537772454321384,-1.529141783714294
1777498964149591552,0.003033931367099285,-0.01537754293531179,-1.529141545295715
1777498964159555840,0.003031214699149132,-0.01538070105016232,-1.529138803482056
1777498964169500672,0.003036462236195803,-0.01538036204874516,-1.529137015342712
1777498964179426048,0.003038339782506227,-0.01537616271525621,-1.529131770133972
1777498964189332224,0.003045772667974234,-0.01537444069981575,-1.529130935668945
1777498964199219200,0.003049630671739578,-0.01537722907960415,-1.529130697250366
1777498964209089792,0.003050530329346657,-0.01537412125617266,-1.529134154319763
1777498964218944512,0.003052901243790984,-0.01537301763892174,-1.529135823249817
1777498964228780032,0.003052123822271824,-0.01537321694195271,-1.52913761138916
1777498964238596608,0.003049505641683936,-0.01537432242184877,-1.529136061668396
1777498964248394240,0.00304799247533083,-0.01537558622658253,-1.529133796691895
1777498964258172928,0.00305056176148355,-0.01537118759006262,-1.529134631156921
1777498964268397312,0.00305151822976768,-0.01537780929356813,-1.52913510799408
1777498964278601984,0.003052634187042713,-0.01538307219743729,-1.529137372970581
1777498964288786688,0.003045160789042711,-0.01538768783211708,-1.529143095016479
1777498964298952960,0.003048107726499438,-0.01539070252329111,-1.529141545295715
1777498964309099776,0.003045822726562619,-0.01539229694753885,-1.529141664505005
1777498964319226624,0.003040786599740386,-0.01539540477097034,-1.529140710830688
1777498964329333760,0.003037846647202969,-0.01538991089910269,-1.529140114784241
1777498964339421184,0.003032637061551213,-0.01538582239300013,-1.529139876365662
1777498964349489152,0.003029318992048502,-0.01538511272519827,-1.529139041900635
1777498964359537152,0.003038018709048629,-0.0153832221403718,-1.52913773059845
1777498964369565184,0.003038467839360237,-0.01538524497300386,-1.529137253761292
1777498964379574528,0.003035950707271695,-0.0153762474656105,-1.529136300086975
1777498964389564160,0.003037202404811978,-0.01537448819726706,-1.52913236618042
1777498964399534336,0.003043249016627669,-0.01537525746971369,-1.529135227203369
1777498964409485568,0.003043769160285592,-0.0153760863468051,-1.529132723808289
1777498964419417600,0.00304913567379117,-0.01537228282541037,-1.529131174087524
1777498964429330176,0.003047351259738207,-0.01537549030035734,-1.52912437915802
1777498964439228928,0.003052429528906941,-0.01537296827882528,-1.529120564460754
1777498964449108480,0.003052270039916039,-0.01536986045539379,-1.52912175655365
1777498964458968832,0.003056316636502743,-0.01536890491843224,-1.529121279716492
1777498964468810240,0.003061276627704501,-0.01536033861339092,-1.52912437915802
1777498964478632704,0.003057221183553338,-0.01536318566650152,-1.529123544692993
1777498964488436224,0.003055530367419124,-0.0153653584420681,-1.529130935668945
1777498964498220544,0.003055297303944826,-0.01536695752292871,-1.529133915901184
1777498964508444672,0.003050012746825814,-0.01536464970558882,-1.529130697250366
1777498964518648832,0.0030470946803689,-0.01536659803241491,-1.52913236618042
1777498964528834048,0.003051683073863387,-0.0153661435469985,-1.529131531715393
1777498964538999808,0.003046295139938593,-0.01536034699529409,-1.529137015342712
1777498964549145600,0.003046835772693157,-0.01535453274846077,-1.529139995574951
1777498964559272192,0.003051966661587358,-0.01535792462527752,-1.529140949249268
1777498964569379328,0.003055072389543056,-0.01535411458462477,-1.529137969017029
1777498964579469312,0.003056560177356005,-0.01535949390381575,-1.529135823249817
1777498964589540096,0.003060022136196494,-0.01535739842802286,-1.52913498878479
1777498964599591680,0.003059539943933487,-0.01536104641854763,-1.529138565063477
1777498964609623552,0.003065619617700577,-0.01536193490028381,-1.529136061668396
1777498964619636480,0.003056493122130632,-0.01535801310092211,-1.529136657714844
1777498964629629696,0.003055253531783819,-0.01536254584789276,-1.529135346412659
1777498964639603456,0.00305420602671802,-0.01536168903112411,-1.529135227203369
1777498964649558272,0.003054231405258179,-0.01536551862955093,-1.529135346412659
1777498964659494400,0.003054698929190636,-0.01537382882088423,-1.52913498878479
1777498964669411072,0.003054737579077482,-0.01537537481635809,-1.529130101203918
1777498964679308544,0.003053437452763319,-0.01537895109504461,-1.529132723808289
1777498964689186816,0.003054150845855474,-0.01538552902638912,-1.529137015342712
1777498964699045888,0.003056570887565613,-0.01538209151476622,-1.529134273529053
1777498964708886016,0.003057497553527355,-0.01537651754915714,-1.529136896133423
1777498964718706944,0.003054386936128139,-0.01537275686860085,-1.529136776924133
1777498964728509952,0.00305907940492034,-0.01537148654460907,-1.529135823249817
1777498964738298112,0.003060808870941401,-0.01536740176379681,-1.529137134552002
1777498964748300544,0.003064146032556891,-0.01536825299263,-1.529144048690796
1777498964758514432,0.003061063122004271,-0.01536992751061916,-1.529146432876587
1777498964768709632,0.003064860822632909,-0.01537487749010324,-1.529140472412109
1777498964778884864,0.003061746479943395,-0.01537874341011047,-1.529141664505005
1777498964789040384,0.003062672447413206,-0.01537806261330843,-1.529143691062927
1777498964799175936,0.003072086488828063,-0.01537762489169836,-1.529146790504456
1777498964809292032,0.003074246691539884,-0.01537755317986012,-1.529144644737244
1777498964819388160,0.003077940084040165,-0.01537745725363493,-1.529144763946533
1777498964829465088,0.003080397611483932,-0.01537709962576628,-1.529142498970032
1777498964839525120,0.003079491434618831,-0.01537758018821478,-1.529139637947083
1777498964849565440,0.003083622781559825,-0.01537924911826849,-1.529139280319214
1777498964859586304,0.00308137689717114,-0.01537147164344788,-1.529139995574951
1777498964869587968,0.003085696371272206,-0.01537005696445704,-1.529141306877136
1777498964879570432,0.00308238947764039,-0.01536598615348339,-1.529143214225769
1777498964889533440,0.003086507320404053,-0.01536628045141697,-1.529146909713745
1777498964899476992,0.003090380923822522,-0.01537352986633778,-1.529143691062927
1777498964909401088,0.003089212579652667,-0.01537537667900324,-1.529147386550903
1777498964919306752,0.003089506179094315,-0.01537087745964527,-1.529151201248169
1777498964929193216,0.003089332254603505,-0.01537493895739317,-1.529152989387512
1777498964939060736,0.003095059422776103,-0.01537586469203234,-1.529154658317566
1777498964948908800,0.003097751177847385,-0.01537397503852844,-1.529154539108276
1777498964958737920,0.003094808431342244,-0.01536576170474291,-1.529148817062378
1777498964968547584,0.003092258702963591,-0.01536085270345211,-1.529143929481506
1777498964978338304,0.003090538084506989,-0.01536641735583544,-1.529139637947083
1777498964988341760,0.003090738551691175,-0.01536343153566122,-1.52914023399353
1777498964998557952,0.003100243164226413,-0.01536288112401962,-1.529142618179321
1777498965008754432,0.003093179780989885,-0.0153691628947854,-1.529147148132324
1777498965018931456,0.003101268084719777,-0.01536005828529596,-1.529149651527405
1777498965029089024,0.003100896719843149,-0.01536579895764589,-1.529153943061829
1777498965039227392,0.003107564058154821,-0.01536563318222761,-1.529156684875488
1777498965049346048,0.003098264103755355,-0.01536427717655897,-1.529159545898438
1777498965059445504,0.003095133928582072,-0.01536775100976229,-1.529160737991333
1777498965069525248,0.003099743044003844,-0.01536633167415857,-1.529164552688599
1777498965079585792,0.003094534389674664,-0.0153612494468689,-1.52916693687439
1777498965089626624,0.003096783068031073,-0.01536592561751604,-1.529171705245972
1777498965099651584,0.003097926033660769,-0.01536488626152277,-1.529167532920837
1777498965109657088,0.003094741376116872,-0.01536620873957872,-1.529167175292969
1777498965119643648,0.003091719932854176,-0.01536780875176191,-1.529170751571655
1777498965129610752,0.003091601654887199,-0.0153649328276515,-1.529171109199524
1777498965139558912,0.003092733910307288,-0.01536573003977537,-1.529171466827393
1777498965149487872,0.003090903395786881,-0.01536998338997364,-1.52916944026947
1777498965159397376,0.003092945786193013,-0.0153683815151453,-1.529171228408813
1777498965169287680,0.003093518316745758,-0.01536890584975481,-1.529167294502258
1777498965179159808,0.00309679051861167,-0.01536570768803358,-1.529166340827942
1777498965189012480,0.003096474800258875,-0.01536583807319403,-1.529167175292969
1777498965198846720,0.003102342132478952,-0.01537204068154097,-1.529170513153076
1777498965208661504,0.003103104652836919,-0.01537313871085644,-1.529170393943787
1777498965218458112,0.003101665526628494,-0.0153809878975153,-1.529170632362366
1777498965228465408,0.00310762831941247,-0.01538186892867088,-1.529172539710999
1777498965238682368,0.003110888879746199,-0.01538318768143654,-1.529174208641052
1777498965248879616,0.00310602830722928,-0.01537899300456047,-1.529173254966736
1777498965259057664,0.003105891868472099,-0.01537900697439909,-1.529181003570557
1777498965269216000,0.003101487644016743,-0.01538177952170372,-1.529183149337769
1777498965279355136,0.003097417298704386,-0.01538617257028818,-1.529187679290771
1777498965289474304,0.003093343460932374,-0.01537859719246626,-1.529191732406616
1777498965299573760,0.0030957015696913,-0.01537425350397825,-1.529192686080933
1777498965309653504,0.003090657060965896,-0.01537525188177824,-1.529194116592407
1777498965319713792,0.003087294287979603,-0.01537561044096947,-1.529195070266724
1777498965329754112,0.003088560653850436,-0.01537766959518194,-1.529199242591858
1777498965339779072,0.00309462589211762,-0.01537899300456047,-1.529197216033936
1777498965349784320,0.003095290390774608,-0.01537532825022936,-1.529196977615356
1777498965359770624,0.003091968828812242,-0.01537828892469406,-1.529197454452515
1777498965369737728,0.003093843115493655,-0.01537980698049068,-1.529193520545959
1777498965379685632,0.003089824691414833,-0.01538278814405203,-1.529198169708252
1777498965389614080,0.003087709890678525,-0.01538439281284809,-1.5291987657547
1777498965399523072,0.003091527381911874,-0.01538296137005091,-1.529195189476013
1777498965409413120,0.003090447979047894,-0.01538434810936451,-1.529193043708801
1777498965419284736,0.003093875246122479,-0.0153794027864933,-1.529192566871643
1777498965429136640,0.003094163257628679,-0.01537989638745785,-1.529195427894592
1777498965438969856,0.003095878986641765,-0.01538106147199869,-1.529195427894592
1777498965448783104,0.003098413813859224,-0.0153800081461668,-1.52919602394104
1777498965458577408,0.003110149409621954,-0.01538221817463636,-1.529195785522461
1777498965468352768,0.003108770819380879,-0.01537516433745623,-1.529198884963989
1777498965478571264,0.003109478624537587,-0.01536881178617477,-1.529196262359619
1777498965488770048,0.00311148096807301,-0.01536719687283039,-1.529196500778198
1777498965498949376,0.003110295394435525,-0.01536500826478004,-1.52919864654541
1777498965509109760,0.003106096293777227,-0.01537053380161524,-1.529200553894043
1777498965519250944,0.003101520705968142,-0.01537105441093445,-1.529199242591858
1777498965529372416,0.003105752170085907,-0.01537194941192865,-1.529198408126831
1777498965539474432,0.00310532795265317,-0.01537031214684248,-1.529196262359619
1777498965549557248,0.003103910246863961,-0.01537122204899788,-1.529194235801697
1777498965559620608,0.003108697244897485,-0.01536856032907963,-1.529187798500061
1777498965569666048,0.00310683180578053,-0.01537045184522867,-1.5291907787323
1777498965579692032,0.003106844378635287,-0.01537182833999395,-1.52918815612793
1777498965589698816,0.003106325166299939,-0.01537216268479824,-1.529191970825195
1777498965599686400,0.003104205476120114,-0.01537027303129435,-1.529189944267273
1777498965609654528,0.003101218258962035,-0.01537002716213465,-1.529191017150879
1777498965619603456,0.003103142837062478,-0.01536525972187519,-1.529190540313721
1777498965629533184,0.003100576344877481,-0.01536366064101458,-1.529187321662903
1777498965639443712,0.003104748670011759,-0.01536380033940077,-1.529193997383118
1777498965649335808,0.003110994584858418,-0.01536395121365786,-1.529194116592407
1777498965659209216,0.003110588761046529,-0.01536598708480597,-1.529192924499512
1777498965669063680,0.00311457528732717,-0.01536785718053579,-1.529190182685852
1777498965678898944,0.003114053281024098,-0.01536705158650875,-1.529190540313721
1777498965688715008,0.003113634185865521,-0.01536581199616194,-1.529194235801697
1777498965698512384,0.003113299375399947,-0.01536894310265779,-1.529191970825195
1777498965708290816,0.003117573214694858,-0.01536662690341473,-1.52919065952301
1777498965718509824,0.003127167699858546,-0.01537520717829466,-1.529192328453064
1777498965728709888,0.003127352567389607,-0.01537594478577375,-1.529192209243774
1777498965738890496,0.003131762612611055,-0.01537276897579432,-1.529191613197327
1777498965749051904,0.003127426840364933,-0.01537174079567194,-1.529190063476562
1777498965759193344,0.003132566111162305,-0.01537021994590759,-1.529188513755798
1777498965769315584,0.003134800121188164,-0.01537091471254826,-1.529185891151428
1777498965779418112,0.003136254148557782,-0.01537570357322693,-1.5291827917099
1777498965789501440,0.003131569363176823,-0.01537616085261106,-1.529183030128479
1777498965799565568,0.003131429897621274,-0.01537395268678665,-1.529187917709351
1777498965809609984,0.003134264145046473,-0.01536907907575369,-1.529182314872742
1777498965819635456,0.003134211990982294,-0.01536905765533447,-1.529182076454163
1777498965829643776,0.003137066960334778,-0.01536889746785164,-1.529178857803345
1777498965839634176,0.003138141706585884,-0.01537540182471275,-1.529176235198975
1777498965849605376,0.003141580149531364,-0.01537524815648794,-1.529177188873291
1777498965859557376,0.003143648384138942,-0.01537797227501869,-1.529176950454712
1777498965869490432,0.003144292393699288,-0.01538271456956863,-1.52918004989624
1777498965879404288,0.003143556648865342,-0.01539331302046776,-1.529183864593506
1777498965889298944,0.00315535138361156,-0.01539401430636644,-1.529190897941589
1777498965899174144,0.003150461008772254,-0.01539652049541473,-1.529191017150879
1777498965909031168,0.003161215921863914,-0.01539827696979046,-1.529184818267822
1777498965918868992,0.00316916685551405,-0.01539393980056047,-1.529168725013733
1777498965928687872,0.003170590149238706,-0.01538452040404081,-1.529164552688599
1777498965938487552,0.003171531017869711,-0.01540177036076784,-1.529174327850342
1777498965948268032,0.003163183107972145,-0.01538320537656546,-1.529179811477661
1777498965958492416,0.003173865843564272,-0.01538505777716637,-1.529184579849243
1777498965968697600,0.003176836529746652,-0.01538021024316549,-1.529196381568909
1777498965978883328,0.003165475092828274,-0.01538258139044046,-1.529203414916992
1777498965989049600,0.003156149992719293,-0.0153855811804533,-1.529207825660706
1777498965999196416,0.003160584485158324,-0.0153937553986907,-1.529209136962891
1777498966009323264,0.003157488768920302,-0.01539028063416481,-1.529205441474915
1777498966019430656,0.003161641536280513,-0.01539801806211472,-1.529199481010437
1777498966029518080,0.003156075952574611,-0.01540227886289358,-1.5291987657547
1777498966039586048,0.003156831720843911,-0.01540374662727118,-1.529201745986938
1777498966049634304,0.003140860702842474,-0.01540650893002748,-1.529203295707703
1777498966059663360,0.003147076582536101,-0.01541225146502256,-1.529199719429016
1777498966069673472,0.003144853981211782,-0.01541538536548615,-1.52919340133667
1777498966079664128,0.003162204520776868,-0.01540509145706892,-1.529173016548157
1777498966089638912,0.003166568232700229,-0.01539234258234501,-1.529152512550354
1777498966099594496,0.003169241128489375,-0.01538860984146595,-1.529141783714294
1777498966109531392,0.00318404589779675,-0.01540054939687252,-1.529147863388062
1777498966119448832,0.003186714602634311,-0.01537837460637093,-1.529147505760193
1777498966129347072,0.003204497508704662,-0.01538057439029217,-1.529158353805542
1777498966139226368,0.003212030977010727,-0.01537231914699078,-1.529173612594604
1777498966149086464,0.003215497126802802,-0.01537326443940401,-1.529179692268372
1777498966158927360,0.003194567514583468,-0.01536539010703564,-1.52919340133667
1777498966168749824,0.003200050443410873,-0.01537832990288734,-1.529201984405518
1777498966178553344,0.003195671364665031,-0.01538168732076883,-1.529207110404968
1777498966188337664,0.003191325115039945,-0.01538093574345112,-1.529211521148682
1777498966198337536,0.00319319125264883,-0.01539352349936962,-1.529216885566711
1777498966208551680,0.003194722114130855,-0.01540225185453892,-1.52922260761261
1777498966218746112,0.003183548804372549,-0.01539979502558708,-1.529227137565613
1777498966228921344,0.003178695449605584,-0.01540442835539579,-1.52923059463501
1777498966239076864,0.003176419297233224,-0.01540326047688723,-1.529235005378723
1777498966249212672,0.00318279373459518,-0.01540369354188442,-1.529226899147034
1777498966259330560,0.003183587687090039,-0.01540298014879227,-1.529209971427917
1777498966269428736,0.003194671357050538,-0.01540312264114618,-1.529191970825195
1777498966279507456,0.003192979376763105,-0.01539662387222052,-1.529168725013733
1777498966289566208,0.003188664093613625,-0.01539468113332987,-1.529159426689148
1777498966299605760,0.003193234326317906,-0.01540173776447773,-1.529153227806091
1777498966309625600,0.003200533101335168,-0.01538541540503502,-1.529158592224121
1777498966319625728,0.003207070054486394,-0.01538088265806437,-1.529163718223572
1777498966329606400,0.003210856579244137,-0.01538531295955181,-1.529175639152527
1777498966339568128,0.003214971395209432,-0.01538799796253443,-1.529180288314819
1777498966349510656,0.00321418116800487,-0.01538670249283314,-1.529179930686951
1777498966359433728,0.003214657539501786,-0.0153978168964386,-1.529180765151978
1777498966369337600,0.003212956013157964,-0.01540107652544975,-1.529191732406616
1777498966379222016,0.00321168452501297,-0.01541208103299141,-1.529199957847595
1777498966389087232,0.003218885743990541,-0.01541111525148153,-1.529209494590759
1777498966398933248,0.003219005418941379,-0.01541117485612631,-1.529211521148682
1777498966408760064,0.003210320370271802,-0.01539964135736227,-1.529217720031738
1777498966418568960,0.003206908935680985,-0.01540190912783146,-1.529223680496216
1777498966428358912,0.003205167129635811,-0.01540166977792978,-1.529227733612061
1777498966438361856,0.003207320347428322,-0.01541276276111603,-1.529220938682556
1777498966448577536,0.003198139136657119,-0.01541716977953911,-1.529207110404968
1777498966458773504,0.003160568652674556,-0.01540948078036308,-1.529195427894592
1777498966468950272,0.00311324605718255,-0.01540015731006861,-1.529223442077637
1777498966479107328,0.003101671813055873,-0.01539516914635897,-1.5292888879776
1777498966489244672,0.00308556598611176,-0.01540953293442726,-1.529359936714172
1777498966499362304,0.003057203954085708,-0.01539474353194237,-1.529443144798279
1777498966509460480,0.003056901739910245,-0.01542544458061457,-1.529512405395508
1777498966519538944,0.00304823275655508,-0.01543260645121336,-1.529547452926636
1777498966529597696,0.003044112119823694,-0.01542231254279613,-1.529560208320618
1777498966539636736,0.003042643424123526,-0.0154211800545454,-1.529534935951233
1777498966549657088,0.003063512733206153,-0.01544058229774237,-1.529485821723938
1777498966559657728,0.003110450692474842,-0.01544854696840048,-1.52942168712616
1777498966569638656,0.003159155137836933,-0.01543756015598774,-1.529340863227844
1777498966579603968,0.003194735385477543,-0.01544814743101597,-1.529236674308777
1777498966589550080,0.003229579888284206,-0.01544815115630627,-1.529136300086975
1777498966599476992,0.003253121394664049,-0.01543032191693783,-1.529055953025818
1777498966609384448,0.003281644312664866,-0.01542098820209503,-1.528995394706726
1777498966619272960,0.003296655835583806,-0.01541819423437119,-1.528943181037903
1777498966629142016,0.003312030108645558,-0.01543615479022264,-1.52890419960022
1777498966638991616,0.003322501201182604,-0.0154368570074439,-1.528904438018799
1777498966648822272,0.003316655056551099,-0.01542925741523504,-1.528940200805664
1777498966658634240,0.003299200208857656,-0.01543090678751469,-1.528992056846619
1777498966668427008,0.003277536947280169,-0.01543379854410887,-1.529057145118713
1777498966678200832,0.003256041090935469,-0.01542934402823448,-1.529133319854736
1777498966688417280,0.003214214462786913,-0.01542913261801004,-1.529216408729553
1777498966698613760,0.00320059061050415,-0.01543102134019136,-1.529292941093445
1777498966708791040,0.003178780898451805,-0.01543000526726246,-1.529345273971558
1777498966718949120,0.003166518174111843,-0.01542247179895639,-1.529370069503784
1777498966729088000,0.00317097082734108,-0.0154314860701561,-1.529378294944763
1777498966739207168,0.003179830266162753,-0.01542304269969463,-1.529359579086304
1777498966749306880,0.003182538552209735,-0.01541400142014027,-1.529323697090149
1777498966759387136,0.003203696804121137,-0.01541746035218239,-1.529282808303833
1777498966769448192,0.00321740610525012,-0.01540710590779781,-1.529239654541016
1777498966779489792,0.003239919431507587,-0.01539953704923391,-1.529192805290222
1777498966789513984,0.003261334728449583,-0.01540232636034489,-1.529151678085327
1777498966799520768,0.003281494602560997,-0.01544920634478331,-1.529123187065125
1777498966809508096,0.003361601382493973,-0.01541820168495178,-1.529118537902832
1777498966819476480,0.003282292047515512,-0.01536410301923752,-1.529102921485901
1777498966829425408,0.00325681664980948,-0.01538544334471226,-1.52912175655365
1777498966839355648,0.003268466796725988,-0.01540286559611559,-1.529106736183167
1777498966849266688,0.003284945385530591,-0.01539161894470453,-1.529116272926331
1777498966859158528,0.003263152670115232,-0.01540924608707428,-1.529126524925232
1777498966869031680,0.0032641242723912,-0.01540019456297159,-1.529163837432861
1777498966878885888,0.003240637481212616,-0.01538919471204281,-1.529185771942139
1777498966888721152,0.003242278704419732,-0.01541172806173563,-1.529199361801147
1777498966898537216,0.003245397936552763,-0.01543254032731056,-1.529212236404419
1777498966908334336,0.00324821169488132,-0.01542110182344913,-1.529228091239929
1777498966918112512,0.003229897702112794,-0.01542173512279987,-1.529224514961243
1777498966928330496,0.003230443689972162,-0.01542805042117834,-1.529216408729553
1777498966938528512,0.003243170445784926,-0.01544875651597977,-1.529210448265076
1777498966948706816,0.003233037190511823,-0.01542951539158821,-1.529201507568359
1777498966958865664,0.003251420566812158,-0.01543990708887577,-1.529194235801697
1777498966969005312,0.003250265726819634,-0.01543188747018576,-1.529193758964539
1777498966979125248,0.003256547264754772,-0.01543096639215946,-1.529196619987488
1777498966989225728,0.00325317052192986,-0.0154254324734211,-1.529197216033936
1777498966999306752,0.003265255130827427,-0.01543817203491926,-1.529194474220276
1777498967009368576,0.003264489350840449,-0.01542656123638153,-1.529197573661804
1777498967019410688,0.003266579704359174,-0.01543744374066591,-1.529196619987488
1777498967029433600,0.003264834173023701,-0.01543321367353201,-1.529192447662354
1777498967039437312,0.003264938946813345,-0.01543958019465208,-1.529187083244324
1777498967049421824,0.00326233939267695,-0.01543306838721037,-1.529183506965637
1777498967059386880,0.003268468892201781,-0.01544428803026676,-1.529186010360718
1777498967069332480,0.00326111214235425,-0.01544062048196793,-1.529191136360168
1777498967079258624,0.00325268879532814,-0.0154405115172267,-1.529198527336121
1777498967089165568,0.003196525387465954,-0.01543008163571358,-1.529192447662354
1777498967099053056,0.003255429677665234,-0.0154954306781292,-1.529210805892944
1777498967108928000,0.003371714381501079,-0.01546800509095192,-1.529227614402771
1777498967118783744,0.003285982878878713,-0.01542411372065544,-1.529211521148682
1777498967128620544,0.003261746373027563,-0.01544934324920177,-1.529230952262878
1777498967138438144,0.003258050652220845,-0.0154482489451766,-1.529224395751953
1777498967148237312,0.003284504404291511,-0.01545132417231798,-1.52921736240387
1777498967158017280,0.003288126550614834,-0.01546653639525175,-1.529202938079834
1777498967168241664,0.003295830683782697,-0.01546610705554485,-1.529203176498413
1777498967178446848,0.003290522377938032,-0.0154697522521019,-1.529194355010986
1777498967188632064,0.00331409671343863,-0.01547118369489908,-1.529197216033936
1777498967198798592,0.003316370537504554,-0.0154673783108592,-1.52919590473175
1777498967208945664,0.003315335605293512,-0.01547307521104813,-1.529194593429565
1777498967219073536,0.003300552256405354,-0.01546916924417019,-1.5291907787323
1777498967229181440,0.003310239408165216,-0.01547491829842329,-1.529189825057983
1777498967239270144,0.003309714375063777,-0.01548102125525475,-1.529190540313721
1777498967249339136,0.003300164360553026,-0.01547822263091803,-1.529194235801697
1777498967259388672,0.003304359503090382,-0.01548714283853769,-1.529197096824646
1777498967269418752,0.003308334155008197,-0.01548302453011274,-1.529201626777649
1777498967279431680,0.003267668187618256,-0.01548642478883266,-1.529202938079834
1777498967289426944,0.003184659639373422,-0.01545512769371271,-1.5291907787323
1777498967299403008,0.003219174919649959,-0.0154374223202467,-1.529227375984192
1777498967309359616,0.003178877290338278,-0.01547566894441843,-1.52925169467926
1777498967319297024,0.003310814965516329,-0.01550559420138597,-1.529255867004395
1777498967329214976,0.003333353670313954,-0.01552204135805368,-1.529248595237732
1777498967339113728,0.003316550748422742,-0.01550230011343956,-1.529216647148132
1777498967348993280,0.003296102164313197,-0.0155087411403656,-1.529210925102234
1777498967358853632,0.003305756486952305,-0.0155130298808217,-1.529207706451416
1777498967368695552,0.003312448039650917,-0.01551445852965117,-1.529205560684204
1777498967378518272,0.003316221060231328,-0.01550623215734959,-1.529201626777649
1777498967388322304,0.003341788193210959,-0.01552263926714659,-1.529207944869995
1777498967398107392,0.003347874851897359,-0.0155231012031436,-1.529206037521362
1777498967408332544,0.003342311130836606,-0.01551963575184345,-1.52920937538147
1777498967418537984,0.003338988870382309,-0.01552047859877348,-1.529206156730652
1777498967428723456,0.003347974736243486,-0.01552837435156107,-1.529206275939941
1777498967438889472,0.003344549098983407,-0.01551405712962151,-1.529200196266174
1777498967449035520,0.003365077311173081,-0.01553075760602951,-1.529203534126282
1777498967459162112,0.003366954624652863,-0.01553205214440823,-1.529207825660706
1777498967469270528,0.003362515009939671,-0.0155259883031249,-1.529206037521362
1777498967479359488,0.00336791668087244,-0.01552837435156107,-1.52920937538147
1777498967489428736,0.003369129961356521,-0.01553064398467541,-1.529211759567261
1777498967499478528,0.003365178126841784,-0.01552430167794228,-1.529212713241577
1777498967509509120,0.003363958559930325,-0.0155218280851841,-1.529203653335571
1777498967519520000,0.003373439889401197,-0.01552185136824846,-1.529199242591858
1777498967529511680,0.003377482295036316,-0.01553335040807724,-1.529196619987488
1777498967539483904,0.003372312057763338,-0.01551962085068226,-1.529201626777649
1777498967549437184,0.003364641452208161,-0.01552012376487255,-1.529208779335022
1777498967559371264,0.00336895976215601,-0.01551913470029831,-1.529208660125732
1777498967569286144,0.003379420377314091,-0.0155200557783246,-1.529206514358521
1777498967579181824,0.003385668620467186,-0.01552365440875292,-1.529206275939941
1777498967589058048,0.003302606055513024,-0.0155904358252883,-1.529206514358521
1777498967598915072,0.003448745235800743,-0.01557064894586802,-1.529234051704407
1777498967608752896,0.003373857820406556,-0.01545059587806463,-1.529295206069946
1777498967618571776,0.00322738173417747,-0.01559208612889051,-1.529339790344238
1777498967628372480,0.003302825381979346,-0.01555115729570389,-1.529362916946411
1777498967638161152,0.003325889352709055,-0.01558760553598404,-1.529354929924011
1777498967648163328,0.003352397587150335,-0.01555289980024099,-1.529326677322388
1777498967658377984,0.003324853489175439,-0.01555333379656076,-1.529305458068848
1777498967668573184,0.003324420657008886,-0.01554353535175323,-1.529276728630066
1777498967678748672,0.003354911226779222,-0.01556506101042032,-1.529245018959045
1777498967688904704,0.003366829361766577,-0.01554057933390141,-1.529217123985291
1777498967699041024,0.003388526383787394,-0.01554734632372856,-1.529203772544861
1777498967709159168,0.003397398395463824,-0.01555402763187885,-1.529188632965088
1777498967719258112,0.003400496672838926,-0.01556128356605768,-1.529168128967285
1777498967729337600,0.003400766989216208,-0.01553787477314472,-1.529163002967834
1777498967739397632,0.003392315236851573,-0.01555167231708765,-1.529164791107178
1777498967749438464,0.003388083074241877,-0.01553586218506098,-1.52916431427002
1777498967759459840,0.003410893958061934,-0.01555283553898335,-1.529171586036682
1777498967769461760,0.003406955394893885,-0.01554937567561865,-1.529180526733398
1777498967779444224,0.003404166549444199,-0.01555904932320118,-1.529194712638855
1777498967789408512,0.003378043184056878,-0.01554490812122822,-1.529213190078735
1777498967799353344,0.003378567984327674,-0.01555340643972158,-1.529220700263977
1777498967809278976,0.003373216139152646,-0.01555847190320492,-1.529222369194031
1777498967819185152,0.003370892256498337,-0.01556026097387075,-1.529213309288025
1777498967829072128,0.003371147904545069,-0.01556671131402254,-1.529204130172729
1777498967838940160,0.00336759677156806,-0.01556482259184122,-1.529196619987488
1777498967848789248,0.003357107751071453,-0.01556459441781044,-1.529195070266724
1777498967858619648,0.003357809502631426,-0.01556207425892353,-1.529194355010986
1777498967868439808,0.003361108247190714,-0.01556667871773243,-1.529200077056885
1777498967878241280,0.003384459996595979,-0.01556776743382215,-1.529205560684204
1777498967888250112,0.003379708388820291,-0.01562397554516792,-1.529199719429016
1777498967898465536,0.003499994287267327,-0.01560279168188572,-1.529221653938293
1777498967908660992,0.003386787138879299,-0.01553336624056101,-1.529197096824646
1777498967918836992,0.003354620421305299,-0.01555172353982925,-1.529221296310425
1777498967928993792,0.003346775891259313,-0.01555261015892029,-1.529220342636108
1777498967939130624,0.003367238445207477,-0.01555323880165815,-1.52922797203064
1777498967949247232,0.003376275766640902,-0.01557944901287556,-1.529219269752502
1777498967959344640,0.00338487233966589,-0.01557163055986166,-1.529226660728455
1777498967969422592,0.003367417957633734,-0.01556550059467554,-1.529219031333923
1777498967979480576,0.003386168042197824,-0.01557538658380508,-1.529215693473816
1777498967989519104,0.003385700518265367,-0.01557343825697899,-1.529218912124634
1777498967999538688,0.003391040954738855,-0.01556659024208784,-1.529223918914795
1777498968009538816,0.00340135907754302,-0.01557049341499805,-1.52922248840332
1777498968019519744,0.003403202397748828,-0.01556286588311195,-1.52921736240387
1777498968029483008,0.003424266818910837,-0.01556224469095469,-1.529223084449768
1777498968039428864,0.003413151251152158,-0.015551065094769,-1.52922248840332
1777498968049355520,0.003426173934713006,-0.01555800996720791,-1.529223680496216
1777498968059262720,0.003415931016206741,-0.01555532962083817,-1.529221415519714
1777498968069150976,0.003421809524297714,-0.01555582787841558,-1.529219150543213
1777498968079020032,0.003420657711103559,-0.01555009558796883,-1.529214143753052
1777498968088870144,0.00342163909226656,-0.01555631309747696,-1.529212236404419
1777498968098701056,0.003416153602302074,-0.0155479833483696,-1.529218554496765
1777498968108513280,0.003419408574700356,-0.01555489283055067,-1.529221057891846
1777498968118306560,0.003411815967410803,-0.01555929239839315,-1.529221177101135
1777498968128311808,0.003417224856093526,-0.01556070242077112,-1.529218792915344
1777498968138528256,0.003414520528167486,-0.01556170545518398,-1.529213547706604
1777498968148724736,0.003423010231927037,-0.01556805521249771,-1.529211044311523
1777498968158902528,0.003423948772251606,-0.01556896418333054,-1.529210329055786
1777498968169060608,0.003426336217671633,-0.01556316111236811,-1.5292147397995
1777498968179198720,0.003434137208387256,-0.01556588523089886,-1.529215931892395
1777498968189317120,0.003434372134506702,-0.01556386053562164,-1.529218316078186
1777498968199416320,0.003440611995756626,-0.01556056644767523,-1.529213905334473
1777498968209496064,0.003445273963734508,-0.01557541452348232,-1.529213428497314
1777498968219556352,0.003439654828980565,-0.01556761935353279,-1.529210329055786
1777498968229597184,0.003435652004554868,-0.01557430159300566,-1.529210448265076
1777498968239620864,0.003442976158112288,-0.01557695865631104,-1.529210925102234
1777498968249626880,0.00344599480740726,-0.01558103691786528,-1.529208183288574
1777498968259613440,0.003448736155405641,-0.01558063551783562,-1.529208779335022
1777498968269580800,0.00344261946156621,-0.01558130886405706,-1.529203057289124
1777498968279528960,0.003439583815634251,-0.01558460295200348,-1.529200673103333
1777498968289458176,0.003438304411247373,-0.01558003388345242,-1.529200077056885
1777498968299367936,0.003436478087678552,-0.01558420248329639,-1.529198527336121
1777498968309258496,0.003445754526183009,-0.01558337174355984,-1.529199481010437
1777498968319130112,0.003453062614426017,-0.01559301745146513,-1.529197335243225
1777498968328983296,0.003450924064964056,-0.01559672877192497,-1.529200553894043
1777498968338816768,0.003454082179814577,-0.01559836883097887,-1.529196858406067
1777498968348631296,0.003451939439401031,-0.01559719443321228,-1.52920126914978
1777498968358426624,0.00345860724337399,-0.01559808850288391,-1.529203176498413
1777498968368202752,0.003463719272986054,-0.01560203637927771,-1.529208779335022
1777498968378421248,0.003466837340965867,-0.01560356933623552,-1.529207110404968
1777498968388620032,0.003461104352027178,-0.01560340262949467,-1.529210925102234
1777498968398799872,0.003450550371780992,-0.0156046636402607,-1.529211282730103
1777498968408960256,0.003447589464485645,-0.01560536120086908,-1.529210329055786
1777498968419101184,0.003449701005592942,-0.01560456585139036,-1.529208779335022
1777498968429222656,0.003458732506260276,-0.01560698822140694,-1.529207706451416
1777498968439324672,0.003463505767285824,-0.01560594141483307,-1.529203295707703
1777498968449407232,0.003457325277850032,-0.01560138631612062,-1.52920138835907
1777498968459470080,0.003463370492681861,-0.01561048626899719,-1.529194951057434
1777498968469513472,0.00345938210375607,-0.01560618262737989,-1.529193520545959
1777498968479540992,0.003463665954768658,-0.01560930907726288,-1.529196262359619
1777498968489549312,0.00346099492162466,-0.01561281085014343,-1.529191493988037
1777498968499538176,0.00346095347777009,-0.01561476849019527,-1.52919328212738
1777498968509507584,0.003468552837148309,-0.01561665069311857,-1.529190063476562
1777498968519457792,0.003472930286079645,-0.01560581661760807,-1.529190540313721
1777498968529388800,0.003474898636341095,-0.01560887042433023,-1.529190182685852
1777498968539300352,0.003476535901427269,-0.01561163645237684,-1.529189705848694
1777498968549192704,0.003477314487099648,-0.01561147905886173,-1.529194355010986
1777498968559066368,0.003478627419099212,-0.01561002340167761,-1.529194355010986
1777498968568920832,0.003485368797555566,-0.01560771930962801,-1.529197454452515
1777498968578756352,0.003488131798803806,-0.01560599729418755,-1.529191613197327
1777498968588572928,0.003486611414700747,-0.01559754181653261,-1.529183745384216
1777498968598370048,0.003482887521386147,-0.01559515297412872,-1.529181838035583
1777498968608147968,0.003482299856841564,-0.01559849828481674,-1.529178619384766
1777498968618366976,0.003478703554719687,-0.01559935044497252,-1.529173016548157
1777498968628566272,0.003485813271254301,-0.01560325268656015,-1.529171943664551
1777498968638745856,0.00348504027351737,-0.01560379005968571,-1.529168128967285
1777498968648905984,0.003490143921226263,-0.01560356933623552,-1.529170036315918
1777498968659046656,0.003494746750220656,-0.01559792459011078,-1.529170155525208
1777498968669167872,0.003498843172565103,-0.01559697650372982,-1.529166221618652
1777498968679271168,0.003508225781843066,-0.01559217553585768,-1.529162764549255
1777498968689354496,0.003507318440824747,-0.01559178344905376,-1.52916419506073
1777498968699418624,0.003514593932777643,-0.01559809688478708,-1.529165029525757
1777498968709463040,0.003519011428579688,-0.01559883449226618,-1.529167652130127
1777498968719488512,0.003517456585541368,-0.01559577137231827,-1.529166579246521
1777498968729494016,0.003519055200740695,-0.01559873204678297,-1.529168963432312
1777498968739480064,0.00352316559292376,-0.01560884807258844,-1.529166698455811
1777498968749446912,0.003522933227941394,-0.01561141945421696,-1.529165863990784
1777498968759394560,0.003523930441588163,-0.01561576779931784,-1.529166698455811
1777498968769323008,0.003522733924910426,-0.01560901664197445,-1.529167771339417
1777498968779232000,0.003514072159305215,-0.01560491975396872,-1.529165744781494
1777498968789122048,0.003517213510349393,-0.01560527738183737,-1.529165148735046
1777498968798993408,0.003517937147989869,-0.01561036054044962,-1.529160976409912
1777498968808845312,0.003526848740875721,-0.01561319082975388,-1.529161334037781
1777498968818678528,0.003527662716805935,-0.01561783254146576,-1.52916145324707
1777498968828493056,0.003525587730109692,-0.0156153030693531,-1.529162406921387
1777498968838289408,0.003524174913764,-0.01561019662767649,-1.529160380363464
1777498968848066816,0.003525341628119349,-0.01560958288609982,-1.529158592224121
1777498968858291968,0.003532251343131065,-0.01561332866549492,-1.529155611991882
1777498968868497408,0.003532740753144026,-0.0156172476708889,-1.529155492782593
1777498968878683136,0.003529202658683062,-0.01562346331775188,-1.52915358543396
1777498968888849920,0.0035325160715729,-0.01562455669045448,-1.529154896736145
1777498968898996992,0.003531094174832106,-0.01562541723251343,-1.529151439666748
1777498968909124864,0.003530921414494514,-0.01562775857746601,-1.529158115386963
1777498968919232512,0.003534398507326841,-0.01562916487455368,-1.529157042503357
1777498968929321216,0.003539284924045205,-0.01562762819230556,-1.5291588306427
1777498968939390208,0.003539739642292261,-0.01563418656587601,-1.529159069061279
1777498968949439232,0.003542715916410089,-0.01563078351318836,-1.529163360595703
1777498968959468800,0.003534950781613588,-0.01563042961061001,-1.529167056083679
1777498968969479936,0.003536573378369212,-0.01562955044209957,-1.52916955947876
1777498968979472896,0.003548964858055115,-0.01563441194593906,-1.529165744781494
1777498968989447936,0.003547282656654716,-0.01563244871795177,-1.529163599014282
1777498968999403776,0.003547348780557513,-0.0156384352594614,-1.529167175292969
1777498969009340416,0.003547104075551033,-0.0156417153775692,-1.529173374176025
1777498969019257600,0.003536786651238799,-0.01563720032572746,-1.52917206287384
1777498969029155840,0.003539042081683874,-0.0156436525285244,-1.529178142547607
1777498969039034368,0.003539917292073369,-0.01564528793096542,-1.529176831245422
1777498969048893696,0.003542361315339804,-0.01563655026257038,-1.52917742729187
1777498969058733824,0.003546108491718769,-0.01564181782305241,-1.529175519943237
1777498969068555264,0.003548304550349712,-0.01563890092074871,-1.529178142547607
1777498969078357248,0.003553886199370027,-0.01563351601362228,-1.529184341430664
1777498969088140288,0.00355164660140872,-0.01563094183802605,-1.529178619384766
1777498969098139648,0.003553913673385978,-0.01563644409179688,-1.529177069664001
1777498969108354304,0.003540778066962957,-0.01564146764576435,-1.529178977012634
1777498969118549504,0.003536764532327652,-0.01564191281795502,-1.529175281524658
1777498969128724992,0.003542484482750297,-0.01564875990152359,-1.529178857803345
1777498969138880768,0.003541947109624743,-0.01564746536314487,-1.529185056686401
1777498969149016832,0.003543355967849493,-0.01565019600093365,-1.529183864593506
1777498969159133440,0.003547189757227898,-0.01565210893750191,-1.529182553291321
1777498969169230336,0.003551604459062219,-0.01565519161522388,-1.529183983802795
1777498969179309568,0.003557959105819464,-0.01565965451300144,-1.529182434082031
1777498969189369600,0.003559214994311333,-0.01566278748214245,-1.529179573059082
1777498969199409920,0.003557094605639577,-0.01566221937537193,-1.529185056686401
1777498969209430784,0.003560208017006516,-0.01566733233630657,-1.529186129570007
1777498969219432704,0.003563272766768932,-0.01566972397267818,-1.529189109802246
1777498969229414912,0.003559293458238244,-0.01567300036549568,-1.529188990592957
1777498969239377664,0.003557630581781268,-0.01566948927938938,-1.529189109802246
1777498969249321216,0.003558229189366102,-0.0156653355807066,-1.529183864593506
1777498969259246080,0.003563658567145467,-0.01565925031900406,-1.529182910919189
1777498969269152256,0.003570056986063719,-0.01566453091800213,-1.5291748046875
1777498969279039232,0.003566205268725753,-0.01566431857645512,-1.529173612594604
1777498969288906752,0.003566151019185781,-0.01567245461046696,-1.529173493385315
1777498969298755072,0.003567694686353207,-0.01567397639155388,-1.529175996780396
1777498969308584192,0.003567995736375451,-0.01567856222391129,-1.529177069664001
1777498969318394368,0.003571271430701017,-0.01567774638533592,-1.529171466827393
1777498969328185088,0.003567384090274572,-0.015677435323596,-1.529178857803345
1777498969338189568,0.003564087208360434,-0.01567794382572174,-1.529180765151978
1777498969348406016,0.003561564022675157,-0.01568269915878773,-1.529182314872742
1777498969358602752,0.003557526739314198,-0.0156805869191885,-1.529191374778748
1777498969368780800,0.003553793067112565,-0.01568025723099709,-1.529195070266724
1777498969378939136,0.003561576129868627,-0.01567764580249786,-1.529194116592407
1777498969389078016,0.003566990373656154,-0.0156786423176527,-1.529192924499512
1777498969399197184,0.003571787150576711,-0.01568392477929592,-1.529196619987488
1777498969409296896,0.003572247456759214,-0.01568583212792873,-1.529201626777649
1777498969419377152,0.003573020687326789,-0.01569293439388275,-1.529198884963989
1777498969429437696,0.00357507006265223,-0.01569454371929169,-1.529195785522461
1777498969439483392,0.003574123838916421,-0.01570355147123337,-1.529191255569458
1777498969449509888,0.003574220230802894,-0.01570425927639008,-1.529187560081482
1777498969459517184,0.003570272820070386,-0.01570755243301392,-1.529188394546509
1777498969469505024,0.003568267682567239,-0.0157111082226038,-1.529195308685303
1777498969479473920,0.003579158103093505,-0.01570574566721916,-1.52920401096344
1777498969489423616,0.003579237498342991,-0.0157102569937706,-1.529209017753601
1777498969499354112,0.003586648963391781,-0.01571129448711872,-1.529208421707153
1777498969509265408,0.003587626153603196,-0.01571793481707573,-1.529204607009888
1777498969519158528,0.003590921638533473,-0.01572257280349731,-1.529204964637756
1777498969529032192,0.003598363371565938,-0.01571790874004364,-1.529201507568359
1777498969538886400,0.003604387398809195,-0.01571769453585148,-1.52920126914978
1777498969548721664,0.00360860931687057,-0.0157230868935585,-1.529199957847595
1777498969558537984,0.003616462228819728,-0.01572429947555065,-1.529197096824646
1777498969568334848,0.003613114356994629,-0.01572471112012863,-1.529194235801697
1777498969578341632,0.003615230554714799,-0.01572843082249165,-1.529194235801697
1777498969588557568,0.003613109467551112,-0.01572945341467857,-1.529192924499512
1777498969598753536,0.00360987801104784,-0.01573236659169197,-1.529194712638855
1777498969608929536,0.003609699895605445,-0.01573747582733631,-1.529194712638855
1777498969619087360,0.003608715487644076,-0.01573102362453938,-1.529194593429565
1777498969629225472,0.003605955047532916,-0.01573074236512184,-1.5291987657547
1777498969639343872,0.003606945043429732,-0.01572691835463047,-1.52920138835907
1777498969649442304,0.003603780176490545,-0.01573317684233189,-1.529198408126831
1777498969659521280,0.003606520360335708,-0.01573996432125568,-1.529194474220276
1777498969669580544,0.003599583636969328,-0.0157405324280262,-1.529189825057983
1777498969679620352,0.003601562697440386,-0.01574394293129444,-1.529191017150879
1777498969689640448,0.003605404170230031,-0.0157442819327116,-1.529194593429565
1777498969699641856,0.003600443480536342,-0.01574740000069141,-1.52919328212738
1777498969709624064,0.0036014374345541,-0.01575024984776974,-1.529189944267273
1777498969719586816,0.00360035034827888,-0.01574610359966755,-1.529192328453064
1777498969729530112,0.003603928023949265,-0.01574977301061153,-1.52918803691864
1777498969739453952,0.003604515688493848,-0.01574280299246311,-1.529186606407166
1777498969749358592,0.003611849853768945,-0.01574180647730827,-1.529189348220825
1777498969759243776,0.003612100379541516,-0.0157477855682373,-1.529191374778748
1777498969769109504,0.003614358603954315,-0.01575718820095062,-1.529190421104431
1777498969778964736,0.003613549051806331,-0.01575847528874874,-1.529194831848145
1777498969788800768,0.003606770886108279,-0.01575429551303387,-1.529204964637756
1777498969798618112,0.003606795333325863,-0.01575044170022011,-1.529206871986389
1777498969808416512,0.003609255887567997,-0.01574263535439968,-1.529204487800598
1777498969818195968,0.003604940138757229,-0.01574554853141308,-1.529206156730652
1777498969828413184,0.003603234654292464,-0.01574432104825974,-1.529203534126282
1777498969838610688,0.003600271651521325,-0.01574600301682949,-1.529208660125732
1777498969848788480,0.003595681395381689,-0.0157450009137392,-1.529206156730652
1777498969858946560,0.003592822467908263,-0.01573988609015942,-1.529203295707703
1777498969869085440,0.003588422201573849,-0.01574152335524559,-1.529206156730652
1777498969879204352,0.003590728156268597,-0.01573952846229076,-1.529201030731201
1777498969889303808,0.003596075810492039,-0.01574431359767914,-1.529203414916992
1777498969899383552,0.003605755744501948,-0.01574659533798695,-1.529205799102783
1777498969909443840,0.003603742690756917,-0.01575347036123276,-1.529208540916443
1777498969919484672,0.003600029507651925,-0.01575988158583641,-1.529215335845947
1777498969929505536,0.003607376711443067,-0.01575415767729282,-1.529223084449768
1777498969939507200,0.003603262593969703,-0.01575225591659546,-1.529223322868347
1777498969949489664,0.003602277021855116,-0.01575357653200626,-1.52922248840332
1777498969959452416,0.003595412475988269,-0.0157563854008913,-1.529225826263428
1777498969969396224,0.003598583862185478,-0.01576009951531887,-1.529224038124084
1777498969979320576,0.003607428167015314,-0.01575727760791779,-1.529226422309875
1777498969989225472,0.003605879144743085,-0.01575840078294277,-1.52922511100769
1777498969999110912,0.003609052393585443,-0.01575923338532448,-1.529224276542664
1777498970008976896,0.003608947852626443,-0.01576334610581398,-1.529221177101135
1777498970018824192,0.003614219604060054,-0.01576114632189274,-1.529222011566162
1777498970028659968,0.003613873152062297,-0.01576111651957035,-1.529223084449768
1777498970038476800,0.003615039400756359,-0.01576010324060917,-1.529226303100586
1777498970048274688,0.003613776061683893,-0.01575633697211742,-1.52923321723938
1777498970058053120,0.003617325332015753,-0.01575064472854137,-1.529232263565063
1777498970068272384,0.003616562811657786,-0.0157496053725481,-1.529228091239929
1777498970078471680,0.003615235676988959,-0.0157530102878809,-1.529233813285828
1777498970088651264,0.003615868277847767,-0.01575622893869877,-1.529231071472168
1777498970098811904,0.003611171385273337,-0.01575976423919201,-1.529229044914246
1777498970108953088,0.003611805848777294,-0.0157610084861517,-1.529233455657959
1777498970119074560,0.003610041923820972,-0.01576302014291286,-1.529238343238831
1777498970129176320,0.003608019324019551,-0.01576448045670986,-1.529234051704407
1777498970139258368,0.003608194645494223,-0.01575405709445477,-1.529234766960144
1777498970149320960,0.003607298713177443,-0.0157572515308857,-1.529236078262329
1777498970159364096,0.0036152140237391,-0.01576263457536697,-1.529237508773804
1777498970169387520,0.003620906034484506,-0.01576054096221924,-1.529241561889648
1777498970179392256,0.003625818295404315,-0.01575376652181149,-1.529241800308228
1777498970189377536,0.003629706334322691,-0.01575286500155926,-1.529239416122437
1777498970199343360,0.00363716552965343,-0.01575543731451035,-1.529239177703857
1777498970209289984,0.003635552944615483,-0.01575817167758942,-1.529236435890198
1777498970219216896,0.003634046297520399,-0.01575217768549919,-1.52923583984375
1777498970229124608,0.003630715887993574,-0.01575248874723911,-1.52923846244812
1777498970239013376,0.003639145521447062,-0.01575589179992676,-1.529242515563965
1777498970248887808,0.003643737640231848,-0.01575219258666039,-1.529242396354675
1777498970258743552,0.003644763957709074,-0.01575285755097866,-1.529244422912598
1777498970268580352,0.003645684570074081,-0.01575625129044056,-1.529242277145386
1777498970278398208,0.003649733727797866,-0.01576830446720123,-1.529241323471069
1777498970288197376,0.003645591903477907,-0.0157685112208128,-1.529239773750305
1777498970297977344,0.003648238023743033,-0.01576479338109493,-1.529232621192932
1777498970308202752,0.003651288105174899,-0.01576163992285728,-1.529233455657959
1777498970318408448,0.00365113653242588,-0.01576603204011917,-1.529236674308777
1777498970328594688,0.003649122547358274,-0.01577507145702839,-1.529242277145386
1777498970338761728,0.003655291860923171,-0.01577100157737732,-1.529239535331726
1777498970348910080,0.003660658607259393,-0.01578110828995705,-1.52923858165741
1777498970359038720,0.003667248412966728,-0.01578298583626747,-1.529239058494568
1777498970369147648,0.003670652396976948,-0.01578686572611332,-1.529239177703857
1777498970379237376,0.003674845211207867,-0.01578355766832829,-1.529240012168884
1777498970389307648,0.00367563939653337,-0.01578884199261665,-1.52924120426178
1777498970399358208,0.003680149558931589,-0.01578921638429165,-1.529235482215881
1777498970409389312,0.003680824302136898,-0.01578410156071186,-1.529238343238831
1777498970419401216,0.003682417562231421,-0.01579232327640057,-1.529241442680359
1777498970429394432,0.003682702081277966,-0.0157847423106432,-1.529243588447571
1777498970439368192,0.00369014241732657,-0.01578586921095848,-1.529247283935547
1777498970449324544,0.00369510380551219,-0.01578616723418236,-1.529248952865601
1777498970459263488,0.00369307491928339,-0.01578264869749546,-1.529250383377075
1777498970469183232,0.003691438352689147,-0.0157834105193615,-1.529251337051392
1777498970479083776,0.003688411554321647,-0.01577510870993137,-1.529253244400024
1777498970488965120,0.003689691657200456,-0.01577084325253963,-1.529254794120789
1777498970498827520,0.003693447448313236,-0.01576750911772251,-1.529255032539368
1777498970508670464,0.003696851897984743,-0.01577377505600452,-1.52925169467926
1777498970518494464,0.003705751150846481,-0.01576658152043819,-1.529253363609314
1777498970528299520,0.00370682799257338,-0.0157642625272274,-1.529254794120789
1777498970538085632,0.003705944400280714,-0.01575913093984127,-1.529254078865051
1777498970548086272,0.003713593818247318,-0.01575196534395218,-1.529251098632812
1777498970558300672,0.003712826175615191,-0.01575103215873241,-1.529255270957947
1777498970568495616,0.003718853462487459,-0.01575472019612789,-1.529258847236633
1777498970578670592,0.003710809396579862,-0.01575721986591816,-1.529252886772156
1777498970588826112,0.003711326979100704,-0.0157582052052021,-1.529250860214233
1777498970598961664,0.00371298030950129,-0.0157533772289753,-1.529250025749207
1777498970609078016,0.003716046921908855,-0.0157463364303112,-1.529254913330078
1777498970619174400,0.003715786151587963,-0.01574649848043919,-1.529253482818604
1777498970629250816,0.003711673896759748,-0.01574920862913132,-1.529252529144287
1777498970639310080,0.003705189563333988,-0.015749117359519,-1.529253959655762
1777498970649351936,0.003709694603458047,-0.01575025357306004,-1.529254913330078
1777498970659374080,0.003707333467900753,-0.01575349643826485,-1.529258251190186
1777498970669376768,0.003708327189087868,-0.01575778424739838,-1.529264450073242
1777498970679360256,0.00370647176168859,-0.0157563928514719,-1.529268026351929
1777498970689324544,0.003702168585732579,-0.01575780659914017,-1.529263257980347
1777498970699269120,0.003703119000419974,-0.01576256193220615,-1.529258608818054
1777498970709193984,0.003703967435285449,-0.01576928235590458,-1.529256224632263
1777498970719100416,0.00370402354747057,-0.0157724916934967,-1.52925705909729
1777498970728987392,0.003707036143168807,-0.01577045768499374,-1.52925705909729
1777498970738855168,0.003707803785800934,-0.01576869748532772,-1.529258489608765
1777498970748703744,0.003701940644532442,-0.01576228439807892,-1.529249787330627
1777498970758532864,0.003700029803439975,-0.01576823927462101,-1.529246091842651
1777498970768343040,0.003711118595674634,-0.01576998271048069,-1.529248118400574
1777498970778134016,0.003708407515659928,-0.01577262580394745,-1.529251098632812
1777498970788137472,0.003713341429829597,-0.01577015966176987,-1.529250502586365
1777498970798353152,0.003711270866915584,-0.01576981320977211,-1.529249310493469
1777498970808549120,0.003714238293468952,-0.0157670509070158,-1.52924919128418
1777498970818726912,0.003712426405400038,-0.01576235704123974,-1.529251337051392
1777498970828884736,0.003719573142006993,-0.01575977168977261,-1.529245615005493
1777498970839023104,0.003724026028066874,-0.01575985178351402,-1.529244065284729
1777498970849142016,0.003726361319422722,-0.01575936749577522,-1.529239654541016
1777498970859241472,0.003728556213900447,-0.01575467549264431,-1.52923846244812
1777498970869321472,0.003729445394128561,-0.01576029323041439,-1.52923309803009
1777498970879381760,0.003729050047695637,-0.01576648652553558,-1.52923583984375
1777498970889422592,0.003727065632119775,-0.01577330380678177,-1.529235243797302
1777498970899444736,0.003721266752108932,-0.01577014476060867,-1.529238820075989
1777498970909447680,0.003724349197000265,-0.01576999202370644,-1.529239654541016
1777498970919434496,0.003725528018549085,-0.01576728373765945,-1.529243111610413
1777498970929402368,0.003725413698703051,-0.01576379500329494,-1.529244184494019
1777498970939350528,0.003726820228621364,-0.01576453074812889,-1.529243111610413
1777498970949279232,0.003730929456651211,-0.01576310023665428,-1.529244184494019
1777498970959188992,0.003741187276318669,-0.01575738191604614,-1.529242038726807
1777498970969079552,0.003739478997886181,-0.01575453951954842,-1.52924120426178
1777498970978950400,0.003752888645976782,-0.01575584709644318,-1.529240250587463
1777498970988802048,0.003750619012862444,-0.01575920544564724,-1.529241800308228
1777498970998635008,0.003753896569833159,-0.01576182618737221,-1.529244065284729
1777498971008448768,0.003756748978048563,-0.015763059258461,-1.529245734214783
1777498971018243584,0.003760623978450894,-0.01576410420238972,-1.529250383377075
1777498971028249344,0.003761878935620189,-0.01576195657253265,-1.529247760772705
1777498971038466048,0.003761711064726114,-0.01576336845755577,-1.529250741004944
1777498971048663552,0.003768277587369084,-0.01576476916670799,-1.529252648353577
1777498971058841600,0.003773218020796776,-0.01576646603643894,-1.529258728027344
1777498971068999680,0.003767332993447781,-0.01577086187899113,-1.529261589050293
1777498971079137792,0.003770961193367839,-0.01576956920325756,-1.529258847236633
1777498971089256704,0.003770047100260854,-0.01577090844511986,-1.529259324073792
1777498971099355904,0.00376235949806869,-0.01577671244740486,-1.529258847236633
1777498971109435392,0.003764914814382792,-0.01577619835734367,-1.529257774353027
1777498971119495168,0.003766711102798581,-0.01577866263687611,-1.529258489608765
1777498971129535488,0.003772212658077478,-0.01577843725681305,-1.52925443649292
1777498971139560192,0.003777420613914728,-0.01578281447291374,-1.529257535934448
1777498971149565440,0.003778374055400491,-0.0157889798283577,-1.529256939888
1777498971159551232,0.003783686086535454,-0.01578812301158905,-1.529257774353027
1777498971169517568,0.003784372704103589,-0.01579046994447708,-1.529252290725708
1777498971179464960,0.003783703781664371,-0.01579378545284271,-1.529251575469971
1777498971189392896,0.003789135487750173,-0.01579460315406322,-1.529252171516418
1777498971199301632,0.003790630958974361,-0.01579878479242325,-1.52925181388855
1777498971209190912,0.003792267991229892,-0.01579993590712547,-1.529250741004944
1777498971219061504,0.003800504608079791,-0.0158024150878191,-1.529249668121338
1777498971228913408,0.003799875965341926,-0.01580294966697693,-1.529247641563416
1777498971238746112,0.003798114135861397,-0.01580181159079075,-1.52924633026123
1777498971248559872,0.003803641768172383,-0.01580067165195942,-1.529244542121887
1777498971258354688,0.003813572693616152,-0.01579724624752998,-1.529239535331726
1777498971268130304,0.00380993471480906,-0.01579516753554344,-1.529235243797302
1777498971278348032,0.003818121738731861,-0.01579770259559155,-1.529233574867249
1777498971288546048,0.0038208591286093,-0.01580301858484745,-1.529231071472168
1777498971298724608,0.003815877949818969,-0.01580061018466949,-1.529232978820801
1777498971308884224,0.003819282865151763,-0.0158045869320631,-1.529237866401672
1777498971319024384,0.003816770622506738,-0.01580547355115414,-1.52923595905304
1777498971329145088,0.003820240730419755,-0.01581145264208317,-1.529239535331726
1777498971339246080,0.003818885888904333,-0.01581507362425327,-1.52924120426178
1777498971349328128,0.003819178324192762,-0.01582121476531029,-1.529237866401672
1777498971359390208,0.003823913633823395,-0.01582285575568676,-1.529239773750305
1777498971369432832,0.003823109203949571,-0.01582623645663261,-1.52923858165741
1777498971379456256,0.003823761129751801,-0.01582770608365536,-1.529235124588013
1777498971389463296,0.003823639359325171,-0.01583288796246052,-1.529231190681458
1777498971399452672,0.003823215141892433,-0.01583785749971867,-1.529232501983643
1777498971409422592,0.003821339458227158,-0.01583557762205601,-1.529236912727356
1777498971419373312,0.003820192767307162,-0.01584414765238762,-1.529234409332275
1777498971429304832,0.003821732942014933,-0.01583565026521683,-1.529232025146484
1777498971439216896,0.003827194916084409,-0.01584033481776714,-1.529232978820801
1777498971449109504,0.003825183026492596,-0.01584282517433167,-1.52923047542572
1777498971458982912,0.003826779313385487,-0.01583851128816605,-1.529233813285828
1777498971468837632,0.003825955558568239,-0.01584212109446526,-1.529237270355225
1777498971478673152,0.003832176327705383,-0.01584053598344326,-1.529237747192383
1777498971488489728,0.003836786840111017,-0.01584150642156601,-1.529235243797302
1777498971498287104,0.003833288326859474,-0.01584486663341522,-1.529234886169434
1777498971508065024,0.003839859971776605,-0.01584029011428356,-1.529233574867249
1777498971518283520,0.003841939149424434,-0.01584621705114841,-1.529229998588562
1777498971528482560,0.003849364817142487,-0.01584737375378609,-1.529232621192932
1777498971538661888,0.003850976005196571,-0.01585381664335728,-1.529233455657959
1777498971548821760,0.003857995616272092,-0.01585181057453156,-1.529228210449219
1777498971558962432,0.003854223759844899,-0.01585408486425877,-1.529231190681458
1777498971569084416,0.003857607487589121,-0.01585508696734905,-1.529232621192932
1777498971579186944,0.003856695024296641,-0.0158527996391058,-1.529229879379272
1777498971589270016,0.003850289154797792,-0.01585342921316624,-1.529231190681458
1777498971599333888,0.00385284423828125,-0.01585513167083263,-1.529223799705505
1777498971609378816,0.003846843494102359,-0.01585801504552364,-1.529220581054688
1777498971619404288,0.0038501659873873,-0.01585703343153,-1.529226064682007
1777498971629410304,0.003847308689728379,-0.01585975289344788,-1.529224395751953
1777498971639396864,0.003840579884126782,-0.01586050540208817,-1.529224276542664
1777498971649364480,0.003838496515527368,-0.01586638391017914,-1.529224395751953
1777498971659312384,0.003837670432403684,-0.01587110012769699,-1.529224276542664
1777498971669240832,0.003841699566692114,-0.01587062887847424,-1.529225707054138
1777498971679149824,0.003843865590170026,-0.01587378606200218,-1.529231667518616
1777498971689039616,0.003846307750791311,-0.01587717235088348,-1.529236197471619
1777498971698910208,0.003849140135571361,-0.01587648317217827,-1.529236197471619
1777498971708761600,0.003853189758956432,-0.01588010229170322,-1.529236078262329
1777498971718597632,0.00385760166682303,-0.01588384248316288,-1.529240369796753
1777498971728418560,0.003863882040604949,-0.01588862575590611,-1.529242157936096
1777498971738220288,0.003872842993587255,-0.0158859807997942,-1.529240608215332
1777498971748002816,0.003872711211442947,-0.01588011719286442,-1.529239535331726
1777498971758227712,0.003880939912050962,-0.01587848737835884,-1.529241919517517
1777498971768432640,0.003885493846610188,-0.01587975770235062,-1.529239177703857
1777498971778617856,0.003881799057126045,-0.01588254608213902,-1.52923572063446
1777498971788783616,0.003887428203597665,-0.01588210836052895,-1.529237747192383
1777498971798930432,0.00388231105171144,-0.01588593795895576,-1.529234409332275
1777498971809057536,0.003879902651533484,-0.01588224992156029,-1.529234051704407
1777498971819164928,0.003884555771946907,-0.01587633602321148,-1.529235005378723
1777498971829253120,0.003885352984070778,-0.01587799936532974,-1.529234886169434
1777498971839321344,0.003888992592692375,-0.01587448641657829,-1.529236197471619
1777498971849369856,0.003882643301039934,-0.01587948761880398,-1.529242157936096
1777498971859398912,0.003877106122672558,-0.01588076539337635,-1.529244184494019
1777498971869408768,0.003879719413816929,-0.01588369160890579,-1.529240846633911
1777498971879399424,0.003880472620949149,-0.01588158495724201,-1.529244422912598
1777498971889370880,0.003883265890181065,-0.01587958261370659,-1.529246091842651
1777498971899322624,0.00389159913174808,-0.0158860981464386,-1.529247760772705
1777498971909254912,0.00389758707024157,-0.01588925905525684,-1.529245376586914
1777498971919168000,0.003900135867297649,-0.01588943414390087,-1.529247164726257
1777498971929061632,0.003899658797308803,-0.0158908236771822,-1.529249668121338
1777498971938936064,0.003904778277501464,-0.01589054614305496,-1.529247283935547
1777498971948795392,0.003907553851604462,-0.01589218340814114,-1.529247403144836
1777498971958639616,0.003907460253685713,-0.01588602922856808,-1.529247879981995
1777498971968464896,0.003912572748959064,-0.0158917810767889,-1.529247164726257
1777498971978271488,0.00391284329816699,-0.01588796637952328,-1.529243946075439
1777498971988058880,0.003917194902896881,-0.01589405909180641,-1.529242396354675
1777498971998060544,0.003923194948583841,-0.01588668301701546,-1.529240965843201
1777498972008275456,0.00391799584031105,-0.01588432304561138,-1.529242396354675
1777498972018470656,0.003921540454030037,-0.01587808690965176,-1.529245853424072
1777498972028646912,0.003925105556845665,-0.01587648317217827,-1.52924633026123
1777498972038803456,0.003927813377231359,-0.01587326265871525,-1.529243111610413
1777498972048940544,0.003934274427592754,-0.01587404496967793,-1.529246687889099
1777498972059057664,0.003932882566004992,-0.01587306149303913,-1.529248833656311
1777498972069155072,0.003930393140763044,-0.01587500795722008,-1.529246807098389
1777498972079232768,0.003930422943085432,-0.01587203145027161,-1.529248237609863
1777498972089290496,0.003937136847525835,-0.01587346009910107,-1.529249429702759
1777498972099328768,0.003935831598937511,-0.01587439514696598,-1.529248714447021
1777498972109347840,0.003934366628527641,-0.01587621122598648,-1.529248237609863
1777498972119347456,0.00393251096829772,-0.01587450318038464,-1.52924919128418
1777498972129327616,0.00393535615876317,-0.0158739797770977,-1.529248714447021
1777498972139290112,0.003931440878659487,-0.01587576605379581,-1.529248118400574
1777498972149235200,0.003934232983738184,-0.01587348617613316,-1.529251098632812
1777498972159161088,0.003928305581212044,-0.01587216928601265,-1.529249429702759
1777498972169067776,0.003922118339687586,-0.01587429456412792,-1.529250144958496
1777498972178955264,0.003920136019587517,-0.01587493903934956,-1.529249906539917
1777498972188823552,0.003924273885786533,-0.0158788375556469,-1.529249310493469
1777498972198672640,0.003926106262952089,-0.01588067412376404,-1.529252648353577
1777498972208502272,0.003922041039913893,-0.01588216610252857,-1.529253959655762
1777498972218313216,0.003926354926079512,-0.01587755791842937,-1.529255270957947
1777498972228105472,0.003932662308216095,-0.01587734743952751,-1.529257655143738
1777498972238109184,0.00393357640132308,-0.01587287150323391,-1.529259562492371
1777498972248324608,0.003937861882150173,-0.0158722810447216,-1.529254555702209
1777498972258520576,0.003937204368412495,-0.01586750335991383,-1.529255270957947
1777498972268697344,0.003934725187718868,-0.01586631871759892,-1.529256105422974
1777498972278854656,0.003931528422981501,-0.01586882583796978,-1.529258131980896
1777498972288992000,0.003934795502573252,-0.01587014086544514,-1.529258131980896
1777498972299110144,0.003931263461709023,-0.0158715695142746,-1.529257297515869
1777498972309208576,0.00393285509198904,-0.0158663522452116,-1.529254555702209
1777498972319287552,0.003930780105292797,-0.01586951315402985,-1.529252409934998
1777498972329346560,0.003940002527087927,-0.01587329618632793,-1.52925181388855
1777498972339385856,0.003940180875360966,-0.01586422324180603,-1.529256939888
1777498972349405952,0.003941809758543968,-0.01586116105318069,-1.52925443649292
1777498972359407104,0.003947561141103506,-0.01585781574249268,-1.52925431728363
1777498972369389056,0.003950880840420723,-0.01586107350885868,-1.52925181388855
1777498972379351552,0.00395694188773632,-0.01586557365953922,-1.529252529144287
1777498972389298944,0.003951973281800747,-0.0158654972910881,-1.529256820678711
1777498972399227136,0.003956750966608524,-0.01586852967739105,-1.529253602027893
1777498972409136384,0.003952828701585531,-0.0158686637878418,-1.52925431728363
1777498972419026176,0.003949630539864302,-0.01587375812232494,-1.529256582260132
1777498972428897280,0.00394914485514164,-0.01587653905153275,-1.529259562492371
1777498972438749184,0.003958589397370815,-0.01588300615549088,-1.529258131980896
1777498972448581888,0.003958357498049736,-0.01588703505694866,-1.529258966445923
1777498972458395648,0.003956928383558989,-0.0158856175839901,-1.529256582260132
1777498972468191488,0.003962194547057152,-0.01589164882898331,-1.529259920120239
1777498972478197760,0.003961506299674511,-0.01589035056531429,-1.529262065887451
1777498972488414720,0.003964302130043507,-0.01588862203061581,-1.529258847236633
1777498972498611712,0.003965743817389011,-0.0158870629966259,-1.529262185096741
1777498972508789760,0.003964340779930353,-0.01588945649564266,-1.529262661933899
1777498972518948352,0.003968525677919388,-0.01589385978877544,-1.529266715049744
1777498972529087232,0.003968191798776388,-0.01589769124984741,-1.529271721839905
1777498972539206400,0.003964417148381472,-0.01589439064264297,-1.529271364212036
1777498972549306112,0.003968719393014908,-0.01589168421924114,-1.529271960258484
1777498972559386368,0.003970837220549583,-0.0158880315721035,-1.52927303314209
1777498972569446912,0.003979115281254053,-0.01589067094027996,-1.52927303314209
1777498972579488000,0.003975576255470514,-0.01589098758995533,-1.529275059700012
1777498972589511936,0.003969644661992788,-0.01589164696633816,-1.529276609420776
1777498972599517696,0.003976299427449703,-0.01588671281933784,-1.529277801513672
1777498972609504000,0.003987631294876337,-0.01588779501616955,-1.52927565574646
1777498972619470848,0.003995001316070557,-0.01588637195527554,-1.529269576072693
1777498972629418496,0.003991679288446903,-0.01589278131723404,-1.529271364212036
1777498972639346688,0.003992229700088501,-0.01589366048574448,-1.52927041053772
1777498972649255680,0.003985469229519367,-0.01589099876582623,-1.529269576072693
1777498972659145216,0.003983682952821255,-0.01589331403374672,-1.529268503189087
1777498972669015808,0.003987162373960018,-0.01588829420506954,-1.529267072677612
1777498972678867712,0.003988791722804308,-0.01587910950183868,-1.529266953468323
1777498972688700672,0.003994012251496315,-0.01588070020079613,-1.529270172119141
1777498972698514432,0.003993171267211437,-0.01587700843811035,-1.529269814491272
1777498972708308992,0.003991992678493261,-0.01587540283799171,-1.529269337654114
1777498972718084864,0.003998500294983387,-0.01586997322738171,-1.529266476631165
1777498972728302080,0.00399766443297267,-0.01587088033556938,-1.529268503189087
1777498972738501120,0.004003480542451143,-0.01586769707500935,-1.529269218444824
1777498972748680448,0.004007435869425535,-0.01586714200675488,-1.529268503189087
1777498972758842368,0.004014884121716022,-0.01586533337831497,-1.529266476631165
1777498972768985856,0.004012757912278175,-0.01585852727293968,-1.529267549514771
1777498972779110400,0.004015203565359116,-0.01586559042334557,-1.529272556304932
1777498972789217280,0.00402006646618247,-0.01586169004440308,-1.529273390769958
1777498972799307008,0.004020950756967068,-0.01586626283824444,-1.529274106025696
1777498972809379584,0.004027008544653654,-0.01586877554655075,-1.529273867607117
1777498972819434752,0.004031206481158733,-0.01587201282382011,-1.529272317886353
1777498972829470720,0.004030487034469843,-0.0158767681568861,-1.52927303314209
1777498972839486976,0.004032314289361238,-0.01587723381817341,-1.529276251792908
1777498972849483520,0.004036079160869122,-0.01588397286832333,-1.52927565574646
1777498972859460864,0.004043644294142723,-0.01587496511638165,-1.529277205467224
1777498972869418752,0.004045646637678146,-0.0158813800662756,-1.529274225234985
1777498972879357184,0.004046829417347908,-0.01588798314332962,-1.529276013374329
1777498972889276160,0.00405042665079236,-0.0158848762512207,-1.529274582862854
1777498972899176192,0.004051767289638519,-0.01588919572532177,-1.529274463653564
1777498972909057280,0.00405497569590807,-0.01588956266641617,-1.529274821281433
1777498972918918656,0.004055661149322987,-0.01588986068964005,-1.529273986816406
1777498972928761088,0.004055115394294262,-0.01588948629796505,-1.529275178909302
1777498972938584064,0.00405924255028367,-0.01588552631437778,-1.529278635978699
1777498972948388096,0.004069229122251272,-0.01589046232402325,-1.529281139373779
1777498972958173184,0.004072736017405987,-0.01589540392160416,-1.529279828071594
1777498972968392448,0.004068784415721893,-0.01589267142117023,-1.529276728630066
1777498972978592000,0.00406330544501543,-0.01589738950133324,-1.529281616210938
1777498972988772352,0.004065986722707748,-0.01589743979275227,-1.529280543327332
1777498972998933248,0.004071350675076246,-0.01589799299836159,-1.529276132583618
1777498973009074944,0.00406918115913868,-0.01589505560696125,-1.529276490211487
1777498973019196928,0.004072620067745447,-0.01589430682361126,-1.529273748397827
1777498973029299200,0.004066393710672855,-0.01588647253811359,-1.529274702072144
1777498973039382272,0.00406442629173398,-0.01589362882077694,-1.529275059700012
1777498973049445632,0.004063618369400501,-0.01589453592896461,-1.529276013374329
1777498973059489280,0.00406706752255559,-0.0158967524766922,-1.529272794723511
1777498973069513984,0.004073509480804205,-0.01589437574148178,-1.52927029132843
1777498973079522560,0.004068336915224791,-0.01589402370154858,-1.529264450073242
1777498973089511936,0.004069465678185225,-0.01590033806860447,-1.529270529747009
1777498973099482112,0.004063836298882961,-0.01589781045913696,-1.52926766872406
1777498973109432832,0.004064042121171951,-0.01589099690318108,-1.529268503189087
1777498973119364608,0.004057638347148895,-0.01589318178594112,-1.529266715049744
1777498973129277184,0.004059902857989073,-0.01589653268456459,-1.529269456863403
1777498973139170304,0.004057560116052628,-0.0158960148692131,-1.529266834259033
1777498973149044480,0.004051775205880404,-0.01590067520737648,-1.529266953468323
1777498973158900224,0.004055966157466173,-0.0159005131572485,-1.529266476631165
1777498973168736768,0.004059076774865389,-0.01589718088507652,-1.529264688491821
1777498973178554624,0.004065955057740211,-0.01589345745742321,-1.52926504611969
1777498973188353536,0.004075642209500074,-0.01589646376669407,-1.529264092445374
1777498973198132992,0.004073110409080982,-0.01589667052030563,-1.5292649269104
1777498973208357888,0.004074363969266415,-0.01589127257466316,-1.529264450073242
1777498973218563072,0.004075874108821154,-0.01589129120111465,-1.529260873794556
1777498973228748800,0.004075520671904087,-0.01588883437216282,-1.529260993003845
1777498973238915328,0.004079691600054502,-0.01589397899806499,-1.529262065887451
1777498973249062656,0.004080918151885271,-0.01589880883693695,-1.529264569282532
1777498973259190784,0.004086477216333151,-0.01590108312666416,-1.529265761375427
1777498973269299200,0.004083157517015934,-0.01589777134358883,-1.529265403747559
1777498973279388160,0.00408551562577486,-0.01589426584541798,-1.529264450073242
1777498973289457664,0.004090424627065659,-0.01589671522378922,-1.529265761375427
1777498973299507968,0.004093294031918049,-0.01590390130877495,-1.529267430305481
1777498973309538560,0.004094286356121302,-0.01590419001877308,-1.529266953468323
1777498973319550208,0.004091421607881784,-0.01590048708021641,-1.529268026351929
1777498973329542400,0.004094115924090147,-0.01590472459793091,-1.529265284538269
1777498973339515136,0.004097681026905775,-0.01590436510741711,-1.529263973236084
1777498973349468928,0.004106692504137754,-0.01590141467750072,-1.529263377189636
1777498973359403520,0.004107454791665077,-0.01590546220541,-1.52926504611969
1777498973369318656,0.004109070170670748,-0.01591496169567108,-1.529265165328979
1777498973379218176,0.004109747242182493,-0.0159167293459177,-1.529275417327881
1777498973389101824,0.004103160928934813,-0.01591021940112114,-1.529275894165039
1777498973398966784,0.004105570260435343,-0.01590627804398537,-1.529275417327881
1777498973408812800,0.004108981695026159,-0.01590578071773052,-1.529282331466675
1777498973418639872,0.004111771937459707,-0.0159088559448719,-1.529282212257385
1777498973428448256,0.004120193421840668,-0.0159065555781126,-1.529281616210938
1777498973438237440,0.004127972759306431,-0.01591309532523155,-1.529285788536072
1777498973448239872,0.004137058742344379,-0.0159143153578043,-1.529287457466125
1777498973458455040,0.004142784979194403,-0.01591638475656509,-1.529288172721863
1777498973468650496,0.004144405014812946,-0.01591820083558559,-1.529285907745361
1777498973478826496,0.00414249999448657,-0.01592343486845493,-1.529288530349731
1777498973488982528,0.004144524689763784,-0.01592283323407173,-1.529293537139893
1777498973499118848,0.004144243430346251,-0.01592778973281384,-1.529295325279236
1777498973509235968,0.004142571240663528,-0.01593013852834702,-1.529296398162842
1777498973519335424,0.004144168458878994,-0.01593311503529549,-1.529296517372131
1777498973529415680,0.004148937296122313,-0.01593051664531231,-1.529301047325134
1777498973539476224,0.004141224548220634,-0.01593018881976604,-1.52930736541748
1777498973549517312,0.004138680174946785,-0.01592737808823586,-1.529305934906006
1777498973559539200,0.004141271114349365,-0.01592633873224258,-1.529303669929504
1777498973569541888,0.004139078315347433,-0.01592537388205528,-1.529303789138794
1777498973579524864,0.004132961854338646,-0.01592414639890194,-1.529303550720215
1777498973589488384,0.004131926223635674,-0.01591829210519791,-1.529305815696716
1777498973599433472,0.004128680098801851,-0.01591783575713634,-1.529307723045349
1777498973609359360,0.004128920380026102,-0.01592491380870342,-1.529304623603821
1777498973619265792,0.004129569511860609,-0.01592586375772953,-1.529308557510376
1777498973629153536,0.004133783280849457,-0.01592567376792431,-1.529308557510376
1777498973639021824,0.00413836631923914,-0.01592638343572617,-1.529311537742615
1777498973648870912,0.004137232899665833,-0.01593539118766785,-1.529309391975403
1777498973658701056,0.004143793601542711,-0.01593837328255177,-1.52931022644043
1777498973668512000,0.004146716557443142,-0.015944704413414,-1.529309511184692
1777498973678305280,0.004148448817431927,-0.01594662107527256,-1.529311776161194
1777498973688309504,0.004151577595621347,-0.01594777218997478,-1.529312372207642
1777498973698525184,0.004155043046921492,-0.0159422755241394,-1.529311537742615
1777498973708721664,0.004141989164054394,-0.01593779213726521,-1.529313206672668
1777498973718898944,0.004140178207308054,-0.01593045145273209,-1.529319047927856
1777498973729056512,0.004141548648476601,-0.01593349128961563,-1.529315233230591
1777498973739194624,0.0041529331356287,-0.01593386568129063,-1.529313802719116
1777498973749313792,0.004160784650593996,-0.01592977344989777,-1.529313206672668
1777498973759413248,0.004163394216448069,-0.01593402773141861,-1.529314875602722
1777498973769495296,0.004161909222602844,-0.01593507453799248,-1.529317021369934
1777498973779557888,0.004168896470218897,-0.01594075560569763,-1.529318928718567
1777498973789600768,0.004174369387328625,-0.01594291441142559,-1.529320359230042
1777498973799623936,0.004176816903054714,-0.01594119146466255,-1.529320001602173
1777498973809627904,0.004174940753728151,-0.01594410464167595,-1.529316306114197
1777498973819612416,0.004178675822913647,-0.01594661548733711,-1.529318451881409
1777498973829577472,0.004171399399638176,-0.0159517265856266,-1.529319524765015
1777498973839522816,0.004169067367911339,-0.01595528237521648,-1.52932333946228
1777498973849449472,0.004168163053691387,-0.01595989614725113,-1.529321193695068
1777498973859356672,0.004168270621448755,-0.01596204750239849,-1.529319167137146
1777498973869244416,0.004165523685514927,-0.01596497371792793,-1.529318451881409
1777498973879113216,0.004161052871495485,-0.01597067713737488,-1.52931797504425
1777498973888962816,0.004161952994763851,-0.01597188599407673,-1.529319286346436
1777498973898793216,0.004158647265285254,-0.01596934348344803,-1.529317021369934
1777498973908605184,0.004157152026891708,-0.01596729643642902,-1.529311060905457
1777498973918398464,0.004155832808464766,-0.01595522649586201,-1.529319167137146
1777498973928404480,0.004160034470260143,-0.01595869101583958,-1.529319047927856
1777498973938621184,0.004154223017394543,-0.0159576591104269,-1.529320359230042
1777498973948817920,0.004158215131610632,-0.01596406102180481,-1.529320955276489
1777498973958995200,0.0041575962677598,-0.01596790552139282,-1.529320597648621
1777498973969153280,0.004156170878559351,-0.01596272736787796,-1.529319524765015
1777498973979291904,0.004149593878537416,-0.01596247777342796,-1.529322147369385
1777498973989410816,0.004150462336838245,-0.0159619078040123,-1.529320001602173
1777498973999510528,0.00415734900161624,-0.01595828495919704,-1.529320240020752
1777498974009590528,0.004159864969551563,-0.01595565676689148,-1.529319643974304
1777498974019650816,0.004164557438343763,-0.01596292108297348,-1.529321193695068
1777498974029691904,0.004164683632552624,-0.01596321538090706,-1.529318690299988
1777498974039713792,0.004170619882643223,-0.0159634668380022,-1.529321908950806
1777498974049716736,0.004167853388935328,-0.01596681214869022,-1.529322266578674
1777498974059700480,0.004158807452768087,-0.01597722060978413,-1.529320240020752
1777498974069667328,0.004157980903983116,-0.01597733050584793,-1.529323697090149
1777498974079614976,0.004160880576819181,-0.01597302593290806,-1.529317498207092
1777498974089543680,0.004153992515057325,-0.01597773656249046,-1.529315829277039
1777498974099453184,0.004156730137765408,-0.01597508601844311,-1.529314160346985
1777498974109343488,0.004156649578362703,-0.01597521640360355,-1.529310345649719
1777498974119214848,0.004153613932430744,-0.01597251743078232,-1.529312968254089
1777498974129066752,0.004157740622758865,-0.01596403121948242,-1.529311537742615
1777498974138899456,0.004159104079008102,-0.01596872135996819,-1.529310941696167
1777498974148713216,0.004156060516834259,-0.01597216911613941,-1.529308676719666
1777498974158508032,0.004166451282799244,-0.01597174070775509,-1.529303789138794
1777498974168283904,0.004164380487054586,-0.01596908085048199,-1.529302597045898
1777498974178501632,0.004162135533988476,-0.01596941612660885,-1.529297709465027
1777498974188699648,0.00416223518550396,-0.01597053743898869,-1.529304981231689
1777498974198877696,0.004160279408097267,-0.01597240380942822,-1.529303789138794
1777498974209036544,0.00416142400354147,-0.01597854681313038,-1.529305100440979
1777498974219175936,0.004168253857642412,-0.01598100177943707,-1.529305219650269
1777498974229296128,0.004166754893958569,-0.01598086580634117,-1.529305696487427
1777498974239396608,0.004168783314526081,-0.01597826741635799,-1.529306650161743
1777498974249477888,0.004170190077275038,-0.01597931794822216,-1.529305219650269
1777498974259539456,0.004173914436250925,-0.01598008163273335,-1.529304027557373
1777498974269581568,0.004185212310403585,-0.01597702316939831,-1.529303908348083
1777498974279603712,0.004190278705209494,-0.01597853377461433,-1.529302358627319
1777498974289610752,0.004190629348158836,-0.01597701385617256,-1.529304146766663
1777498974299598848,0.004210293292999268,-0.01595797576010227,-1.529298067092896
1777498974309567488,0.004220647271722555,-0.01595672778785229,-1.52928102016449
1777498974319517184,0.004233133047819138,-0.01595001108944416,-1.529283165931702
1777498974329447424,0.004231145605444908,-0.01594663970172405,-1.529285907745361
1777498974339358464,0.004232580307871103,-0.01593604311347008,-1.529286623001099
1777498974349250048,0.004235937725752592,-0.01594092883169651,-1.529297471046448
1777498974359122432,0.004244057927280664,-0.01594764925539494,-1.529312968254089
1777498974368976384,0.004230818245559931,-0.01595061458647251,-1.5293208360672
1777498974378811392,0.004235479515045881,-0.01597216166555882,-1.529333233833313
1777498974388627200,0.004229111596941948,-0.01599389873445034,-1.52933943271637
1777498974398423808,0.004220597911626101,-0.01599586009979248,-1.529333591461182
1777498974408201472,0.004240843467414379,-0.01600680872797966,-1.529333233833313
1777498974418424832,0.00422916654497385,-0.01600860804319382,-1.529326915740967
1777498974428628480,0.004226601682603359,-0.01601452194154263,-1.529322028160095
1777498974438812672,0.00421065604314208,-0.0160156637430191,-1.52932333946228
1777498974448976896,0.004216466099023819,-0.01602531783282757,-1.529319882392883
1777498974459122176,0.004212636500597,-0.0160265751183033,-1.529296040534973
1777498974469248000,0.004232577513903379,-0.01603389531373978,-1.529279947280884
1777498974479354112,0.004240114707499743,-0.01602738536894321,-1.529260993003845
1777498974489440768,0.004244549665600061,-0.01601559482514858,-1.529250741004944
1777498974499507968,0.004253334365785122,-0.01602200791239738,-1.529255628585815
1777498974509555712,0.004263386130332947,-0.01600081846117973,-1.529262661933899
1777498974519584256,0.004277573432773352,-0.01600570790469646,-1.529277682304382
1777498974529593088,0.004280206747353077,-0.01599982567131519,-1.529292225837708
1777498974539582976,0.004290343727916479,-0.01600218750536442,-1.529302716255188
1777498974549553664,0.004281145986169577,-0.01598607003688812,-1.52930760383606
1777498974559504896,0.0042761848308146,-0.01599873602390289,-1.529318928718567
1777498974569436416,0.004276934545487165,-0.01600338704884052,-1.529329299926758
1777498974579348992,0.004272136837244034,-0.01600627601146698,-1.529336094856262
1777498974589242112,0.00427023833617568,-0.01601435802876949,-1.529341340065002
1777498974599116032,0.004270987585186958,-0.01602137461304665,-1.529338836669922
1777498974608976128,0.004385883919894695,-0.01591247692704201,-1.529307723045349
1777498974618817024,0.004498870112001896,-0.01600465923547745,-1.529200792312622
1777498974628639232,0.004423584789037704,-0.01601443625986576,-1.529117345809937
1777498974638441984,0.004418096970766783,-0.01612098701298237,-1.529062032699585
1777498974648226048,0.004535813815891743,-0.01595868729054928,-1.529059410095215
1777498974658450176,0.004427664913237095,-0.01594548113644123,-1.529102921485901
1777498974668654592,0.004414094612002373,-0.01601788029074669,-1.529170155525208
1777498974678839552,0.004446765873581171,-0.01604987308382988,-1.529238224029541
1777498974689004800,0.004428679589182138,-0.0159935150295496,-1.529307007789612
1777498974699150592,0.004420268349349499,-0.01603906787931919,-1.529375553131104
1777498974709277440,0.004342899192124605,-0.01604078523814678,-1.529471158981323
1777498974719385600,0.004323725122958422,-0.01599226519465446,-1.529574751853943
1777498974729474304,0.004328084178268909,-0.01601457037031651,-1.52964985370636
1777498974739543040,0.004280888009816408,-0.01604571007192135,-1.529696106910706
1777498974749592576,0.00427540298551321,-0.01604156196117401,-1.529754877090454
1777498974759622656,0.004288571886718273,-0.01604040712118149,-1.52981424331665
1777498974769633280,0.004275150131434202,-0.01602820307016373,-1.529805183410645
1777498974779624448,0.004264235030859709,-0.01602200418710709,-1.529769897460938
1777498974789597184,0.004305960144847631,-0.01602842845022678,-1.529748797416687
1777498974799550464,0.004332812037318945,-0.01599911227822304,-1.529727935791016
1777498974809484288,0.004328015726059675,-0.01601362228393555,-1.529680371284485
1777498974819398912,0.004350623581558466,-0.01602178625762463,-1.529645800590515
1777498974829294080,0.004377171397209167,-0.01600968278944492,-1.529613256454468
1777498974839170048,0.004366774577647448,-0.01597953401505947,-1.529588341712952
1777498974849026816,0.004366933833807707,-0.01600582525134087,-1.529562711715698
1777498974858864128,0.004349333234131336,-0.01600318029522896,-1.52954638004303
1777498974868684032,0.004356344230473042,-0.01601886935532093,-1.529562830924988
1777498974878488832,0.004366235341876745,-0.01602014154195786,-1.529585838317871
1777498974888277504,0.004342971835285425,-0.01601269654929638,-1.529596209526062
1777498974898510592,0.004316294565796852,-0.01603792421519756,-1.52961540222168
1777498974908724224,0.004335803911089897,-0.01606027595698833,-1.52963662147522
1777498974918918144,0.004328724462538958,-0.01603979431092739,-1.529656529426575
1777498974929092608,0.004334596917033195,-0.01604486629366875,-1.529659509658813
1777498974939247616,0.004342103842645884,-0.01606377214193344,-1.529662489891052
1777498974949383680,0.004337215330451727,-0.01605812273919582,-1.529660105705261
1777498974959501056,0.004321889486163855,-0.01603815704584122,-1.529669165611267
1777498974969598720,0.004348514601588249,-0.01605070941150188,-1.529673218727112
1777498974979676672,0.004351941868662834,-0.01603780873119831,-1.529669761657715
1777498974989734912,0.004349808674305677,-0.01602927595376968,-1.529663562774658
1777498974999773952,0.004358268342912197,-0.01602137833833694,-1.529670000076294
1777498975009793280,0.004356213845312595,-0.01601339690387249,-1.529687643051147
1777498975019792896,0.0043487255461514,-0.01602769456803799,-1.529694080352783
1777498975029773568,0.004360266029834747,-0.01603847369551659,-1.529709577560425
1777498975039735296,0.004359762649983168,-0.01604595966637135,-1.529711604118347
1777498975049677568,0.00436487328261137,-0.01604985073208809,-1.529709100723267
1777498975059600384,0.004342958796769381,-0.01607304625213146,-1.529700636863708
1777498975069504256,0.004376824945211411,-0.01607643999159336,-1.529686570167542
1777498975079388416,0.004345342982560396,-0.01604026556015015,-1.529651165008545
1777498975089253120,0.004370256327092648,-0.01608285307884216,-1.529639959335327
1777498975099098624,0.004353545140475035,-0.01607571914792061,-1.529630541801453
1777498975108925440,0.004338031634688377,-0.01604958064854145,-1.529626965522766
1777498975118733568,0.004362796433269978,-0.01607092656195164,-1.529638290405273
1777498975128526592,0.004368285182863474,-0.01608314365148544,-1.529649257659912
1777498975138532608,0.004358372651040554,-0.01606349088251591,-1.529648303985596
1777498975148747520,0.004365889821201563,-0.0160779282450676,-1.529650568962097
1777498975158942976,0.004358742851763964,-0.01608321256935596,-1.529646396636963
1777498975169118464,0.004339392762631178,-0.01607013307511806,-1.529635787010193
1777498975179273984,0.004358471371233463,-0.01609144546091557,-1.529627084732056
1777498975189410048,0.004346040077507496,-0.01606797985732555,-1.529630184173584
1777498975199526656,0.004373753443360329,-0.01609534397721291,-1.529645562171936
1777498975209623552,0.004328681156039238,-0.0160694345831871,-1.529657363891602
1777498975219701504,0.004346429836004972,-0.01606951840221882,-1.529669761657715
1777498975229760768,0.004347577225416899,-0.01607631519436836,-1.529667973518372
1777498975239800576,0.004376440308988094,-0.01610888727009296,-1.529655694961548
1777498975249820416,0.004337737802416086,-0.01606466434895992,-1.529640197753906
1777498975259821056,0.004353649448603392,-0.01610867120325565,-1.52962851524353
1777498975269802496,0.00433766096830368,-0.01608103699982166,-1.529627442359924
1777498975279764480,0.00434560514986515,-0.01609722524881363,-1.529628992080688
1777498975289707008,0.004360112361609936,-0.01608697511255741,-1.529635787010193
1777498975299630592,0.004373524803668261,-0.01612191833555698,-1.52964174747467
1777498975309534720,0.004355003125965595,-0.01608161441981792,-1.529641628265381
1777498975319419904,0.004363974090665579,-0.01610127277672291,-1.529636383056641
1777498975329285632,0.004363792017102242,-0.01608938537538052,-1.529630303382874
1777498975339131648,0.004370346665382385,-0.01609153486788273,-1.529622912406921
1777498975348958720,0.004370718263089657,-0.01609897799789906,-1.529625773429871
1777498975358766848,0.004368165973573923,-0.01609686203300953,-1.52962327003479
1777498975368555776,0.004373017232865095,-0.01610792428255081,-1.529631018638611
1777498975378558464,0.004368340130895376,-0.01609919033944607,-1.529629111289978
1777498975388774400,0.004369788337498903,-0.01610368303954601,-1.529628396034241
1777498975398970368,0.004369381349533796,-0.01610524021089077,-1.529625058174133
1777498975409146880,0.004367929883301258,-0.01610254496335983,-1.529622673988342
1777498975419303680,0.004359476733952761,-0.01609892956912518,-1.52962601184845
1777498975429441024,0.00435697054490447,-0.01609674468636513,-1.529625058174133
1777498975439558144,0.004373544827103615,-0.01610992662608624,-1.529629588127136
1777498975449656320,0.004373731091618538,-0.01610394380986691,-1.529630899429321
1777498975459734784,0.004383212886750698,-0.01610291190445423,-1.529632449150085
1777498975469793536,0.004373827949166298,-0.01609968394041061,-1.529638886451721
1777498975479832832,0.004369874019175768,-0.01609856076538563,-1.529638171195984
1777498975489852928,0.00436402577906847,-0.01610036753118038,-1.529634952545166
1777498975499853568,0.00437157042324543,-0.01610214449465275,-1.529626250267029
1777498975509834752,0.004374816082417965,-0.01609912514686584,-1.529629826545715
1777498975519796736,0.004371837247163057,-0.01609998382627964,-1.529637455940247
1777498975529742592,0.0043571712449193,-0.01610068790614605,-1.529646992683411
1777498975539669504,0.004357864614576101,-0.01609809510409832,-1.529653429985046
1777498975549577216,0.004361312370747328,-0.01610320992767811,-1.529649019241333
1777498975559465728,0.004368227906525135,-0.01610690355300903,-1.529646515846252
1777498975569335040,0.004364450927823782,-0.01612337492406368,-1.529639959335327
1777498975579184896,0.004367262125015259,-0.01610119640827179,-1.529640316963196
1777498975589015552,0.004378899931907654,-0.01611689664423466,-1.52963662147522
1777498975598827264,0.004380166064947844,-0.01610234007239342,-1.529622673988342
1777498975608620288,0.004384551197290421,-0.01611593551933765,-1.52961528301239
1777498975618394112,0.004373831674456596,-0.01610970497131348,-1.529605746269226
1777498975628610816,0.004389337729662657,-0.01608814299106598,-1.529608368873596
1777498975638808064,0.004341474734246731,-0.01606285385787487,-1.529621243476868
1777498975648985344,0.004358591511845589,-0.01605452597141266,-1.529676914215088
1777498975659144192,0.004348703660070896,-0.01600920036435127,-1.529744505882263
1777498975669283328,0.004302535206079483,-0.01585850492119789,-1.529841661453247
1777498975679402752,0.004258097615092993,-0.01579124853014946,-1.529949069023132
1777498975689502464,0.004272248595952988,-0.01588284783065319,-1.530074119567871
1777498975699582720,0.004131453111767769,-0.01579857058823109,-1.530209898948669
1777498975709643008,0.004071590956300497,-0.01562995277345181,-1.530351877212524
1777498975719684352,0.004033092875033617,-0.01550428289920092,-1.530502915382385
1777498975729706496,0.00402471236884594,-0.01549955923110247,-1.530649662017822
1777498975739712512,0.004192341584712267,-0.01549306977540255,-1.530789136886597
1777498975749699072,0.004346392583101988,-0.01541423425078392,-1.53088390827179
1777498975759666432,0.004439370706677437,-0.01535434182733297,-1.53086256980896
1777498975769614336,0.004577912390232086,-0.01539466250687838,-1.530749559402466
1777498975779543040,0.00459273811429739,-0.01549697387963533,-1.530587315559387
1777498975789452800,0.004548856522887945,-0.01545490976423025,-1.530416250228882
1777498975799343360,0.004540206398814917,-0.01541928388178349,-1.530275583267212
1777498975809214464,0.004540670663118362,-0.01540450658649206,-1.530174493789673
1777498975819066880,0.004531729500740767,-0.01547066308557987,-1.530070304870605
1777498975828900096,0.004544299095869064,-0.01552390307188034,-1.529988169670105
1777498975838714368,0.004547618795186281,-0.01554930116981268,-1.529944539070129
1777498975848509184,0.004528034012764692,-0.0155510138720274,-1.529927849769592
1777498975858285056,0.004530686885118484,-0.01553923543542624,-1.52994179725647
1777498975868505088,0.004524971358478069,-0.01554939057677984,-1.529979586601257
1777498975878705664,0.004498327616602182,-0.01556630712002516,-1.530041098594666
1777498975888887040,0.004485043697059155,-0.01557312533259392,-1.530135869979858
1777498975899048704,0.004482374060899019,-0.0155843822285533,-1.530269026756287
1777498975909190656,0.004417007323354483,-0.01557187642902136,-1.530436635017395
1777498975919312384,0.00442187488079071,-0.01557698287069798,-1.530632734298706
1777498975929415168,0.004419999197125435,-0.01557858753949404,-1.530824780464172
1777498975939499520,0.004458124749362469,-0.01559781283140182,-1.531002879142761
1777498975949566208,0.00452162092551589,-0.01561242248862982,-1.531182169914246
1777498975959613184,0.004503031261265278,-0.01560354884713888,-1.531355023384094
1777498975969641216,0.004432958085089922,-0.01557710859924555,-1.531517863273621
1777498975979650048,0.004338208120316267,-0.01556792482733727,-1.531700849533081
1777498975989639680,0.004279175773262978,-0.01559963449835777,-1.531885623931885
1777498975999609600,0.004272066988050938,-0.01560519449412823,-1.532080769538879
1777498976009560576,0.004353168420493603,-0.01560435350984335,-1.532277584075928
1777498976019492352,0.004393270704895258,-0.01560153719037771,-1.532473087310791
1777498976029404928,0.004454232286661863,-0.01561007741838694,-1.532679080963135
1777498976039298304,0.00450889440253377,-0.01561339851468801,-1.532872676849365
1777498976049172480,0.004476112779229879,-0.0156084168702364,-1.53304135799408
1777498976059026944,0.004495206754654646,-0.01558566000312567,-1.533173203468323
1777498976068862208,0.004582678433507681,-0.01554442942142487,-1.533266425132751
1777498976078678272,0.004749344196170568,-0.01541544869542122,-1.533301711082458
1777498976088475136,0.004973444622009993,-0.01521107368171215,-1.533263206481934
1777498976098253824,0.005068635102361441,-0.01488605234771967,-1.533199429512024
1777498976108478208,0.005744888447225094,-0.01426754705607891,-1.533135890960693
1777498976118682880,0.006593877915292978,-0.0136488564312458,-1.53305184841156
1777498976128867840,0.006851611193269491,-0.01243390422314405,-1.532909274101257
1777498976139032576,0.006772906985133886,-0.01101210247725248,-1.532718300819397
1777498976149179392,0.006380889564752579,-0.009657451882958412,-1.532542586326599
1777498976159306752,0.006057636812329292,-0.007629438303411007,-1.532236576080322
1777498976169414144,0.00536119332537055,-0.005669810809195042,-1.532002925872803
1777498976179502080,0.004718735814094543,-0.003430197713896632,-1.531624913215637
1777498976189570304,0.004275764804333448,-0.001005233963951468,-1.531233906745911
1777498976199618816,0.004462068900465965,0.001871354412287474,-1.530844926834106
1777498976209647872,0.005257348995655775,0.004820338916033506,-1.530562520027161
1777498976219657472,0.006415294948965311,0.007830306887626648,-1.530350208282471
1777498976229648384,0.007798430509865284,0.01100199297070503,-1.53009831905365
1777498976239619840,0.008855486288666725,0.01429294887930155,-1.529727220535278
1777498976249571840,0.009298602119088173,0.01748850010335445,-1.529185771942139
1777498976259504640,0.009596832096576691,0.02064203843474388,-1.528338074684143
1777498976269417984,0.009063791483640671,0.02388199418783188,-1.527294754981995
1777498976279312128,0.008622359484434128,0.02688237652182579,-1.526033520698547
1777498976289186816,0.007942318916320801,0.02993149310350418,-1.524575233459473
1777498976299042560,0.007106311153620481,0.03258876875042915,-1.522956371307373
1777498976308883968,0.006158242933452129,0.03509049490094185,-1.521126508712769
1777498976318710016,0.005380253307521343,0.03737011179327965,-1.519162893295288
1777498976328516864,0.004732113797217607,0.03960226476192474,-1.517200112342834
1777498976338304512,0.004200267139822245,0.04146832227706909,-1.515260577201843
1777498976348305920,0.003775285324081779,0.04300480708479881,-1.513330698013306
1777498976358520576,0.003657569643110037,0.04433234035968781,-1.511423349380493
1777498976368715520,0.003898637602105737,0.04541213065385818,-1.509604930877686
1777498976378890496,0.004240218084305525,0.04630440101027489,-1.507834792137146
1777498976389045760,0.004697166848927736,0.04686681553721428,-1.506072878837585
1777498976399181056,0.005269053392112255,0.04739426076412201,-1.504344940185547
1777498976409296640,0.005616195499897003,0.04763920605182648,-1.502623558044434
1777498976419392768,0.005672883708029985,0.04777558892965317,-1.500858306884766
1777498976429471232,0.005318531766533852,0.0476834811270237,-1.499059915542603
1777498976439530240,0.004690000787377357,0.0475929006934166,-1.497241139411926
1777498976449570048,0.003994973842054605,0.04731746390461922,-1.495391249656677
1777498976459589888,0.003168245777487755,0.04690906405448914,-1.493537068367004
1777498976469590784,0.002356880810111761,0.04612169042229652,-1.491739153862
1777498976479571968,0.001810343703255057,0.04532885551452637,-1.490114212036133
1777498976489533696,0.001583173288963735,0.04433799907565117,-1.488651514053345
1777498976499475968,0.001679750275798142,0.04323071241378784,-1.487375617027283
1777498976509399040,0.001899358234368265,0.04194008558988571,-1.486286640167236
1777498976519302656,0.002345750574022532,0.04064273461699486,-1.485402703285217
1777498976529187072,0.002602173248305917,0.03933251649141312,-1.484707593917847
1777498976539051520,0.002926646498963237,0.03801339864730835,-1.484185099601746
1777498976548897536,0.003036765614524484,0.03671574965119362,-1.483824849128723
1777498976558723840,0.003128121374174953,0.03544127941131592,-1.483578562736511
1777498976568530944,0.003093816805630922,0.03429600596427917,-1.483422875404358
1777498976578319104,0.002841907553374767,0.03317052498459816,-1.483425617218018
1777498976588321024,0.002585822716355324,0.03215314075350761,-1.483546137809753
1777498976598535936,0.002406944520771503,0.03133481368422508,-1.483831763267517
1777498976608731648,0.00228543602861464,0.03061798959970474,-1.484283804893494
1777498976618907904,0.002641523955389857,0.03008617646992207,-1.484889030456543
1777498976629064704,0.00324619235470891,0.0297685619443655,-1.485679984092712
1777498976639201536,0.003968533128499985,0.02959509566426277,-1.486686587333679
1777498976649319424,0.0047787269577384,0.02938641607761383,-1.48789644241333
1777498976659417600,0.005597449839115143,0.02927194908261299,-1.48923659324646
1777498976669496320,0.006144467275589705,0.02902132272720337,-1.490582227706909
1777498976679555840,0.006336687598377466,0.02878891117870808,-1.491865992546082
1777498976689596160,0.006223819218575954,0.02861078642308712,-1.49300229549408
1777498976699620608,0.006107153836637735,0.02849006280303001,-1.49399995803833
1777498976709625600,0.005902182776480913,0.0280898530036211,-1.494956731796265
1777498976719611392,0.005283540114760399,0.0275056567043066,-1.495935916900635
1777498976729577472,0.004822441842406988,0.02707256004214287,-1.496969699859619
1777498976739524608,0.004257324151694775,0.0265779159963131,-1.4982088804245
1777498976749452544,0.003713035956025124,0.02612888067960739,-1.499604821205139
1777498976759361024,0.00309771066531539,0.02554380334913731,-1.501059412956238
1777498976769250816,0.00280777714215219,0.02490320056676865,-1.502602100372314
1777498976779121664,0.002786502474918962,0.02435232326388359,-1.504275441169739
1777498976788973312,0.003040582640096545,0.02351700142025948,-1.506086945533752
1777498976798805760,0.003552229143679142,0.02285578846931458,-1.508045792579651
1777498976808619008,0.004234836902469397,0.02202972397208214,-1.510140061378479
1777498976818413312,0.005167535040527582,0.0214408952742815,-1.512375354766846
1777498976828418560,0.006156433373689651,0.02081682346761227,-1.514709234237671
1777498976838634752,0.007043242454528809,0.02016729116439819,-1.51703929901123
1777498976848831744,0.007796733174473047,0.01960323192179203,-1.519351840019226
1777498976859009536,0.008341817185282707,0.01911203376948833,-1.52167272567749
1777498976869167360,0.008694296702742577,0.01864792034029961,-1.523945450782776
1777498976879305472,0.008661302737891674,0.01820266060531139,-1.526103854179382
1777498976889424384,0.00840091984719038,0.01772206090390682,-1.528161883354187
1777498976899523584,0.007929956540465355,0.0173334926366806,-1.530159831047058
1777498976909603584,0.007478609681129456,0.01695751026272774,-1.532132148742676
1777498976919663872,0.006929274182766676,0.01645506732165813,-1.534097075462341
1777498976929708032,0.006357377860695124,0.01588612422347069,-1.536126136779785
1777498976939732992,0.00608171196654439,0.01539816148579121,-1.538193941116333
1777498976949738752,0.005965769290924072,0.01496048178523779,-1.540320634841919
1777498976959725056,0.005732877179980278,0.01436411961913109,-1.542546153068542
1777498976969692160,0.005830624606460333,0.01364662311971188,-1.544829487800598
1777498976979640064,0.005958355497568846,0.01301529817283154,-1.547166585922241
1777498976989568512,0.006104277912527323,0.01209511887282133,-1.549625158309937
1777498976999477760,0.006128903944045305,0.0112923625856638,-1.552124738693237
1777498977009368320,0.00639765290543437,0.01028340496122837,-1.554671883583069
1777498977019239680,0.006483807694166899,0.009491918608546257,-1.557278990745544
1777498977029091840,0.006765118334442377,0.008549499325454235,-1.559978723526001
1777498977038925312,0.006926272064447403,0.007682028226554394,-1.562739849090576
1777498977048739584,0.007074140943586826,0.00653501320630312,-1.565560698509216
1777498977058534912,0.007234972901642323,0.005581904202699661,-1.568398952484131
1777498977068311296,0.007190019357949495,0.004470589570701122,-1.571255803108215
1777498977078528512,0.007126730866730213,0.003425145521759987,-1.574081897735596
1777498977088726272,0.00681505911052227,0.002251096302643418,-1.576897144317627
1777498977098904832,0.006627273745834827,0.001280032563954592,-1.57972252368927
1777498977109064192,0.006525577045977116,9.334925562143326e-05,-1.582615852355957
1777498977119203840,0.006947344169020653,-0.0009814606746658683,-1.585508584976196
1777498977129324288,0.007604015059769154,-0.002461199648678303,-1.588396668434143
1777498977139425024,0.008177126757800579,-0.003907857462763786,-1.591359972953796
1777498977149506560,0.009445239789783955,-0.005578309763222933,-1.594311594963074
1777498977159568384,0.01020385324954987,-0.007068289443850517,-1.597231030464172
1777498977169610496,0.01078602392226458,-0.008685566484928131,-1.600010752677917
1777498977179633664,0.01135141961276531,-0.010123111307621,-1.602602601051331
1777498977189640192,0.01238503400236368,-0.01125683356076479,-1.60498058795929
1777498977199627520,0.01300351414829493,-0.01307034771889448,-1.607242584228516
1777498977209595392,0.01259279157966375,-0.01427614409476519,-1.609347820281982
1777498977219543808,0.01027996465563774,-0.01497724186629057,-1.611155152320862
1777498977229473024,0.009865604341030121,-0.01493469066917896,-1.612718105316162
1777498977239382784,0.0107172466814518,-0.01418813038617373,-1.614326596260071
1777498977249273088,0.01051696669310331,-0.01433797832578421,-1.616051197052002
1777498977259144192,0.01127275079488754,-0.01238062791526318,-1.617494583129883
1777498977268996608,0.01081599481403828,-0.01228642743080854,-1.618849277496338
1777498977278829568,0.01049848739057779,-0.01179935969412327,-1.62013053894043
1777498977288643584,0.01005858555436134,-0.01135249435901642,-1.621151804924011
1777498977298438400,0.009371513500809669,-0.01145525276660919,-1.622108221054077
1777498977308213760,0.009709972888231277,-0.01064379885792732,-1.622901439666748
1777498977318432512,0.01004443783313036,-0.01011544279754162,-1.623629212379456
1777498977328631296,0.009658770635724068,-0.009409242309629917,-1.624201536178589
1777498977338810368,0.009282384999096394,-0.008717709220945835,-1.624603033065796
1777498977348969984,0.00869559682905674,-0.007776186801493168,-1.624943375587463
1777498977359111680,0.008609190583229065,-0.0066132927313447,-1.625334024429321
1777498977369233920,0.008487511426210403,-0.005270592868328094,-1.625744342803955
1777498977379336704,0.008646721020340919,-0.003929461818188429,-1.626056313514709
1777498977389419264,0.008895037695765495,-0.002548874588683248,-1.626298904418945
1777498977399482880,0.009071051143109798,-0.001223563915118575,-1.626406073570251
1777498977409527040,0.009440300986170769,0.0003512278490234166,-1.626421332359314
1777498977419551488,0.009511297568678856,0.001800316269509494,-1.626282215118408
1777498977429556736,0.009790342301130295,0.003335715038701892,-1.625944972038269
1777498977439543040,0.009648773819208145,0.004499638918787241,-1.625433921813965
1777498977449510144,0.009174728766083717,0.005728369578719139,-1.624760866165161
1777498977459457536,0.008604190312325954,0.006911375559866428,-1.62397038936615
1777498977469385472,0.008197653107345104,0.008313441649079323,-1.623089790344238
1777498977479294208,0.007412763312458992,0.009162995032966137,-1.622136116027832
1777498977489183744,0.00656196242198348,0.01016292069107294,-1.621064305305481
1777498977499053824,0.005680715665221214,0.01091049239039421,-1.619978189468384
1777498977508905216,0.004967112559825182,0.01198016572743654,-1.618857860565186
1777498977518744576,0.004303799010813236,0.01268485933542252,-1.617727518081665
1777498977528564992,0.003789214184507728,0.01346055325120687,-1.616585373878479
1777498977538366208,0.003178317099809647,0.0139970937743783,-1.615509033203125
1777498977548148224,0.002943999134004116,0.01487019751220942,-1.614514827728271
1777498977558372096,0.002732928609475493,0.01548774261027575,-1.613595724105835
1777498977568576512,0.002655337331816554,0.01627041585743427,-1.612788438796997
1777498977578761472,0.002638642443343997,0.01675411313772202,-1.612082719802856
1777498977588926976,0.00295174540951848,0.01761790551245213,-1.611486673355103
1777498977599073024,0.00313961086794734,0.01826131157577038,-1.610934019088745
1777498977609199104,0.003376755164936185,0.01901323907077312,-1.610439300537109
1777498977619307776,0.003520673839375377,0.01955758221447468,-1.609991669654846
1777498977629396736,0.003690528916195035,0.02027490921318531,-1.60962450504303
1777498977639466240,0.00367575534619391,0.02074651606380939,-1.609287858009338
1777498977649516288,0.003704458940774202,0.02137485705316067,-1.609041452407837
1777498977659546880,0.003447711933404207,0.02197936177253723,-1.608832120895386
1777498977669558016,0.003275554394349456,0.02282504737377167,-1.608600735664368
1777498977679549952,0.002986872801557183,0.02362820878624916,-1.608431458473206
1777498977689522688,0.00269373832270503,0.02461512200534344,-1.6083083152771
1777498977699476736,0.002825008239597082,0.02539886720478535,-1.608302474021912
1777498977709411328,0.002779654925689101,0.02582006342709064,-1.608521103858948
1777498977719326720,0.003009701846167445,0.02607855014503002,-1.608824014663696
1777498977729222912,0.003245174651965499,0.02654463425278664,-1.609151721000671
1777498977739100672,0.003564389422535896,0.02725744992494583,-1.60953164100647
1777498977748959488,0.004209565930068493,0.0279649943113327,-1.609897136688232
1777498977758799104,0.00455777021124959,0.02801636047661304,-1.610159397125244
1777498977768619520,0.004318745341151953,0.02799594216048717,-1.61037540435791
1777498977778429952,0.004652282688766718,0.02803304046392441,-1.610613703727722
1777498977788220928,0.004999101627618074,0.02826013043522835,-1.610925555229187
1777498977798454016,0.004887301474809647,0.02806917019188404,-1.611265659332275
1777498977808667648,0.004859196953475475,0.02765001356601715,-1.611563563346863
1777498977818861568,0.004858680069446564,0.02724897861480713,-1.61181116104126
1777498977829036288,0.004796567372977734,0.02690085768699646,-1.61202597618103
1777498977839191296,0.004680291283875704,0.02648278884589672,-1.612184524536133
1777498977849326592,0.004528919700533152,0.02590725012123585,-1.612307548522949
1777498977859442432,0.004377306904643774,0.02537334337830544,-1.612393260002136
1777498977869538304,0.004159582313150167,0.02462823502719402,-1.612488150596619
1777498977879617024,0.004070556256920099,0.02416977100074291,-1.612593531608582
1777498977889676032,0.004035691730678082,0.02347857318818569,-1.61273455619812
1777498977899715584,0.00430480157956481,0.0230996310710907,-1.612848281860352
1777498977909735680,0.004591517150402069,0.02234330028295517,-1.612999558448792
1777498977919736320,0.004881850443780422,0.02200730331242085,-1.613125801086426
1777498977929717248,0.005072380416095257,0.02147521637380123,-1.61322820186615
1777498977939678720,0.005131920333951712,0.02119933068752289,-1.61324667930603
1777498977949620736,0.004814811050891876,0.02055630087852478,-1.61319899559021
1777498977959543808,0.004503765143454075,0.0203123465180397,-1.613119959831238
1777498977969447680,0.004441015422344208,0.02010391652584076,-1.613028407096863
1777498977979332096,0.004507475066930056,0.02010319940745831,-1.612890720367432
1777498977989197312,0.004447808023542166,0.01978463865816593,-1.61272132396698
1777498977999043328,0.004413423594087362,0.01975607685744762,-1.61248517036438
1777498978008870144,0.004570319782942533,0.01976379379630089,-1.612220764160156
1777498978018677504,0.004668348468840122,0.02000694535672665,-1.611974000930786
1777498978028465664,0.004646283108741045,0.01995489746332169,-1.611726522445679
1777498978038467840,0.004709261935204268,0.02020506002008915,-1.611471176147461
1777498978048683264,0.004703447222709656,0.02027315273880959,-1.611184597015381
1777498978058878720,0.004696731921285391,0.02056784369051456,-1.610840320587158
1777498978069055232,0.004849530290812254,0.02075090445578098,-1.610383868217468
1777498978079211776,0.005003948230296373,0.02100991271436214,-1.609878063201904
1777498978089349376,0.005162578541785479,0.02121114544570446,-1.609338402748108
1777498978099467008,0.005251248832792044,0.02149295061826706,-1.608745098114014
1777498978109565440,0.005137992557138205,0.02161942608654499,-1.608092904090881
1777498978119644160,0.004778834991157055,0.02177217043936253,-1.607372760772705
1777498978129703424,0.004496018867939711,0.02182671800255775,-1.606596350669861
1777498978139744000,0.004253190476447344,0.02187507599592209,-1.605820178985596
1777498978149767424,0.003804345149546862,0.02166623622179031,-1.605035901069641
1777498978159772928,0.003333755070343614,0.0215955562889576,-1.604199647903442
1777498978169758976,0.002761430339887738,0.02141993679106236,-1.603316307067871
1777498978179725824,0.002217929111793637,0.02144202031195164,-1.60232937335968
1777498978189673216,0.00192999339196831,0.020964739844203,-1.601306200027466
1777498978199601664,0.001601970288902521,0.02019668743014336,-1.600389719009399
1777498978209510656,0.001125835347920656,0.01926088705658913,-1.599555730819702
1777498978219400448,0.0008998199482448399,0.01888255029916763,-1.598763346672058
1777498978229271296,0.001327692647464573,0.01849657110869884,-1.598127961158752
1777498978239123200,0.002106678439304233,0.01794189959764481,-1.597538709640503
1777498978248955904,0.002546252449974418,0.01658639498054981,-1.596922397613525
1777498978258769152,0.003093521809205413,0.01544402539730072,-1.596243023872375
1777498978268563456,0.003964519128203392,0.01440973579883575,-1.59555971622467
1777498978278568960,0.004746245685964823,0.01350788492709398,-1.594804525375366
1777498978288785408,0.004916799254715443,0.0119848744943738,-1.59388267993927
1777498978298981888,0.004615537356585264,0.01045297458767891,-1.592810988426208
1777498978309159424,0.004241439048200846,0.008968876674771309,-1.591673374176025
1777498978319317248,0.003909389488399029,0.007968207821249962,-1.590512275695801
1777498978329455872,0.0033493188675493,0.006632497534155846,-1.589286923408508
1777498978339574528,0.002468475606292486,0.005430972669273615,-1.587956190109253
1777498978349673984,0.001995505765080452,0.004468911793082952,-1.586689114570618
1777498978359753728,0.001634457497857511,0.003841567086055875,-1.585558533668518
1777498978369814016,0.001086690346710384,0.003278582356870174,-1.58453631401062
1777498978379854848,0.0008075074292719364,0.002718655159696937,-1.583549737930298
1777498978389878272,0.0009180845227092505,0.002383623272180557,-1.582684516906738
1777498978399883520,0.001329356571659446,0.002217529807239771,-1.581847071647644
1777498978409869312,0.001703012734651566,0.002329596551135182,-1.581066012382507
1777498978419835904,0.002323389053344727,0.002591982251033187,-1.580353021621704
1777498978429783040,0.002835736144334078,0.003081423928961158,-1.579724669456482
1777498978439710976,0.003177118021994829,0.003589860862120986,-1.579105257987976
1777498978449619456,0.003334740176796913,0.004308693110942841,-1.57844340801239
1777498978459508736,0.003367379540577531,0.005083312746137381,-1.577777147293091
1777498978469379072,0.003016876522451639,0.005878821015357971,-1.577036619186401
1777498978479230208,0.002633121330291033,0.006738066673278809,-1.576229453086853
1777498978489062400,0.002036850433796644,0.007522549014538527,-1.575400590896606
1777498978498874880,0.0015863839071244,0.00863416213542223,-1.574643611907959
1777498978508668160,0.001207145862281322,0.009624798782169819,-1.57396125793457
1777498978518442496,0.0007167496369220316,0.01075492519885302,-1.573371291160583
1777498978528658944,0.0002002602413995191,0.01172857545316219,-1.572884082794189
1777498978538855680,6.608572584809735e-05,0.01301559712737799,-1.572550654411316
1777498978549033216,0.0002109746128553525,0.01401813048869371,-1.572329878807068
1777498978559191296,0.0005969772464595735,0.01508597284555435,-1.572186708450317
1777498978569330176,0.001423573470674455,0.0159417949616909,-1.572104573249817
1777498978579449344,0.002191380830481648,0.01682287640869617,-1.572150349617004
1777498978589549312,0.003113869577646255,0.01781515032052994,-1.572229146957397
1777498978599630080,0.00416745338588953,0.01868088915944099,-1.572358727455139
1777498978609691392,0.005101027432829142,0.01945118047297001,-1.572480440139771
1777498978619733248,0.005630611907690763,0.01984268613159657,-1.572600722312927
1777498978629755904,0.005882971920073032,0.0200781337916851,-1.572574853897095
1777498978639762432,0.005531223956495523,0.01979844830930233,-1.572365283966064
1777498978649749504,0.004750004038214684,0.01970984786748886,-1.571996092796326
1777498978659717376,0.003874446963891387,0.01966357789933681,-1.571500062942505
1777498978669666304,0.003309940453618765,0.01990521885454655,-1.570930004119873
1777498978679595776,0.002613519551232457,0.01933549530804157,-1.570341348648071
1777498978689505792,0.001472409232519567,0.01843753457069397,-1.56979513168335
1777498978699396608,0.0002905626315623522,0.01740673184394836,-1.569399476051331
1777498978709268224,-7.740394357824698e-05,0.01688470877707005,-1.569217443466187
1777498978719120896,-0.0003112843842245638,0.01604843698441982,-1.569205284118652
1777498978728954624,-0.000203081188374199,0.01507099159061909,-1.569344758987427
1777498978738768896,0.000372953392798081,0.01380523666739464,-1.569599151611328
1777498978748564224,0.001311352592892945,0.01276563666760921,-1.569973468780518
1777498978758340352,0.002384519437327981,0.01203284412622452,-1.570389270782471
1777498978768558336,0.003473267424851656,0.01110632438212633,-1.570891261100769
1777498978778756352,0.004392314236611128,0.01024489291012287,-1.571397304534912
1777498978788934656,0.005076740402728319,0.009156543761491776,-1.571884155273438
1777498978799092992,0.00546748423948884,0.008365989662706852,-1.572327375411987
1777498978809231872,0.005428878590464592,0.007608217652887106,-1.572652339935303
1777498978819351552,0.005184014793485403,0.007095841225236654,-1.572889566421509
1777498978829451264,0.00464564049616456,0.00635854434221983,-1.572988033294678
1777498978839531008,0.003751707496121526,0.005694445688277483,-1.573032021522522
1777498978849593856,0.002836546627804637,0.005193599965423346,-1.57305121421814
1777498978859639040,0.001807190128602087,0.004725640639662743,-1.573150634765625
1777498978869664512,0.001002512872219086,0.004457946866750717,-1.573335766792297
1777498978879670528,0.0003346588637214154,0.004053868819028139,-1.573616504669189
1777498978889657088,-0.0001736512494971976,0.003811414120718837,-1.574073910713196
1777498978899624192,-0.0004808028461411595,0.003626694204285741,-1.574733853340149
1777498978909571840,-0.0001806664222385734,0.003712313249707222,-1.575577020645142
1777498978919500544,0.0003817315446212888,0.003753841621801257,-1.576538681983948
1777498978929410816,0.001104310504160821,0.003926210571080446,-1.577643871307373
1777498978939302144,0.001927032019011676,0.00425463542342186,-1.578882455825806
1777498978949174272,0.002955653006210923,0.004923556931316853,-1.580261588096619
1777498978959026944,0.003789321752265096,0.005562281236052513,-1.58173394203186
1777498978968862720,0.004508363083004951,0.006259131245315075,-1.583218097686768
1777498978978679040,0.005121413618326187,0.007048727944493294,-1.584674715995789
1777498978988476160,0.005788310430943966,0.007993577979505062,-1.586097240447998
1777498978998254592,0.005917926318943501,0.008885262534022331,-1.587482452392578
1777498979008479744,0.005686207208782434,0.009767706505954266,-1.588803887367249
1777498979018684928,0.005291645880788565,0.01062106527388096,-1.590100765228271
1777498979028870656,0.004622636362910271,0.01150187384337187,-1.591355204582214
1777498979039037440,0.004123639781028032,0.0122704766690731,-1.592570662498474
1777498979049184256,0.003605480073019862,0.01306980568915606,-1.593762993812561
1777498979059311616,0.003435791237279773,0.01390762440860271,-1.594953536987305
1777498979069419008,0.003416604595258832,0.01488704513758421,-1.596238851547241
1777498979079507456,0.003779125167056918,0.01594928652048111,-1.597596287727356
1777498979089575936,0.004357466008514166,0.01713772676885128,-1.598953247070312
1777498979099624960,0.005093144252896309,0.0183571707457304,-1.600293040275574
1777498979109654528,0.006066120229661465,0.01920974627137184,-1.601717233657837
1777498979119665408,0.006816949229687452,0.0196665246039629,-1.603142261505127
1777498979129656832,0.007154320832341909,0.02003100700676441,-1.604408383369446
1777498979139628800,0.007489080540835857,0.02080992422997952,-1.605515837669373
1777498979149581312,0.007816110737621784,0.02179432660341263,-1.606477379798889
1777498979159516416,0.00797299575060606,0.02256896160542965,-1.607182145118713
1777498979169434624,0.00750312814489007,0.02296571247279644,-1.607646226882935
1777498979179333888,0.006899495143443346,0.02336193434894085,-1.607990503311157
1777498979189213696,0.006326806265860796,0.02382803894579411,-1.608298063278198
1777498979199074560,0.00591830862686038,0.02395549602806568,-1.608539700508118
1777498979208916480,0.005255571566522121,0.02391955070197582,-1.608677983283997
1777498979218739200,0.004603053908795118,0.02358855679631233,-1.608731508255005
1777498979228542720,0.004116454627364874,0.02346284128725529,-1.608734250068665
1777498979238327552,0.003683146322146058,0.02333191595971584,-1.608689069747925
1777498979248327680,0.003622777527198195,0.02312919497489929,-1.608582615852356
1777498979258542592,0.00366445817053318,0.02244859002530575,-1.608391761779785
1777498979268738048,0.003851417684927583,0.02170738950371742,-1.608193635940552
1777498979278913792,0.004375919234007597,0.02119164913892746,-1.608016610145569
1777498979289069824,0.004582423251122236,0.02073336020112038,-1.607840776443481
1777498979299207424,0.004496046341955662,0.02017428167164326,-1.607560038566589
1777498979309326080,0.004423885140568018,0.01955936849117279,-1.607182502746582
1777498979319425024,0.004313579294830561,0.01897531561553478,-1.606777429580688
1777498979329504256,0.004327601287513971,0.01838695630431175,-1.606405735015869
1777498979339564288,0.004459802992641926,0.01765785925090313,-1.605987787246704
1777498979349604608,0.004551353398710489,0.01688850112259388,-1.605538725852966
1777498979359624960,0.004666027147322893,0.01624562591314316,-1.605057239532471
1777498979369626112,0.004946622997522354,0.01583502255380154,-1.604600787162781
1777498979379607808,0.005096678622066975,0.01555200666189194,-1.604114174842834
1777498979389570304,0.004999283701181412,0.01530944090336561,-1.603553652763367
1777498979399513600,0.004951971117407084,0.01509932521730661,-1.602896451950073
1777498979409437440,0.004664498381316662,0.01510071381926537,-1.602182030677795
1777498979419342080,0.004498575814068317,0.01523239444941282,-1.601477980613708
1777498979429227776,0.004409286193549633,0.01551043428480625,-1.600814938545227
1777498979439094272,0.004117635544389486,0.01572738774120808,-1.600172758102417
1777498979448941312,0.003572141984477639,0.01604975201189518,-1.599527716636658
1777498979458769920,0.003211471019312739,0.01656011119484901,-1.598891019821167
1777498979468585728,0.002878990257158875,0.01713092811405659,-1.598260641098022
1777498979478382592,0.002452609362080693,0.01761888898909092,-1.597642302513123
1777498979488388608,0.002150279004126787,0.01811251416802406,-1.597037672996521
1777498979498603264,0.002061417559161782,0.01874453574419022,-1.596532940864563
1777498979508798208,0.0020078937523067,0.01934131421148777,-1.596187591552734
1777498979518973952,0.002075162250548601,0.01991781406104565,-1.595995664596558
1777498979529130240,0.002251674188300967,0.02055621892213821,-1.595953106880188
1777498979539267328,0.002529677003622055,0.02140521444380283,-1.595991253852844
1777498979549384448,0.002918030135333538,0.02242339588701725,-1.596047520637512
1777498979559482624,0.003407028736546636,0.02357408590614796,-1.596094250679016
1777498979569561088,0.004655012395232916,0.02458359114825726,-1.596098661422729
1777498979579619840,0.005667182151228189,0.02470193058252335,-1.596218228340149
1777498979589662976,0.006076594348996878,0.02473234012722969,-1.596352934837341
1777498979599686656,0.006130216177552938,0.02498150803148746,-1.596506595611572
1777498979609691392,0.006198136601597071,0.02629543654620647,-1.596689462661743
1777498979619676672,0.006305887829512358,0.02733606658875942,-1.596829056739807
1777498979629642752,0.00605048006400466,0.02773123979568481,-1.596816182136536
1777498979639589632,0.005448790267109871,0.02766571938991547,-1.596696019172668
1777498979649517056,0.005043540149927139,0.02796320244669914,-1.596538066864014
1777498979659425280,0.004916890989989042,0.02857071906328201,-1.596464157104492
1777498979669315328,0.004453421570360661,0.02858783677220345,-1.596383213996887
1777498979679185920,0.003758171806111932,0.02839888446033001,-1.596289038658142
1777498979689037312,0.00340595212765038,0.02819464169442654,-1.596267223358154
1777498979698869760,0.003749355906620622,0.02847202494740486,-1.596364617347717
1777498979708683776,0.004078359808772802,0.02828791365027428,-1.59650993347168
1777498979718478592,0.004643211606889963,0.02792701870203018,-1.596602082252502
1777498979728484096,0.00520266080275178,0.02741692587733269,-1.59675931930542
1777498979738699776,0.005896588787436485,0.02712883986532688,-1.59694504737854
1777498979748896000,0.006394328083842993,0.02673319354653358,-1.597069501876831
1777498979759072768,0.006540102418512106,0.02603553608059883,-1.597054362297058
1777498979769230592,0.006341107655316591,0.02529961988329887,-1.596903204917908
1777498979779368704,0.006146445870399475,0.02461755275726318,-1.596696138381958
1777498979789487104,0.005831928458064795,0.0240581389516592,-1.59644615650177
1777498979799586304,0.00532905338332057,0.02324293367564678,-1.596113681793213
1777498979809665792,0.004624222405254841,0.02236189693212509,-1.595768213272095
1777498979819725568,0.004102773033082485,0.02161262929439545,-1.595399141311646
1777498979829766144,0.003806105582043529,0.02093808352947235,-1.595075249671936
1777498979839790848,0.003538354998454452,0.02023205533623695,-1.594810128211975
1777498979849796096,0.003415737301111221,0.01935384981334209,-1.594573020935059
1777498979859781888,0.003540899138897657,0.01858207955956459,-1.594390273094177
1777498979869748224,0.003734922735020518,0.0179414264857769,-1.594278931617737
1777498979879695360,0.003694757120683789,0.01723220385611057,-1.594306588172913
1777498979889623296,0.003912481479346752,0.01678847335278988,-1.594424843788147
1777498979899531520,0.004110344219952822,0.01630141772329807,-1.594598650932312
1777498979909420544,0.004272032529115677,0.01610745303332806,-1.594793915748596
1777498979919290880,0.004558024927973747,0.01594646647572517,-1.59493625164032
1777498979929141760,0.005081824027001858,0.01605310663580894,-1.595154762268066
1777498979938973440,0.005625217221677303,0.01597744040191174,-1.595419049263
1777498979948786176,0.006111565511673689,0.0158237386494875,-1.595757126808167
1777498979958579712,0.006513325497508049,0.0157291479408741,-1.596165299415588
1777498979968354048,0.006843205075711012,0.01580886915326118,-1.596611022949219
1777498979978571008,0.007022170349955559,0.01600170508027077,-1.597085237503052
1777498979988768256,0.006929437164217234,0.01634306274354458,-1.597485184669495
1777498979998945536,0.006627610418945551,0.01687010750174522,-1.597718119621277
1777498980009104128,0.006334176287055016,0.01782114244997501,-1.597750663757324
1777498980019242752,0.006020322907716036,0.01882235705852509,-1.597658395767212
1777498980029361664,0.006192554719746113,0.01958399638533592,-1.597607970237732
1777498980039460608,0.006185650359839201,0.01951785758137703,-1.597777366638184
1777498980049540096,0.005952509585767984,0.01955972984433174,-1.597952365875244
1777498980059599872,0.005490899551659822,0.01994726248085499,-1.598106622695923
1777498980069640192,0.005534975323826075,0.02117664739489555,-1.598267793655396
1777498980079660544,0.005981932394206524,0.02180795930325985,-1.5983806848526
1777498980089662208,0.005977708846330643,0.02198981866240501,-1.598360538482666
1777498980099644416,0.006023081485182047,0.0218798965215683,-1.598256468772888
1777498980109607168,0.006247733253985643,0.02227960154414177,-1.598156690597534
1777498980119550464,0.006596324034035206,0.02258935943245888,-1.598049402236938
1777498980129474560,0.006468832027167082,0.02246116101741791,-1.597877264022827
1777498980139379712,0.006215328816324472,0.02193061448633671,-1.597620010375977
1777498980149270528,0.005992576014250517,0.02160455100238323,-1.597316384315491
1777498980159142144,0.005855126306414604,0.02136373333632946,-1.596960783004761
1777498980168995072,0.005636833608150482,0.02079891413450241,-1.596484184265137
1777498980178828544,0.005294979549944401,0.01981857419013977,-1.595883131027222
1777498980188643584,0.005049198400229216,0.01864366419613361,-1.595284104347229
1777498980198439424,0.004882622044533491,0.01756600476801395,-1.594722390174866
1777498980208216320,0.004743493627756834,0.01636814698576927,-1.594173431396484
1777498980218435072,0.004463078454136848,0.01513545121997595,-1.593579053878784
1777498980228633856,0.00450104707852006,0.01391487568616867,-1.592973470687866
1777498980238812928,0.004624944645911455,0.01249708980321884,-1.592376351356506
1777498980248972800,0.00481237331405282,0.0110849030315876,-1.591779470443726
1777498980259112960,0.005004568491131067,0.009526866488158703,-1.59115743637085
1777498980269233408,0.005300041753798723,0.008194285444915295,-1.590494632720947
1777498980279334144,0.005514766089618206,0.00668112188577652,-1.589765429496765
1777498980289415168,0.006139334291219711,0.005478681530803442,-1.588976144790649
1777498980299476480,0.006687043700367212,0.004072549752891064,-1.588085532188416
1777498980309519872,0.006882807239890099,0.002913947915658355,-1.587138772010803
1777498980319545344,0.007092469837516546,0.001798738143406808,-1.586110234260559
1777498980329551616,0.006914233323186636,0.0009336215443909168,-1.584946393966675
1777498980339538432,0.006431392394006252,2.342741936445236e-06,-1.583735466003418
1777498980349506048,0.005917117930948734,-0.0008111522765830159,-1.582418918609619
1777498980359454464,0.005421211943030357,-0.001456117141060531,-1.581025362014771
1777498980369383680,0.004949102178215981,-0.001938964822329581,-1.579540610313416
1777498980379293952,0.00449596019461751,-0.002319983905181289,-1.57804274559021
1777498980389185536,0.004177412018179893,-0.002489392179995775,-1.576520681381226
1777498980399057920,0.003979175817221403,-0.002460583811625838,-1.575045585632324
1777498980408911360,0.003759185317903757,-0.002342298859730363,-1.573599338531494
1777498980418745344,0.003778696525841951,-0.00198306841775775,-1.572208523750305
1777498980428560384,0.003826874773949385,-0.001623592339456081,-1.570844650268555
1777498980438355968,0.003897487185895443,-0.001034769229590893,-1.569482445716858
1777498980448132864,0.004020086023956537,-0.0003042492317035794,-1.568168997764587
1777498980458357760,0.004108828492462635,0.0006115585565567017,-1.566892743110657
1777498980468563200,0.004188559483736753,0.001827925792895257,-1.565606832504272
1777498980478748672,0.004183229524642229,0.003163118381053209,-1.564281105995178
1777498980488914432,0.004395707510411739,0.004956173710525036,-1.56294572353363
1777498980499062784,0.00504662049934268,0.006299667060375214,-1.561639308929443
1777498980509191168,0.005156958941370249,0.007426108699291945,-1.560400724411011
1777498980519299840,0.004957728087902069,0.008302720263600349,-1.559145212173462
1777498980529388544,0.004848225507885218,0.01006725709885359,-1.557864904403687
1777498980539458048,0.004773011896759272,0.01202121842652559,-1.556603670120239
1777498980549508096,0.004727890715003014,0.01375794969499111,-1.555233001708984
1777498980559538688,0.004448386840522289,0.01491543836891651,-1.553722977638245
1777498980569549824,0.003887801198288798,0.01585892401635647,-1.552200317382812
1777498980579542016,0.003519011661410332,0.01712138392031193,-1.550715327262878
1777498980589514752,0.003263124730437994,0.01821802742779255,-1.549318075180054
1777498980599467776,0.002900666557252407,0.01902496255934238,-1.54793906211853
1777498980609401344,0.002512478036805987,0.01944612339138985,-1.546554803848267
1777498980619315968,0.00245454628020525,0.0199662484228611,-1.545260429382324
1777498980629211136,0.002711475593969226,0.02045557089149952,-1.544060945510864
1777498980639086848,0.00309916865080595,0.0206372644752264,-1.542890191078186
1777498980648943360,0.003399253124371171,0.02060963213443756,-1.541724443435669
1777498980658781696,0.00395245710387826,0.02050401829183102,-1.540606379508972
1777498980668600832,0.004443089012056589,0.02026169933378696,-1.539531230926514
1777498980678405120,0.004679922014474869,0.01988917402923107,-1.538421154022217
1777498980688194048,0.004589586053043604,0.0190685112029314,-1.5371994972229
1777498980698191360,0.004513631574809551,0.01832691952586174,-1.535946249961853
1777498980708396288,0.004663681145757437,0.01751844212412834,-1.534662127494812
1777498980718581504,0.004774963017553091,0.01665056124329567,-1.533384203910828
1777498980728747264,0.004725839011371136,0.01555706188082695,-1.532098174095154
1777498980738893056,0.004931726958602667,0.01448983512818813,-1.530853986740112
1777498980749019136,0.005159231368452311,0.01352002006024122,-1.529648184776306
1777498980759126016,0.005461225751787424,0.01260467246174812,-1.528456091880798
1777498980769212928,0.005680243484675884,0.0116698257625103,-1.527269840240479
1777498980779282688,0.005701609421521425,0.01071273814886808,-1.526041507720947
1777498980789332736,0.005638082511723042,0.009866000153124332,-1.524797439575195
1777498980799363584,0.005475446581840515,0.009112510830163956,-1.523516654968262
1777498980809374720,0.005339807365089655,0.008536153472959995,-1.522225022315979
1777498980819366656,0.005054902285337448,0.007996547967195511,-1.520938992500305
1777498980829339136,0.004879415035247803,0.00754501624032855,-1.519702315330505
1777498980839292416,0.004696281161159277,0.007099131587892771,-1.518479347229004
1777498980849226496,0.004635134246200323,0.006745493039488792,-1.517278909683228
1777498980859141632,0.004590922500938177,0.006335949059575796,-1.516118168830872
1777498980869037312,0.0047275610268116,0.00611053965985775,-1.515056371688843
1777498980878913792,0.005000825505703688,0.005906960461288691,-1.514135837554932
1777498980888770560,0.005412859376519918,0.005928792059421539,-1.513255000114441
1777498980898608128,0.005834179930388927,0.005869642365723848,-1.512407302856445
1777498980908426752,0.006226366385817528,0.006009436678141356,-1.511565566062927
1777498980918226176,0.006555590778589249,0.006191264372318983,-1.510717630386353
1777498980928006656,0.007164310663938522,0.006699889432638884,-1.509822249412537
1777498980938005248,0.007548109162598848,0.007119712885469198,-1.508904933929443
1777498980948220160,0.007884865626692772,0.007728022057563066,-1.507935762405396
1777498980958415616,0.008274695836007595,0.008423239924013615,-1.50699257850647
1777498980968592384,0.008522300980985165,0.009299625642597675,-1.506052255630493
1777498980978749696,0.008808380924165249,0.01022096909582615,-1.505105972290039
1777498980988887296,0.008872776292264462,0.01123830024152994,-1.504201054573059
1777498980999005440,0.008777921088039875,0.01221662573516369,-1.5031818151474
1777498981009104384,0.00842842273414135,0.01322632934898138,-1.501956343650818
1777498981019183872,0.007919601164758205,0.01414390373975039,-1.500462293624878
1777498981029243648,0.007473698817193508,0.01504550874233246,-1.498777508735657
1777498981039283968,0.007217499893158674,0.01565799303352833,-1.497138977050781
1777498981049307136,0.006867541000247002,0.01621353253722191,-1.495554089546204
1777498981059312384,0.006451659370213747,0.0166210513561964,-1.49404764175415
1777498981069298432,0.006513937842100859,0.01722920686006546,-1.492558836936951
1777498981079265024,0.006676930468529463,0.017552699893713,-1.491055727005005
1777498981089212416,0.006814693100750446,0.01778770051896572,-1.489409685134888
1777498981099140608,0.006704695057123899,0.01755196042358875,-1.487641215324402
1777498981109049344,0.006929970346391201,0.01755072548985481,-1.485757112503052
1777498981118938624,0.00728783430531621,0.01717254146933556,-1.483831405639648
1777498981128808960,0.007618845906108618,0.01670828647911549,-1.481777787208557
1777498981138660352,0.007649087347090244,0.01585132256150246,-1.479597330093384
1777498981148492544,0.007810276933014393,0.01522404234856367,-1.477353692054749
1777498981158305536,0.008000988513231277,0.01448852475732565,-1.475060224533081
1777498981168099840,0.007931919768452644,0.01381686422973871,-1.47267210483551
1777498981178105344,0.007566317450255156,0.01271378248929977,-1.470134496688843
1777498981188321792,0.007223558612167835,0.01157188788056374,-1.46741509437561
1777498981198518528,0.006967515684664249,0.01041927933692932,-1.464576005935669
1777498981208695808,0.006759522948414087,0.00928109884262085,-1.461652636528015
1777498981218853632,0.006436299532651901,0.008110195398330688,-1.458706021308899
1777498981228991744,0.006257635541260242,0.007084116339683533,-1.455740451812744
1777498981239109888,0.006196884904056787,0.006050898693501949,-1.452725172042847
1777498981249208320,0.00576716847717762,0.005021815653890371,-1.449658632278442
1777498981259287552,0.005313297733664513,0.004087595269083977,-1.446483612060547
1777498981269347072,0.00514259934425354,0.003429594216868281,-1.443209290504456
1777498981279386880,0.00477040046826005,0.00267238705419004,-1.439928531646729
1777498981289407488,0.004589313641190529,0.002083122730255127,-1.436658263206482
1777498981299409152,0.004348992835730314,0.001625395962037146,-1.433436155319214
1777498981309391360,0.004359244368970394,0.001565155340358615,-1.430257558822632
1777498981319353856,0.004507896024733782,0.001662584254518151,-1.427117109298706
1777498981329296896,0.004771954845637083,0.001986175309866667,-1.423989176750183
1777498981339220992,0.004974812734872103,0.002374115865677595,-1.420878052711487
1777498981349131008,0.005209547467529774,0.003049969440326095,-1.41774594783783
1777498981359021568,0.005248560570180416,0.00380332232452929,-1.414532423019409
1777498981368893184,0.005117867141962051,0.004893480334430933,-1.411260485649109
1777498981378745600,0.00499036954715848,0.006055918987840414,-1.407960176467896
1777498981388579584,0.004746577236801386,0.007428706157952547,-1.404659748077393
1777498981398394112,0.004477988462895155,0.008806976489722729,-1.401413083076477
1777498981408189696,0.004281478468328714,0.01030164770781994,-1.398227334022522
1777498981417966592,0.00424925796687603,0.01195576414465904,-1.395090818405151
1777498981428185088,0.00437266705557704,0.01351915951818228,-1.392008423805237
1777498981438383616,0.004557973239570856,0.01523079164326191,-1.388942003250122
1777498981448562432,0.005073174368590117,0.01687031425535679,-1.385897397994995
1777498981458722304,0.005461775697767735,0.01849351078271866,-1.38286280632019
1777498981468862720,0.005854747723788023,0.02001414634287357,-1.379795074462891
1777498981478983680,0.006202638614922762,0.02158345468342304,-1.376719951629639
1777498981489084672,0.006480685900896788,0.02311429567635059,-1.373592019081116
1777498981499166464,0.006617763079702854,0.02452348358929157,-1.370451331138611
1777498981509228544,0.006549817509949207,0.02567015215754509,-1.367233633995056
1777498981519270912,0.00619768351316452,0.02671796455979347,-1.363924980163574
1777498981529294080,0.00569134159013629,0.02747932076454163,-1.360491394996643
1777498981539298560,0.00513007678091526,0.02814717404544353,-1.356929302215576
1777498981549283584,0.004633436445146799,0.02857186645269394,-1.353314161300659
1777498981559249152,0.004188068211078644,0.0290460679680109,-1.349734783172607
1777498981569197312,0.003766151377931237,0.02915746159851551,-1.346231460571289
1777498981579128064,0.003321489552035928,0.02919400483369827,-1.342768669128418
1777498981589039872,0.002895409008488059,0.02898077480494976,-1.339274406433105
1777498981598932224,0.002655829535797238,0.02870491705834866,-1.335755825042725
1777498981608805376,0.002630233764648438,0.0279706846922636,-1.332138776779175
1777498981618659584,0.002683688187971711,0.02690165489912033,-1.32851779460907
1777498981628494592,0.002770334016531706,0.02553638629615307,-1.324973940849304
1777498981638310400,0.0029885726980865,0.02438433095812798,-1.321551561355591
1777498981648107776,0.003215661738067865,0.02326671034097672,-1.318174362182617
1777498981657886208,0.003544896841049194,0.0218531172722578,-1.314740538597107
1777498981668104448,0.00345340115018189,0.02044275589287281,-1.311235666275024
1777498981678302720,0.003218030091375113,0.01883110031485558,-1.307678461074829
1777498981688481536,0.00308686587959528,0.01729435846209526,-1.304083824157715
1777498981698640640,0.0030245550442487,0.01572459191083908,-1.300431728363037
1777498981708780288,0.002826489740982652,0.01381675712764263,-1.296806216239929
1777498981718900736,0.002592188306152821,0.01210624352097511,-1.293195843696594
1777498981729001472,0.002665821928530931,0.0106178130954504,-1.289683818817139
1777498981739083264,0.002796810353174806,0.00922886747866869,-1.286234021186829
1777498981749145856,0.002914600307121873,0.007871930487453938,-1.28283154964447
1777498981759188736,0.00312098441645503,0.006518875248730183,-1.279465675354004
1777498981769212160,0.00340187200345099,0.005158855579793453,-1.276064515113831
1777498981779216384,0.0036461534909904,0.003961125388741493,-1.272646069526672
1777498981789203712,0.003829738823696971,0.002733780303969979,-1.269195199012756
1777498981799171840,0.004037749953567982,0.001765058375895023,-1.265788435935974
1777498981809120768,0.003993625286966562,0.0008721989579498768,-1.262388706207275
1777498981819050496,0.004016789607703686,0.0002830887387972325,-1.258974313735962
1777498981828961280,0.003819988807663321,-0.0003088796802330762,-1.255557775497437
1777498981838852864,0.003672370919957757,-0.0006416434771381319,-1.2521653175354
1777498981848724992,0.00382780097424984,-0.0009609777480363846,-1.248832583427429
1777498981858578176,0.004030327778309584,-0.001047083642333746,-1.245512247085571
1777498981868412416,0.004229865968227386,-0.001240685000084341,-1.242219924926758
1777498981878227968,0.004425282124429941,-0.001215983531437814,-1.238915681838989
1777498981888024320,0.004671720787882805,-0.001143412897363305,-1.235559344291687
1777498981897801472,0.004995591938495636,-0.0008841842063702643,-1.232208013534546
1777498981908026112,0.005095925182104111,-0.0006625879323109984,-1.228849172592163
1777498981918230784,0.005290122237056494,-0.0002981466241180897,-1.225473046302795
1777498981928415744,0.005505854263901711,0.0001418639440089464,-1.222098588943481
1777498981938581248,0.005585357081145048,0.0006133071146905422,-1.218668699264526
1777498981948727808,0.005583382677286863,0.001212952309288085,-1.215197920799255
1777498981958855680,0.005458757746964693,0.001936907763592899,-1.211653351783752
1777498981968964352,0.005489835049957037,0.002781220246106386,-1.208100080490112
1777498981979052800,0.005525120534002781,0.003460078034549952,-1.204516768455505
1777498981989122048,0.005467621143907309,0.00397133594378829,-1.200879693031311
1777498981999171584,0.005545036401599646,0.004467353690415621,-1.197246789932251
1777498982009201408,0.00553887477144599,0.00498083746060729,-1.193611025810242
1777498982019211520,0.005625426303595304,0.005501169711351395,-1.189937114715576
1777498982029202432,0.005644256714731455,0.005874149966984987,-1.186220407485962
1777498982039174144,0.005666024517267942,0.006102432496845722,-1.182430863380432
1777498982049126400,0.005493082106113434,0.006202952470630407,-1.178621292114258
1777498982059059712,0.005246566608548164,0.006229683291167021,-1.17473292350769
1777498982068973824,0.004804784897714853,0.006054767407476902,-1.170684933662415
1777498982078868736,0.004154931753873825,0.005651312414556742,-1.166441559791565
1777498982088744448,0.00345875509083271,0.005173897836357355,-1.162112832069397
1777498982098600704,0.003002205630764365,0.004788877908140421,-1.157791495323181
1777498982108438784,0.002699645003303885,0.004381006583571434,-1.153499841690063
1777498982118258176,0.002478386741131544,0.003681384725496173,-1.149240732192993
1777498982128058880,0.002208465011790395,0.002904359716922045,-1.145038485527039
1777498982137848064,0.002140883589163423,0.002252708422020078,-1.140847444534302
1777498982148082176,0.002376134041696787,0.001652058330364525,-1.13666558265686
1777498982158297088,0.002367580309510231,0.0008367592236027122,-1.132341027259827
1777498982168492544,0.002306891605257988,-4.017120227217674e-05,-1.127858638763428
1777498982178668288,0.002269985154271126,-0.0007360937306657434,-1.123236894607544
1777498982188824320,0.002126298611983657,-0.001210788497701287,-1.11853301525116
1777498982198960640,0.002046454232186079,-0.001578518771566451,-1.113796830177307
1777498982209078784,0.001539402990601957,-0.002073825104162097,-1.109034538269043
1777498982219178240,0.0009646283579058945,-0.002211234765127301,-1.104233145713806
1777498982229258240,0.0004925699904561043,-0.002262460766360164,-1.099398970603943
1777498982239318784,-0.0001122201356338337,-0.002097597345709801,-1.094475626945496
1777498982249360128,-0.0007489068084396422,-0.002051768824458122,-1.089444637298584
1777498982259382272,-0.001164959860034287,-0.001705085509456694,-1.084336519241333
1777498982269385216,-0.00127458362840116,-0.00126201193779707,-1.079258561134338
1777498982279368704,-0.001326046767644584,-0.0008639125153422356,-1.074340581893921
1777498982289333248,-0.001247914740815759,-0.0004533292376436293,-1.069500923156738
1777498982299278592,-0.001020954689010978,0.0001426597591489553,-1.06474769115448
1777498982309204992,-0.0006647962727583945,0.001049107988364995,-1.059990167617798
1777498982319112704,-0.0002688441891223192,0.001861847937107086,-1.055090427398682
1777498982329001216,-0.0001289668871322647,0.002726764883846045,-1.050067543983459
1777498982338870784,-0.0002116118412232026,0.00361412251368165,-1.044901967048645
1777498982348720896,-0.0003334388602524996,0.004728176631033421,-1.039628505706787
1777498982358552320,-0.0006270764279179275,0.005768598522990942,-1.034336924552917
1777498982368365312,-0.001035334425978363,0.006763352546840906,-1.02895724773407
1777498982378160128,-0.001555583206936717,0.007677470799535513,-1.023544907569885
1777498982388165632,-0.00218876963481307,0.008834335021674633,-1.018169045448303
1777498982398381056,-0.002571946941316128,0.01002225186675787,-1.012809038162231
1777498982408576768,-0.003075072541832924,0.01111363433301449,-1.007447838783264
1777498982418753280,-0.00364493764936924,0.01212646532803774,-1.00200891494751
1777498982428910336,-0.003802440594881773,0.01324034109711647,-0.9965609312057495
1777498982439047936,-0.003826566506177187,0.01449486427009106,-0.9911714792251587
1777498982449165568,-0.003699751337990165,0.01573272235691547,-0.9858120679855347
1777498982459264256,-0.003586568403989077,0.01688569784164429,-0.9805266261100769
1777498982469343488,-0.003409411292523146,0.0180740375071764,-0.9752819538116455
1777498982479403008,-0.003009676467627287,0.01928120106458664,-0.9700573682785034
1777498982489442816,-0.002720278454944491,0.02041396126151085,-0.9648405313491821
1777498982499463424,-0.002544539049267769,0.02141139097511768,-0.9594870805740356
1777498982509464832,-0.002276407554745674,0.02241550199687481,-0.954045295715332
1777498982519446784,-0.002013536170125008,0.0232774056494236,-0.9485642313957214
1777498982529409280,-0.001978192944079638,0.02387032471597195,-0.9429998993873596
1777498982539356416,-0.002046520356088877,0.02436117641627789,-0.9373700618743896
1777498982549284352,-0.002276234561577439,0.02470988966524601,-0.9316476583480835
1777498982559192832,-0.002487047342583537,0.02506722882390022,-0.925851583480835
1777498982569082112,-0.002719512209296227,0.02502497471868992,-0.9200066328048706
1777498982578952704,-0.003084343858063221,0.0248956773430109,-0.9140722751617432
1777498982588803584,-0.003279443364590406,0.02450037188827991,-0.9081329107284546
1777498982598635264,-0.003543205093592405,0.02405183389782906,-0.902199387550354
1777498982608447744,-0.003795081051066518,0.02343269251286983,-0.8962641358375549
1777498982618241536,-0.003737865248695016,0.02285788767039776,-0.8903266787528992
1777498982628246528,-0.003736588638275862,0.02198360115289688,-0.8844314217567444
1777498982638461952,-0.003454730380326509,0.0211626011878252,-0.8785584568977356
1777498982648657664,-0.003122347174212337,0.02013140916824341,-0.8726844787597656
1777498982658833664,-0.002982379402965307,0.01908100210130215,-0.866782009601593
1777498982668990464,-0.002746443031355739,0.01791359111666679,-0.8608455657958984
1777498982679127808,-0.002521625719964504,0.01673630997538567,-0.8549267053604126
1777498982689245184,-0.002420894801616669,0.01564860716462135,-0.8490079641342163
1777498982699343616,-0.002324305474758148,0.0143977627158165,-0.8431692123413086
1777498982709422336,-0.002413350623100996,0.01313680130988359,-0.8373362421989441
1777498982719481600,-0.002672773320227861,0.01168978679925203,-0.8314096331596375
1777498982729521152,-0.002989195752888918,0.01052460540086031,-0.8254380822181702
1777498982739541760,-0.003242979757487774,0.009330792352557182,-0.8194188475608826
1777498982749542912,-0.003441443433985114,0.008360817097127438,-0.8133969902992249
1777498982759524608,-0.003677322762086987,0.00725942337885499,-0.8074788451194763
1777498982769488640,-0.003982380963861942,0.006364460103213787,-0.801673948764801
1777498982779435264,-0.004076522774994373,0.005573905073106289,-0.7960049510002136
1777498982789362688,-0.004155158530920744,0.00490715354681015,-0.790423572063446
1777498982799270912,-0.004257786553353071,0.004336701240390539,-0.7848660945892334
1777498982809159424,-0.004206088837236166,0.003949427511543036,-0.7793709635734558
1777498982819028992,-0.004170624539256096,0.00361276138573885,-0.7739423513412476
1777498982828879360,-0.004146109335124493,0.003345167730003595,-0.7685815691947937
1777498982838710016,-0.004012300167232752,0.003134052036330104,-0.7633066177368164
1777498982848522240,-0.003853103378787637,0.003059703391045332,-0.7581167817115784
1777498982858315008,-0.003521955106407404,0.003159414744004607,-0.7529994249343872
1777498982868088832,-0.00324021396227181,0.003242301288992167,-0.7479780912399292
1777498982878305792,-0.002857595682144165,0.003382961032912135,-0.7429801225662231
1777498982888502784,-0.002467966871336102,0.00360648799687624,-0.7380084991455078
1777498982898680064,-0.002105237217620015,0.003884677542373538,-0.7330597639083862
1777498982908838400,-0.001865462167188525,0.004171481356024742,-0.7281278371810913
1777498982918977536,-0.001675140112638474,0.004619693849235773,-0.7232034206390381
1777498982929096704,-0.001584530109539628,0.005117828957736492,-0.7182621955871582
1777498982939196416,-0.001677888329140842,0.005660006776452065,-0.7133153080940247
1777498982949276928,-0.001645152107812464,0.006297593005001545,-0.708340048789978
1777498982959337984,-0.001610576757229865,0.006925770081579685,-0.703394889831543
1777498982969379584,-0.001465330016799271,0.007607863750308752,-0.6984368562698364
1777498982979401728,-0.00126819871366024,0.008298078551888466,-0.6934345960617065
1777498982989404416,-0.001027970341965556,0.008986732922494411,-0.6884173154830933
1777498982999388416,-0.0008445616695098579,0.009690744802355766,-0.6834204792976379
1777498983009352960,-0.0005186983617022634,0.01030904892832041,-0.6784590482711792
1777498983019298048,-0.0003337220405228436,0.01076927036046982,-0.6735177636146545
1777498983029223680,-0.0001916030159918591,0.01098752021789551,-0.6684517860412598
1777498983039130368,-0.0003421924484428018,0.01108676102012396,-0.6631686091423035
1777498983049022208,-0.0005203329492360353,0.01118457410484552,-0.657700777053833
1777498983058898944,-0.000752172083593905,0.01121576875448227,-0.6520941257476807
1777498983068756736,-0.0009074744884856045,0.01120504457503557,-0.6464199423789978
1777498983078595584,-0.00108153757173568,0.01084889750927687,-0.6407310962677002
1777498983088415744,-0.001366270589642227,0.01041399035602808,-0.6350328922271729
1777498983098216704,-0.001716995844617486,0.009948343969881535,-0.6293142437934875
1777498983107998720,-0.001927787903696299,0.009471949189901352,-0.6236022710800171
1777498983118217728,-0.002169027226045728,0.008917259983718395,-0.6178458333015442
1777498983128417024,-0.002403034828603268,0.008100045844912529,-0.6119257211685181
1777498983138596352,-0.002565518952906132,0.007258454337716103,-0.6058704257011414
1777498983148756992,-0.002600630279630423,0.006301972083747387,-0.5997505187988281
1777498983158898176,-0.002730872947722673,0.005400044377893209,-0.5935989618301392
1777498983169019392,-0.00290602957829833,0.004461680538952351,-0.5873836874961853
1777498983179120896,-0.003229612484574318,0.00358174555003643,-0.5811585187911987
1777498983189203200,-0.003607608610764146,0.002788340440019965,-0.5749202966690063
1777498983199265792,-0.003927182871848345,0.0020750742405653,-0.5686520338058472
1777498983209308672,-0.004386301152408123,0.001427992014214396,-0.5623444318771362
1777498983219332352,-0.00480929808691144,0.0008044543210417032,-0.5560073256492615
1777498983229337088,-0.005065095610916615,0.0003226858389098197,-0.5496386289596558
1777498983239322624,-0.005318706389516592,-6.842893071734579e-06,-0.543263852596283
1777498983249288704,-0.00558365834876895,-0.0002955329837277532,-0.5368520617485046
1777498983259235328,-0.005895604379475117,-0.0003174669400323182,-0.5304011702537537
1777498983269166336,-0.006249753292649984,-0.0001789200032362714,-0.5239688754081726
1777498983279077888,-0.006667644251137972,0.0001984423724934459,-0.5175479054450989
1777498983288970240,-0.007209024392068386,0.0006897016428411007,-0.5111516118049622
1777498983298843392,-0.007677258923649788,0.001328767742961645,-0.5047768950462341
1777498983308697088,-0.00808193814009428,0.002116412855684757,-0.4984185099601746
1777498983318531840,-0.008368358947336674,0.003152961377054453,-0.4920983910560608
1777498983328346880,-0.008518686518073082,0.004317756742238998,-0.4858997762203217
1777498983338143232,-0.008444363251328468,0.005565176717936993,-0.4797776639461517
1777498983347920640,-0.008437212556600571,0.006917012389749289,-0.4737018048763275
1777498983358146048,-0.00836569257080555,0.008387491106987,-0.467705100774765
1777498983368351488,-0.008324136957526207,0.009927558712661266,-0.4617362022399902
1777498983378536960,-0.008352568373084068,0.01159006077796221,-0.4557259976863861
1777498983388703232,-0.008338890038430691,0.013398801907897,-0.4497280716896057
1777498983398850304,-0.008349990472197533,0.01517059374600649,-0.4437891840934753
1777498983408977920,-0.00851655937731266,0.01710794307291508,-0.4379071891307831
1777498983419085568,-0.008639263920485973,0.0190183948725462,-0.4320635497570038
1777498983429173760,-0.008869520388543606,0.02090148814022541,-0.4262503385543823
1777498983439242752,-0.009204184636473656,0.02278348989784718,-0.4204581081867218
1777498983449292032,-0.009404826909303665,0.02457110024988651,-0.4146576523780823
1777498983459321600,-0.00970012228935957,0.02628598362207413,-0.4089072644710541
1777498983469331968,-0.00981407891958952,0.02792476117610931,-0.4032146334648132
1777498983479322880,-0.009854749776422977,0.0294939037412405,-0.3975911140441895
1777498983489294336,-0.009903782978653908,0.03087620064616203,-0.3920904397964478
1777498983499246336,-0.009963979944586754,0.03224651888012886,-0.3866071701049805
1777498983509179136,-0.009957241825759411,0.0335056446492672,-0.3811957240104675
1777498983519092736,-0.009893951937556267,0.03454362601041794,-0.3758267164230347
1777498983528987136,-0.009933134540915489,0.03530231118202209,-0.3704993426799774
1777498983538868992,-0.01015972439199686,0.03600307554006577,-0.3651902675628662
1777498983548731904,-0.01043965946882963,0.0366099514067173,-0.3598270118236542
1777498983558575616,-0.01106567401438951,0.03717080131173134,-0.354415088891983
1777498983568400384,-0.01211894676089287,0.03754127770662308,-0.3488646149635315
1777498983578205952,-0.01380224991589785,0.03784747421741486,-0.3431610465049744
1777498983587992576,-0.01600987464189529,0.03826464340090752,-0.3373300433158875
1777498983597989120,-0.01849643141031265,0.03868871182203293,-0.3313090801239014
1777498983608194816,-0.02120669931173325,0.03877689689397812,-0.3250950574874878
1777498983618381056,-0.02438905835151672,0.03838281705975533,-0.3187809586524963
1777498983628547328,-0.02752994187176228,0.03792177885770798,-0.3124964237213135
1777498983638694144,-0.03039322979748249,0.03760778903961182,-0.3063378930091858
1777498983648820992,-0.03300203382968903,0.03739714995026588,-0.3004118204116821
1777498983658928640,-0.03553850948810577,0.03699837997555733,-0.2946696877479553
1777498983669017600,-0.03789330273866653,0.03643717989325523,-0.2890297472476959
1777498983679088128,-0.0400240421295166,0.03594396635890007,-0.283395528793335
1777498983689139200,-0.04174931719899178,0.03548340126872063,-0.2777674496173859
1777498983699171328,-0.04312710091471672,0.03528008237481117,-0.272318422794342
1777498983709184000,-0.04335401579737663,0.03531588986515999,-0.2671831250190735
1777498983719177216,-0.04293858259916306,0.03559988737106323,-0.2624917030334473
1777498983729151232,-0.04175466299057007,0.03631746023893356,-0.2582918107509613
1777498983739106304,-0.04016393423080444,0.03762485459446907,-0.2546600103378296
1777498983749043200,-0.03863844275474548,0.0380665622651577,-0.2513812482357025
1777498983758960640,-0.03732225671410561,0.03942740708589554,-0.2483262270689011
1777498983768859136,-0.03597503155469894,0.04075393453240395,-0.2449762970209122
1777498983778738176,-0.03434697166085243,0.04142256453633308,-0.2412729561328888
1777498983788598016,-0.03386630490422249,0.04167111590504646,-0.2371846437454224
1777498983798438912,-0.03413314372301102,0.04264317452907562,-0.2331422567367554
1777498983808260864,-0.03451910614967346,0.04444539919495583,-0.2292404472827911
1777498983818063360,-0.03514218330383301,0.04619618132710457,-0.2254215776920319
1777498983827848704,-0.03656812757253647,0.04755360633134842,-0.2214093208312988
1777498983837849856,-0.03792706504464149,0.04856104031205177,-0.2172497510910034
1777498983848066048,-0.03904950991272926,0.05009506270289421,-0.2133208364248276
1777498983858262784,-0.03942104056477547,0.05221214517951012,-0.2098665237426758
1777498983868439808,-0.03940405696630478,0.05360981822013855,-0.2066752165555954
1777498983878597376,-0.03923091292381287,0.0548749640583992,-0.2036720514297485
1777498983888735488,-0.03798145428299904,0.05654771625995636,-0.2011059075593948
1777498983898856192,-0.03635644540190697,0.05879837647080421,-0.1989399492740631
1777498983908957440,-0.03486236557364464,0.06029000505805016,-0.1968710124492645
1777498983919039232,-0.03305347636342049,0.06235940381884575,-0.1948438882827759
1777498983929101568,-0.03161466866731644,0.06348048150539398,-0.1928063780069351
1777498983939144704,-0.03053886629641056,0.06475380808115005,-0.1908275932073593
1777498983949168384,-0.02957181259989738,0.06592720001935959,-0.1887970715761185
1777498983959172352,-0.0288837980479002,0.0674154981970787,-0.1865689754486084
1777498983969156864,-0.02896399050951004,0.06871727854013443,-0.1840712875127792
1777498983979122432,-0.0287987943738699,0.07008626312017441,-0.1814869195222855
1777498983989068800,-0.02848027646541595,0.07087812572717667,-0.1790484488010406
1777498983998995712,-0.02849770896136761,0.07147525995969772,-0.1767981946468353
1777498984008903168,-0.02884858660399914,0.07191462069749832,-0.1746967136859894
1777498984018791424,-0.02874532341957092,0.0728478729724884,-0.1727592051029205
1777498984028660480,-0.02813959121704102,0.07346148043870926,-0.1709792464971542
1777498984038510592,-0.02774072624742985,0.07372821122407913,-0.1690897047519684
1777498984048341504,-0.02770616486668587,0.07386518269777298,-0.167057991027832
1777498984058154496,-0.02613006718456745,0.07458589226007462,-0.1649026870727539
1777498984067948800,-0.0244505200535059,0.07439926266670227,-0.1628414392471313
1777498984077954816,-0.0225219614803791,0.0754217654466629,-0.160788893699646
1777498984088172032,-0.02133759297430515,0.0766466036438942,-0.1590899527072906
1777498984098369536,-0.01927166990935802,0.0776466578245163,-0.1574436575174332
1777498984108547840,-0.01636951975524426,0.07901360839605331,-0.1558875143527985
1777498984118706688,-0.0151784922927618,0.08119514584541321,-0.154165655374527
1777498984128845824,-0.01339481212198734,0.08226384967565536,-0.1524366438388824
1777498984138964992,-0.01274371799081564,0.08393363654613495,-0.1504271328449249
1777498984149065216,-0.01220682356506586,0.08529721200466156,-0.1481392532587051
1777498984159145216,-0.01201492082327604,0.08791431784629822,-0.1457371711730957
1777498984169205760,-0.01314988639205694,0.08982837200164795,-0.143265575170517
1777498984179246592,-0.01461103744804859,0.09199626743793488,-0.1403276324272156
1777498984189271808,-0.01596976444125175,0.09445664286613464,-0.1371376663446426
1777498984199277568,-0.01691587083041668,0.09664499014616013,-0.1339036375284195
1777498984209264128,-0.01783760823309422,0.09883388876914978,-0.1306940764188766
1777498984219231232,-0.01877689175307751,0.1005899533629417,-0.127666100859642
1777498984229179136,-0.01933247223496437,0.1033660620450974,-0.1249835938215256
1777498984239107584,-0.01955994218587875,0.1057944670319557,-0.1225182712078094
1777498984249016832,-0.0191132090985775,0.1089027896523476,-0.120312012732029
1777498984258906624,-0.01881072670221329,0.1107239425182343,-0.1181494444608688
1777498984268777984,-0.01763094775378704,0.1127457097172737,-0.1160292997956276
1777498984278630144,-0.01619458012282848,0.1140274256467819,-0.1141190901398659
1777498984288463104,-0.01490925997495651,0.1162463426589966,-0.1122269332408905
1777498984298276608,-0.01382493227720261,0.1180118098855019,-0.1101818904280663
1777498984308070912,-0.01315450109541416,0.1198775395750999,-0.1078556403517723
1777498984317846272,-0.01272868737578392,0.1219737455248833,-0.1049067229032516
1777498984328064768,-0.01309259701520205,0.1241947337985039,-0.1016453728079796
1777498984338263552,-0.0120882298797369,0.1266827285289764,-0.09807633608579636
1777498984348442880,-0.01119149569422007,0.1289491355419159,-0.09472662955522537
1777498984358602752,-0.01205398142337799,0.1301967799663544,-0.09158829599618912
1777498984368743424,-0.01304498128592968,0.1323529630899429,-0.08875995129346848
1777498984378864128,-0.01348015759140253,0.1356366872787476,-0.08618222922086716
1777498984388966656,-0.01308745890855789,0.1389403790235519,-0.0834294855594635
1777498984399049728,-0.01409380510449409,0.1407751739025116,-0.08073465526103973
1777498984409113344,-0.01427087932825089,0.1426068395376205,-0.07784409075975418
1777498984419157504,-0.01374252326786518,0.1444346606731415,-0.07508008182048798
1777498984429182464,-0.01298011653125286,0.1468127965927124,-0.07225737720727921
1777498984439187456,-0.01009653229266405,0.1474505662918091,-0.06947603821754456
1777498984449173248,-0.008801097050309181,0.1482869386672974,-0.06696628779172897
1777498984459139328,-0.006772142834961414,0.1482656002044678,-0.06549768894910812
1777498984469086464,-0.004357198253273964,0.149628534913063,-0.06457187980413437
1777498984479014400,-0.003733835415914655,0.1502548903226852,-0.06387001276016235
1777498984488922880,-0.001963523915037513,0.1505066156387329,-0.06254889816045761
1777498984498811904,-0.0009983089985325933,0.1511033624410629,-0.06117919459939003
1777498984508681472,-0.001308365724980831,0.1520794481039047,-0.05979352071881294
1777498984518531584,-0.001375943887978792,0.1532759964466095,-0.05743242055177689
1777498984528362752,-0.002784678712487221,0.1541093438863754,-0.0547240674495697
1777498984538174720,-0.004536158870905638,0.1551565229892731,-0.05177803710103035
1777498984547970816,-0.006044337991625071,0.1553962826728821,-0.04895871505141258
1777498984557751296,-0.007589926477521658,0.1562147885560989,-0.04640817642211914
1777498984567970816,-0.008953637443482876,0.1566895544528961,-0.04420442506670952
1777498984578170624,-0.009644046425819397,0.1572604775428772,-0.04244346544146538
1777498984588350720,-0.009485636837780476,0.1575895696878433,-0.04108153656125069
1777498984598511872,-0.008785879239439964,0.1582678258419037,-0.0401434563100338
1777498984608653568,-0.007736509200185537,0.1589537709951401,-0.03945209830999374
1777498984618775296,-0.0063975490629673,0.1593474447727203,-0.03894609212875366
1777498984628877312,-0.004536899738013744,0.1596873253583908,-0.03844103962182999
1777498984638959872,-0.002969252876937389,0.1598736792802811,-0.03780854120850563
1777498984649022720,-0.001578288152813911,0.1600465625524521,-0.03709980472922325
1777498984659065856,-0.0002606557682156563,0.160088449716568,-0.03629810735583305
1777498984669089280,0.0007003404898568988,0.1598527133464813,-0.03539314121007919
1777498984679093760,0.001422698725946248,0.15941122174263,-0.03421842679381371
1777498984689078784,0.001443834393285215,0.1589133888483047,-0.033010084182024
1777498984699046656,0.001351648475974798,0.1583292782306671,-0.03183639794588089
1777498984708996864,0.0006179909687489271,0.1578913182020187,-0.03073806688189507
1777498984718928128,-0.0002548367192503065,0.1571209579706192,-0.02959145978093147
1777498984728839936,-0.001403692760504782,0.1561883240938187,-0.02841592393815517
1777498984738732544,-0.002277166116982698,0.1553079038858414,-0.02717378735542297
1777498984748605952,-0.003592722583562136,0.1542530506849289,-0.02605830319225788
1777498984758460160,-0.004131282214075327,0.1532946527004242,-0.02508143708109856
1777498984768295680,-0.004311610478907824,0.1518091112375259,-0.02427132055163383
1777498984778112256,-0.004125670995563269,0.1506754159927368,-0.02362721227109432
1777498984787910144,-0.003363485680893064,0.1494405567646027,-0.02307956665754318
1777498984797689088,-0.002650298178195953,0.1484371423721313,-0.02259021997451782
1777498984807914240,-0.001336395973339677,0.1474840044975281,-0.0221280325204134
1777498984818119936,-2.123183367075399e-05,0.1462524384260178,-0.02165301516652107
1777498984828305920,0.001062868628650904,0.1451279819011688,-0.02115472406148911
1777498984838474752,0.002444281242787838,0.1441178023815155,-0.02064909413456917
1777498984848623616,0.00344759738072753,0.1431778073310852,-0.01995467767119408
1777498984858753280,0.003854898503050208,0.142228826880455,-0.0191095657646656
1777498984868863232,0.004042970482259989,0.1412680298089981,-0.01811798103153706
1777498984878954240,0.003641954157501459,0.1402822285890579,-0.01700823195278645
1777498984889025792,0.002944110427051783,0.1397122293710709,-0.01576869376003742
1777498984899078912,0.002066795481368899,0.139015793800354,-0.0143751809373498
1777498984909113856,0.001112319063395262,0.1387906968593597,-0.01280447654426098
1777498984919129600,9.711508027976379e-05,0.138199508190155,-0.01114006899297237
1777498984929126144,-0.0007488506962545216,0.1372721642255783,-0.009488187730312347
1777498984939103488,-0.001569324405863881,0.1361083388328552,-0.007818419486284256
1777498984949061632,-0.002278778702020645,0.135152205824852,-0.006224351469427347
1777498984959000320,-0.00269959238357842,0.1348539292812347,-0.004721036646515131
1777498984968919552,-0.002651126123964787,0.134546622633934,-0.003425820264965296
1777498984978820096,-0.002476559253409505,0.133709043264389,-0.002101819962263107
1777498984988701952,-0.002028119983151555,0.1327420026063919,-0.0007851551636122167
1777498984998564352,-0.001350476290099323,0.1319249719381332,0.0005788258858956397
1777498985008407808,-0.0004263129085302353,0.1315414905548096,0.0018862682627514
1777498985018231808,0.0005144945462234318,0.1308824717998505,0.003356021596118808
1777498985028036864,0.0007287990883924067,0.1298655867576599,0.0050541409291327
1777498985037823232,0.0009761889232322574,0.1289017647504807,0.006857430562376976
1777498985048056832,0.001230640686117113,0.1283423900604248,0.008704575709998608
1777498985058271232,0.001421232474967837,0.1276469528675079,0.01069380156695843
1777498985068465920,0.001179149141535163,0.126677542924881,0.01286362670361996
1777498985078640640,0.0008152005611918867,0.1255813241004944,0.01510562095791101
1777498985088795648,0.0003680307709146291,0.1246274784207344,0.01741283014416695
1777498985098930944,-0.0002008381998166442,0.1236463487148285,0.01978239789605141
1777498985109046784,-0.0006704661645926535,0.1226877644658089,0.02227860689163208
1777498985119145472,-0.0009725799900479615,0.1216548085212708,0.02483083866536617
1777498985129224704,-0.001378653571009636,0.1207048967480659,0.0274153221398592
1777498985139284224,-0.001389021868817508,0.1198393255472183,0.0299924835562706
1777498985149324288,-0.001040054252371192,0.1191448718309402,0.03259877860546112
1777498985159344896,-0.0006859622080810368,0.1182369887828827,0.03522863611578941
1777498985169346048,-0.0002666653017513454,0.1173402369022369,0.0379490852355957
1777498985179328256,-7.809332601027563e-05,0.1164928302168846,0.04077569022774696
1777498985189290752,-0.0002762760850600898,0.1157474592328072,0.04369718208909035
1777498985199234560,-0.0008083117427304387,0.1149018928408623,0.04669477790594101
1777498985209159168,-0.001521957106888294,0.1142557337880135,0.0497690737247467
1777498985219064320,-0.002230292884632945,0.1136814802885056,0.05291111767292023
1777498985228949760,-0.003038368653506041,0.113063357770443,0.05606905743479729
1777498985238816256,-0.004392810631543398,0.1125268340110779,0.05919816717505455
1777498985248663296,-0.005414800718426704,0.1122423112392426,0.06214616075158119
1777498985258491392,-0.006214618217200041,0.1120934188365936,0.06488120555877686
1777498985268300032,-0.00685701472684741,0.1119205057621002,0.06738761067390442
1777498985278092800,-0.007259869016706944,0.1118707060813904,0.06969979405403137
1777498985288097024,-0.007182332221418619,0.11186733096838,0.07178112119436264
1777498985298312704,-0.006958122365176678,0.1122470423579216,0.07363530248403549
1777498985308508416,-0.006419298704713583,0.1126364022493362,0.0752381905913353
1777498985318685184,-0.005485984962433577,0.1130806058645248,0.07659949362277985
1777498985328842496,-0.004689987748861313,0.113520659506321,0.07777512818574905
1777498985338980352,-0.003692906582728028,0.1140443757176399,0.07882320880889893
1777498985349098240,-0.002705445280298591,0.1148764714598656,0.07970563322305679
1777498985359197440,-0.001692960853688419,0.1158431395888329,0.0804569199681282
1777498985369276672,-0.001098684966564178,0.11665128916502,0.08103368431329727
1777498985379336448,-0.0009443136514164507,0.1170710027217865,0.08160477876663208
1777498985389376512,-0.001625093747861683,0.1173209547996521,0.08241325616836548
1777498985399398144,-0.002654383191838861,0.117880292236805,0.08340125530958176
1777498985409403392,-0.002486332319676876,0.1186502873897552,0.084525465965271
1777498985419389696,-0.00263137836009264,0.1185131296515465,0.08560825884342194
1777498985429357056,-0.00327236158773303,0.1178925186395645,0.08662305772304535
1777498985439305472,-0.004578168503940105,0.1175670102238655,0.08739911019802094
1777498985449234944,-0.004889627452939749,0.1177685484290123,0.08791512250900269
1777498985459144960,-0.004990679677575827,0.1170465424656868,0.08820182085037231
1777498985469035776,-0.005652469582855701,0.1162678003311157,0.08832243829965591
1777498985478907392,-0.005215076263993979,0.1153807267546654,0.08838893473148346
1777498985488760064,-0.004479042254388332,0.1144221872091293,0.08840062469244003
1777498985498593792,-0.00382710830308497,0.113180547952652,0.08831783384084702
1777498985508408320,-0.003114910796284676,0.1119225844740868,0.08827080577611923
1777498985518203392,-0.002411857480183244,0.1102331355214119,0.0881737619638443
1777498985528209408,-0.001939300447702408,0.108565017580986,0.08802863210439682
1777498985538425088,-0.001546759740449488,0.1065662056207657,0.08793077617883682
1777498985548621568,-0.001551297144033015,0.1047717407345772,0.08780121058225632
1777498985558798336,-0.001738731982186437,0.1026292219758034,0.08764330297708511
1777498985568955392,-0.001963052898645401,0.1005507409572601,0.08742181956768036
1777498985579092736,-0.002534161554649472,0.09866102039813995,0.08715058863162994
1777498985589210368,-0.003079452086240053,0.09660989046096802,0.08684792369604111
1777498985599308544,-0.003607256803661585,0.09456735104322433,0.08649369329214096
1777498985609386752,-0.003969832323491573,0.09241873770952225,0.08606542646884918
1777498985619447552,-0.004195839166641235,0.0904000997543335,0.08551759272813797
1777498985629490688,-0.004033142700791359,0.08851634711027145,0.0848461240530014
1777498985639514624,-0.003779731225222349,0.08681418746709824,0.08394677191972733
1777498985649519360,-0.003443371271714568,0.08516836166381836,0.08284890651702881
1777498985659504640,-0.003137561259791255,0.08360310643911362,0.08157262206077576
1777498985669470464,-0.002786937868222594,0.0821382999420166,0.08019780367612839
1777498985679417088,-0.002227758755907416,0.08079520612955093,0.07875729352235794
1777498985689344256,-0.001606537611223757,0.07957892119884491,0.07728315144777298
1777498985699252480,-0.001112847123295069,0.0784142017364502,0.07580532878637314
1777498985709142016,-0.0007629494066350162,0.07728864252567291,0.0742710754275322
1777498985719012608,-0.0002753766311798245,0.07629513740539551,0.07272177189588547
1777498985728864000,-5.441587290988537e-06,0.07542046159505844,0.07113055884838104
1777498985738696192,0.0001306519989157096,0.07472825795412064,0.0693785697221756
1777498985748509696,0.0003347421588841826,0.07400819659233093,0.06762369722127914
1777498985758303744,0.0002153520763386041,0.073158860206604,0.06590800732374191
1777498985768309248,2.217377186752856e-05,0.07227414101362228,0.06434054672718048
1777498985778526208,3.44137406500522e-05,0.0715230256319046,0.06279020011425018
1777498985788723200,0.0003930295060854405,0.07099131494760513,0.0612492524087429
1777498985798900992,0.0005347711849026382,0.07030069082975388,0.05957461521029472
1777498985809059328,0.0005207634530961514,0.06935729831457138,0.05788935720920563
1777498985819197696,0.0007537975325249135,0.06829999387264252,0.05628352612257004
1777498985829315840,0.0009841686114668846,0.06737304478883743,0.05465606600046158
1777498985839415040,0.001183154294267297,0.06650544703006744,0.05297616869211197
1777498985849494528,0.001778680249117315,0.06598690152168274,0.05126000195741653
1777498985859554048,0.002450442872941494,0.06525776535272598,0.04973726347088814
1777498985869593856,0.002749452134594321,0.06438889354467392,0.04839329048991203
1777498985879614720,0.003039296716451645,0.06337185204029083,0.04724914208054543
1777498985889615872,0.003212506650015712,0.06274189054965973,0.04620102047920227
1777498985899597568,0.003457884769886732,0.06208135560154915,0.04526123404502869
1777498985909559808,0.003279950702562928,0.06122502684593201,0.04445821046829224
1777498985919502848,0.002889418508857489,0.06019637361168861,0.04370967298746109
1777498985929426176,0.002590672113001347,0.05938979610800743,0.04296152293682098
1777498985939330304,0.002111142966896296,0.05857470631599426,0.04225416854023933
1777498985949215232,0.001847164705395699,0.05765566229820251,0.04165052622556686
1777498985959081728,0.001454798853956163,0.05641205608844757,0.04118889197707176
1777498985968929280,0.00115373800508678,0.05517278984189034,0.0408315435051918
1777498985978757376,0.0007383300689980388,0.05396553874015808,0.04056065529584885
1777498985988566528,0.0003605353704188019,0.05275559797883034,0.04033974558115005
1777498985998356224,-1.95896591321798e-05,0.05159196257591248,0.0401177741587162
1777498986008126464,-0.0002910342009272426,0.05037146434187889,0.0399009957909584
1777498986018345216,-0.0005627734353765845,0.04926938936114311,0.03962469100952148
1777498986028544512,-0.0004994854098185897,0.04835906997323036,0.03931445255875587
1777498986038724608,-3.899403236573562e-05,0.04727184772491455,0.03903774172067642
1777498986048886016,0.0004119414952583611,0.04629990085959435,0.03884077444672585
1777498986059027456,0.0007022264180704951,0.04506734013557434,0.03873945027589798
1777498986069149440,0.0009927586652338505,0.04422756284475327,0.03872043266892433
1777498986079251968,0.001228821347467601,0.04349157586693764,0.03880494087934494
1777498986089335040,0.001436573686078191,0.04278037697076797,0.03900226205587387
1777498986099398656,0.001551517634652555,0.04226173460483551,0.03935397788882256
1777498986109442816,0.001491987495683134,0.04174982011318207,0.0398353599011898
1777498986119467776,0.00138563709333539,0.04147613793611526,0.04038998112082481
1777498986129476352,0.001236020703800023,0.04122377932071686,0.04100674390792847
1777498986139465984,0.00067346659488976,0.04109861329197884,0.04163560643792152
1777498986149436416,-3.450933218118735e-05,0.04126853495836258,0.04233504459261894
1777498986159387392,-0.0008973973453976214,0.04149498417973518,0.04308050125837326
1777498986169319424,-0.001873321947641671,0.04182975739240646,0.04386287555098534
1777498986179232512,-0.003206737572327256,0.04204471409320831,0.0446656160056591
1777498986189126656,-0.004168500658124685,0.04262741282582283,0.04533245041966438
1777498986199001344,-0.004621095024049282,0.04320859536528587,0.04592721909284592
1777498986208858368,-0.004750417545437813,0.04392123594880104,0.04636713117361069
1777498986218696448,-0.004316616803407669,0.04465664550662041,0.0465557649731636
1777498986228515584,-0.003620589850470424,0.04528221860527992,0.04654383286833763
1777498986238315520,-0.00316694239154458,0.04588082805275917,0.04641855880618095
1777498986248096512,-0.002996087307110429,0.04638439416885376,0.04649188369512558
1777498986258321152,-0.002898080041632056,0.0468430332839489,0.0465630441904068
1777498986268526080,-0.00282304035499692,0.04752784967422485,0.0466211773455143
1777498986278711808,-0.002752328524366021,0.04805118218064308,0.04665781557559967
1777498986288878336,-0.002965704305097461,0.04855667799711227,0.04663350805640221
1777498986299025664,-0.003372190520167351,0.0491950735449791,0.04658298194408417
1777498986309153280,-0.003596566850319505,0.0498235672712326,0.04648129269480705
1777498986319261440,-0.003452058881521225,0.05046915635466576,0.04628390073776245
1777498986329350144,-0.003795559285208583,0.05091565847396851,0.04615693166851997
1777498986339419136,-0.003904230426996946,0.05131670460104942,0.04605737328529358
1777498986349468672,-0.004028767347335815,0.05184614658355713,0.04592356458306313
1777498986359499264,-0.004046429414302111,0.05218127369880676,0.04577619209885597
1777498986369514240,-0.004210120532661676,0.05254857987165451,0.04562337696552277
1777498986379510016,-0.004262321162968874,0.05281636863946915,0.04542944207787514
1777498986389486592,-0.003973374143242836,0.05310731008648872,0.04521522670984268
1777498986399443456,-0.003682026173919439,0.05327680334448814,0.04493522644042969
1777498986409381376,-0.003323320066556334,0.05344632267951965,0.04464824870228767
1777498986419299840,-0.003012948669493198,0.05364355817437172,0.04426340013742447
1777498986429199360,-0.002885188208892941,0.05384225398302078,0.04389148950576782
1777498986439079680,-0.002900654682889581,0.05392842367291451,0.04365633800625801
1777498986448941568,-0.002832317724823952,0.05396478995680809,0.04345054551959038
1777498986458784000,-0.002714583417400718,0.05396497249603271,0.0432109534740448
1777498986468607488,-0.002623072592541575,0.05406024679541588,0.04291510954499245
1777498986478411520,-0.002415138762444258,0.05419042333960533,0.04255786910653114
1777498986488196352,-0.002071927301585674,0.05432958155870438,0.04219983145594597
1777498986498191616,-0.001771109411492944,0.05460985377430916,0.04180940613150597
1777498986508397312,-0.001632989034987986,0.05488108471035957,0.04135314375162125
1777498986518583296,-0.001857613679021597,0.05534505844116211,0.04089407250285149
1777498986528749824,-0.001903496216982603,0.05566306784749031,0.04045287519693375
1777498986538897152,-0.002004275331273675,0.05603893101215363,0.04006137698888779
1777498986549024768,-0.002018336206674576,0.05638827756047249,0.03966885805130005
1777498986559133952,-0.001651058904826641,0.0567961297929287,0.03919205442070961
1777498986569223936,-0.001227945205755532,0.05723576620221138,0.03856524080038071
1777498986579294464,-0.0008793430752120912,0.05777993053197861,0.03784060105681419
1777498986589345280,-0.0006083337939344347,0.05857793614268303,0.03701071813702583
1777498986599377152,-2.44514721998712e-05,0.05940942838788033,0.03617097437381744
1777498986609389824,0.00054675288265571,0.06012836471199989,0.03533653169870377
1777498986619383040,0.0009316885843873024,0.06066643074154854,0.03454773500561714
1777498986629356544,0.001557040959596634,0.06140737980604172,0.03373270109295845
1777498986639311872,0.001783973420970142,0.0623587854206562,0.03298113495111465
1777498986649247744,0.001838179188780487,0.06333670765161514,0.0322696790099144
1777498986659164160,0.002051229123026133,0.06434040516614914,0.03161045163869858
1777498986669061376,0.001478908350691199,0.06503783911466599,0.03109737485647202
1777498986678939392,0.0006094428827054799,0.06578236818313599,0.03086878173053265
1777498986688798464,-0.0006321449764072895,0.06656084209680557,0.0308434572070837
1777498986698638336,-0.00157942355144769,0.06770442426204681,0.03095235861837864
1777498986708459520,-0.001836733077652752,0.06827244907617569,0.03098207898437977
1777498986718269184,-0.002610502298921347,0.06846608966588974,0.03083657473325729
1777498986728059904,-0.003891529748216271,0.06848711520433426,0.03063485398888588
1777498986738063360,-0.004987436346709728,0.06916359812021255,0.03026851452887058
1777498986748278272,-0.005340570583939552,0.06990326195955276,0.02960026264190674
1777498986758473984,-0.005639204755425453,0.0695992186665535,0.0289930384606123
1777498986768649728,-0.006077899131923914,0.06842881441116333,0.0285115260630846
1777498986778806016,-0.005614313762634993,0.06853377819061279,0.02804170548915863
1777498986788942848,-0.004934395663440228,0.06900841742753983,0.0274963304400444
1777498986799060736,-0.003739902283996344,0.06858618557453156,0.02682987973093987
1777498986809160192,-0.003151728305965662,0.06808444112539291,0.02607447281479836
1777498986819239680,-0.002863870235159993,0.06681076437234879,0.02540933154523373
1777498986829299968,-0.002454464789479971,0.06618568301200867,0.02473382279276848
1777498986839341056,-0.001900764065794647,0.06574352085590363,0.02405638247728348
1777498986849362944,-0.001936330110765994,0.06514550745487213,0.02358216419816017
1777498986859365376,-0.002193297958001494,0.06398326903581619,0.02333465963602066
1777498986869348864,-0.00258323922753334,0.06273170560598373,0.02310499735176563
1777498986879313408,-0.003150676377117634,0.06159395352005959,0.02284860238432884
1777498986889258752,-0.003898994997143745,0.06050341203808784,0.02259994670748711
1777498986899185152,-0.004866406787186861,0.05927525833249092,0.02239366248250008
1777498986909092352,-0.005514738149940968,0.05777436494827271,0.02215051837265491
1777498986918980096,-0.006338574457913637,0.05647459253668785,0.02183829434216022
1777498986928848640,-0.006700560916215181,0.05511721968650818,0.0213811956346035
1777498986938697984,-0.006770147010684013,0.0536077655851841,0.02080721594393253
1777498986948528128,-0.006398895755410194,0.05227513238787651,0.02013096585869789
1777498986958340608,-0.005621320568025112,0.05078836157917976,0.01930179633200169
1777498986968134400,-0.004953484982252121,0.04948931932449341,0.01834805496037006
1777498986978139904,-0.004652287811040878,0.04831580445170403,0.01732602156698704
1777498986988356096,-0.004197957459837198,0.04738886281847954,0.01620055735111237
1777498986998552320,-0.003489929251372814,0.04665924608707428,0.01504440139979124
1777498987008728832,-0.002857042010873556,0.04583664238452911,0.01395062264055014
1777498987018886656,-0.002723433542996645,0.04516055434942245,0.01293695066124201
1777498987029024512,-0.002482727402821183,0.04464685171842575,0.01192865800112486
1777498987039142656,-0.00251460075378418,0.04445884749293327,0.01091106329113245
1777498987049241344,-0.002706244355067611,0.04423394054174423,0.009856323711574078
1777498987059320320,-0.002870741998776793,0.04389706626534462,0.008712164126336575
1777498987069380096,-0.003392176236957312,0.04390495643019676,0.007522429339587688
1777498987079420416,-0.003849954344332218,0.04421214759349823,0.006264554336667061
1777498987089440768,-0.004332554060965776,0.04489865154027939,0.004920166451483965
1777498987099442432,-0.004475015681236982,0.04527236521244049,0.003446580842137337
1777498987109424640,-0.005097843706607819,0.04559564962983131,0.002026149071753025
1777498987119387392,-0.005864731036126614,0.04592454060912132,0.0007737367413938046
1777498987129330688,-0.005631586071103811,0.04672858491539955,-0.0005055406945757568
1777498987139254528,-0.005204809829592705,0.04746346920728683,-0.001916899112984538
1777498987149158912,-0.005014391615986824,0.04798729717731476,-0.003467657137662172
1777498987159050752,-0.004341382998973131,0.04866394028067589,-0.005221825558692217
1777498987168923392,-0.003910014405846596,0.04935537651181221,-0.007141075562685728
1777498987178777600,-0.003804459702223539,0.05042203515768051,-0.009153691120445728
1777498987188612352,-0.002972378628328443,0.05113985016942024,-0.01109833084046841
1777498987198428672,-0.002233084058389068,0.05159783363342285,-0.01294018793851137
1777498987208225792,-0.001980871893465519,0.05180656537413597,-0.01454357523471117
1777498987218003712,-0.001870868029072881,0.05201292410492897,-0.01600923389196396
1777498987228220928,-0.001747171045280993,0.05280156061053276,-0.01741059310734272
1777498987238418688,-0.001844091457314789,0.05304563418030739,-0.01871991530060768
1777498987248596736,-0.002186046447604895,0.05341459438204765,-0.0199165865778923
1777498987258755072,-0.002365452703088522,0.05347662791609764,-0.02106411755084991
1777498987268894464,-0.002560870721936226,0.05376431345939636,-0.02226489968597889
1777498987279015424,-0.002718616975471377,0.05392321571707726,-0.02342951484024525
1777498987289116928,-0.002710368949919939,0.05409344285726547,-0.02450452372431755
1777498987299198976,-0.002593958517536521,0.05425575748085976,-0.02559508383274078
1777498987309261568,-0.002224953379482031,0.05447590351104736,-0.02666995488107204
1777498987319304960,-0.001829315442591906,0.05452869832515717,-0.02766631729900837
1777498987329328896,-0.00145719398278743,0.05449828878045082,-0.02858249470591545
1777498987339333376,-0.001068265177309513,0.05460825189948082,-0.02939843013882637
1777498987349318912,-0.000543047848623246,0.05493506789207458,-0.03008291870355606
1777498987359285248,-0.000132267305161804,0.05526326224207878,-0.03059167973697186
1777498987369232128,6.331977783702314e-05,0.05545859038829803,-0.03092828951776028
1777498987379159552,0.0001113878606702201,0.05579561367630959,-0.03103608824312687
1777498987389067776,-0.0002918924728874117,0.05622276291251183,-0.03100187517702579
1777498987398956800,-0.0009277693461626768,0.05694716051220894,-0.03088261373341084
1777498987408826368,-0.001726628979668021,0.05741922557353973,-0.03068259730935097
1777498987418676736,-0.002584070432931185,0.05795819312334061,-0.03045875765383244
1777498987428508672,-0.003222285769879818,0.05842169374227524,-0.0300863329321146
1777498987438322176,-0.003794294316321611,0.05903147533535957,-0.02968393266201019
1777498987448116224,-0.004257357213646173,0.05961162224411964,-0.02931498922407627
1777498987457895680,-0.004509805701673031,0.06024303659796715,-0.02894719131290913
1777498987468114432,-0.004895539022982121,0.0610075518488884,-0.02850225381553173
1777498987478313472,-0.005208442453294992,0.06200648099184036,-0.0280921682715416
1777498987488492800,-0.005334290210157633,0.06292813271284103,-0.02764169126749039
1777498987498652416,-0.005533650517463684,0.06375119835138321,-0.0270850658416748
1777498987508793856,-0.00565213430672884,0.06457022577524185,-0.02655901946127415
1777498987518915584,-0.005810287781059742,0.0652875229716301,-0.0261438749730587
1777498987529017856,-0.005800367332994938,0.06596793979406357,-0.02571544423699379
1777498987539100416,-0.005977671593427658,0.06645020097494125,-0.02520731464028358
1777498987549163264,-0.00585963623598218,0.0672975555062294,-0.02467889152467251
1777498987559206656,-0.005502786953002214,0.06797549873590469,-0.02410941198468208
1777498987569230848,-0.005046679638326168,0.06867912411689758,-0.02363054640591145
1777498987579235584,-0.004988143220543861,0.06891894340515137,-0.02314595691859722
1777498987589221376,-0.00525954831391573,0.06927243620157242,-0.02270441129803658
1777498987599187712,-0.005405067931860685,0.06988464295864105,-0.02230270206928253
1777498987609134592,-0.005413516890257597,0.07069919258356094,-0.02189510688185692
1777498987619062016,-0.005311003886163235,0.07144200801849365,-0.02149570919573307
1777498987628970240,-0.005062784068286419,0.07175584882497787,-0.02111157029867172
1777498987638859008,-0.005169985350221395,0.0723668709397316,-0.02078966423869133
1777498987648728320,-0.005023954901844263,0.07280897349119186,-0.02048606798052788
1777498987658578432,-0.004812386818230152,0.07335042953491211,-0.02029731124639511
1777498987668410624,-0.004751461092382669,0.07362572103738785,-0.02012350037693977
1777498987678231296,-0.004670200403779745,0.07358384877443314,-0.01993101835250854
1777498987688032768,-0.00451580248773098,0.07407909631729126,-0.01977211609482765
1777498987697815296,-0.004366790875792503,0.0742550864815712,-0.01964209787547588
1777498987708040448,-0.004257557447999716,0.07455958425998688,-0.01955362409353256
1777498987718246144,-0.004368698224425316,0.07448554039001465,-0.01950332708656788
1777498987728431872,-0.004513763356953859,0.07441430538892746,-0.01953290402889252
1777498987738598656,-0.004566220100969076,0.07416332513093948,-0.01959056593477726
1777498987748745984,-0.004603962879627943,0.07382682710886002,-0.01955538988113403
1777498987758873600,-0.004536073189228773,0.07346538454294205,-0.01951458863914013
1777498987768981760,-0.004315066151320934,0.07281245291233063,-0.01957743614912033
1777498987779070720,-0.00425145635381341,0.07203148305416107,-0.01967788673937321
1777498987789139968,-0.004212644882500172,0.0709967315196991,-0.01977737434208393
1777498987799189504,-0.004216499160975218,0.06999216228723526,-0.01992547884583473
1777498987809219584,-0.004414056427776814,0.06890286505222321,-0.02006823942065239
1777498987819231232,-0.004418497439473867,0.0677369013428688,-0.02014850452542305
1777498987829223680,-0.00482198828831315,0.0663476288318634,-0.02021441049873829
1777498987839197952,-0.00529636861756444,0.06479744613170624,-0.02032024599611759
1777498987849154560,-0.00574234826490283,0.06320174038410187,-0.02043311111629009
1777498987859091968,-0.006140169221907854,0.06152695789933205,-0.02059819549322128
1777498987869010176,-0.006466440390795469,0.0598941333591938,-0.02088883519172668
1777498987878909440,-0.006594948936253786,0.05803295224905014,-0.0213011596351862
1777498987888789504,-0.006700553931295872,0.05641996487975121,-0.0217781737446785
1777498987898650624,-0.006454891990870237,0.05449967831373215,-0.02237837202847004
1777498987908492544,-0.006154432892799377,0.05261911079287529,-0.02313732542097569
1777498987918315776,-0.005595466587692499,0.05084598064422607,-0.0239746980369091
1777498987928120576,-0.004894622135907412,0.04915078356862068,-0.02488446235656738
1777498987937906176,-0.004560585133731365,0.04760092124342918,-0.02592374943196774
1777498987948131584,-0.004007473587989807,0.04600794240832329,-0.02695593610405922
1777498987958337536,-0.003235618118196726,0.04446017369627953,-0.02793238498270512
1777498987968524032,-0.002541964175179601,0.04302896931767464,-0.02889836765825748
1777498987978690816,-0.0016561170341447,0.04176239296793938,-0.02979876473546028
1777498987988838144,-0.0008659576997160912,0.04090908914804459,-0.03058302588760853
1777498987998965760,-0.000133979061502032,0.04048177599906921,-0.03120948746800423
1777498988009075456,0.0005035556969232857,0.04030551388859749,-0.03196075931191444
1777498988019165440,0.0005895181675441563,0.04030255973339081,-0.03281121328473091
1777498988029236224,0.0002719772746786475,0.04025418683886528,-0.03368881717324257
1777498988039287296,0.0001785882195690647,0.04036501795053482,-0.0343538261950016
1777498988049319168,-0.0002603256434667856,0.04063369706273079,-0.03482668474316597
1777498988059331328,-0.0003282433026470244,0.04137976840138435,-0.03513341769576073
1777498988069324032,-0.0003614199813455343,0.04228900372982025,-0.03537357971072197
1777498988079297280,-0.0004855771840084344,0.04340425133705139,-0.03560935333371162
1777498988089251840,-0.0006905481568537652,0.04457421600818634,-0.03584128990769386
1777498988099187200,-0.0005866611027158797,0.04578384384512901,-0.03613046184182167
1777498988109103360,-0.0003791463968809694,0.04701681435108185,-0.0364324226975441
1777498988119000064,-0.0004685453895945102,0.04815976321697235,-0.03664866089820862
1777498988128877568,-0.0003002423618454486,0.0497141145169735,-0.03679557889699936
1777498988138735872,2.520276757422835e-05,0.05123939365148544,-0.03681905567646027
1777498988148578816,0.0001918576599564403,0.05279417708516121,-0.036759402602911
1777498988158405888,0.0002325502864550799,0.05423986539244652,-0.03657548502087593
1777498988168214272,0.0001534102484583855,0.05563578754663467,-0.03632814437150955
1777498988178003456,-0.0001068810161086731,0.05701608955860138,-0.03602119535207748
1777498988188006144,-0.0006238762871362269,0.0582599826157093,-0.0357106439769268
1777498988198221568,-0.001163803273811936,0.05972369760274887,-0.03535505384206772
1777498988208417536,-0.001555578550323844,0.06086601689457893,-0.03493112698197365
1777498988218593792,-0.001998041523620486,0.06196474656462669,-0.0344458669424057
1777498988228750592,-0.002537264721468091,0.06254474073648453,-0.03392404317855835
1777498988238887680,-0.003086697775870562,0.06337812542915344,-0.03340086713433266
1777498988249005312,-0.003290005493909121,0.06389021128416061,-0.03288823366165161
1777498988259103232,-0.003466355614364147,0.06438340991735458,-0.03245881572365761
1777498988269181184,-0.00365035142749548,0.06453195959329605,-0.03208326548337936
1777498988279239424,-0.003472019918262959,0.06479638069868088,-0.03177071735262871
1777498988289279744,-0.003265749895945191,0.06473861634731293,-0.03147269412875175
1777498988299302144,-0.003018664894625545,0.0644976794719696,-0.03116716630756855
1777498988309305600,-0.002566616516560316,0.06425312161445618,-0.03079001605510712
1777498988319289600,-0.002003606874495745,0.06384280323982239,-0.03049062937498093
1777498988329254400,-0.001769658061675727,0.06340187788009644,-0.03022006899118423
1777498988339200256,-0.0016316301189363,0.06269215047359467,-0.02993015758693218
1777498988349126656,-0.00146048900205642,0.06196796521544456,-0.02957819402217865
1777498988359033856,-0.001530281617306173,0.06104176491498947,-0.02912380732595921
1777498988368922368,-0.001602785661816597,0.06013046577572823,-0.0286344550549984
1777498988378792192,-0.001853024470619857,0.05925431847572327,-0.02810538001358509
1777498988388643584,-0.002108689630404115,0.05856945738196373,-0.02762614004313946
1777498988398475520,-0.002379722893238068,0.05780848488211632,-0.02717732638120651
1777498988408288768,-0.002871989272534847,0.0570087619125843,-0.02673782035708427
1777498988418082816,-0.003058722941204906,0.05619408935308456,-0.0262981504201889
1777498988428088064,-0.00322152953594923,0.05540114268660545,-0.0258356649428606
1777498988438304512,-0.003276312490925193,0.05463211610913277,-0.02535716257989407
1777498988448500992,-0.003170413197949529,0.05390943586826324,-0.02487741969525814
1777498988458679040,-0.00297671346925199,0.05363490805029869,-0.02448686957359314
1777498988468837120,-0.002681349636986852,0.05342124775052071,-0.02417924627661705
1777498988478975232,-0.002282621338963509,0.05314198136329651,-0.02399495616555214
1777498988489093888,-0.002053400035947561,0.05253418907523155,-0.02376624383032322
1777498988499193088,-0.002011045115068555,0.05190876498818398,-0.02334527112543583
1777498988509272320,-0.002116345334798098,0.05161426216363907,-0.02294997870922089
1777498988519332096,-0.002114897593855858,0.05154593661427498,-0.02249837480485439
1777498988529372416,-0.00219570379704237,0.05166159942746162,-0.02199153043329716
1777498988539395328,-0.00230116955935955,0.05149668082594872,-0.02136341668665409
1777498988549400064,-0.002745637204498053,0.05158848315477371,-0.02074963413178921
1777498988559385600,-0.003231665585190058,0.05168862640857697,-0.02015659026801586
1777498988569351680,-0.003504457417875528,0.05209620669484138,-0.01974917948246002
1777498988579298304,-0.003966248128563166,0.05219242349267006,-0.01935206726193428
1777498988589225984,-0.00452227471396327,0.05223202332854271,-0.01896393112838268
1777498988599134208,-0.004554707556962967,0.05256825685501099,-0.01860946230590343
1777498988609023232,-0.004253792110830545,0.05288774892687798,-0.01842175051569939
1777498988618893056,-0.003926203120499849,0.05315306037664413,-0.01836330629885197
1777498988628744704,-0.003340972820296884,0.05335070937871933,-0.01822083070874214
1777498988638576896,-0.002489204751327634,0.05343087390065193,-0.01821110770106316
1777498988648390144,-0.001946744625456631,0.05354799702763557,-0.01817289553582668
1777498988658184448,-0.001429865602403879,0.05331110581755638,-0.01795094273984432
1777498988667959296,-0.0005120673449710011,0.05318742245435715,-0.01766672730445862
1777498988678176512,-0.0002793958410620689,0.05268370732665062,-0.01737831346690655
1777498988688374016,-6.491539534181356e-05,0.05223378539085388,-0.01699037291109562
1777498988698552576,0.0002455367939546704,0.05182761698961258,-0.01653303019702435
1777498988708712192,0.000209997349884361,0.0511930026113987,-0.01608500070869923
1777498988718852096,-0.000167132806382142,0.05018427222967148,-0.01552030257880688
1777498988728972544,-0.0007640295661985874,0.04898690059781075,-0.01482186838984489
1777498988739073536,-0.001533495611511171,0.04775097593665123,-0.01400303933769464
1777498988749155072,-0.002495961263775826,0.04634968563914299,-0.01311669871211052
1777498988759217152,-0.003074037376791239,0.04492030665278435,-0.01210740581154823
1777498988769259776,-0.003641539718955755,0.04349671676754951,-0.01111575402319431
1777498988779283200,-0.004003887996077538,0.04195163398981094,-0.01024414319545031
1777498988789290496,-0.004132070112973452,0.04029195755720139,-0.009529696777462959
1777498988799278592,-0.003923303913325071,0.03874038904905319,-0.00890826340764761
1777498988809247488,-0.003647818695753813,0.03739454597234726,-0.008364053443074226
1777498988819196928,-0.003279355354607105,0.03630949929356575,-0.007929864339530468
1777498988829127168,-0.002679386641830206,0.03520266339182854,-0.007443101610988379
1777498988839038464,-0.002182770054787397,0.03417015448212624,-0.006876100786030293
1777498988848930560,-0.001678433152846992,0.03313401713967323,-0.006273404229432344
1777498988858803200,-0.0009877720149233937,0.03221719712018967,-0.005640469491481781
1777498988868657920,-0.0003073658735956997,0.03155282512307167,-0.004935130476951599
1777498988878493184,0.0002020936371991411,0.03066820465028286,-0.004058408085256815
1777498988888309504,5.890720422030427e-05,0.02995317429304123,-0.003117536893114448
1777498988898106624,-0.0003058814909309149,0.02968444116413593,-0.002224652096629143
1777498988907884288,-0.0006805319571867585,0.02958076447248459,-0.001394687686115503
1777498988918103040,-0.001213886891491711,0.02957142144441605,-0.0005704567302018404
1777498988928302080,-0.001583880395628512,0.02913283370435238,0.0001700985303614289
1777498988938481152,-0.002326407702639699,0.02891762182116508,0.0008392675081267953
1777498988948641024,-0.003236334305256605,0.02890938892960548,0.001476860605180264
1777498988958780928,-0.003633165033534169,0.02931354567408562,0.002046280540525913
1777498988968901120,-0.003731044940650463,0.02984480373561382,0.00265739276073873
1777498988979001856,-0.003124656155705452,0.0304222721606493,0.003342987969517708
1777498988989082880,-0.002424862468615174,0.03107598982751369,0.003988521639257669
1777498988999144704,-0.001634008949622512,0.0317944809794426,0.004664806183427572
1777498989009190656,-0.0006934179691597819,0.03242989629507065,0.005328687373548746
1777498989019217408,-0.0002133524394594133,0.03290610387921333,0.005941676907241344
1777498989029224704,5.762420551036485e-05,0.03329241648316383,0.00664322916418314
1777498989039212544,9.7775409813039e-05,0.03395719826221466,0.007464563939720392
1777498989049181440,0.0001337200083071366,0.03443068638443947,0.008418062701821327
1777498989059130880,1.652671198826283e-05,0.03483601659536362,0.009422867558896542
1777498989069061120,-0.0005278633907437325,0.03508979454636574,0.01054916437715292
1777498989078971904,-0.001130625372752547,0.03555130958557129,0.01175275072455406
1777498989088864000,-0.001662459806539118,0.03580320626497269,0.01289775688201189
1777498989098737152,-0.002234274055808783,0.03570684418082237,0.01407808437943459
1777498989108591104,-0.002773920306935906,0.03537137061357498,0.015335313975811
1777498989118425856,-0.00294577656313777,0.03515161201357841,0.01648848317563534
1777498989128241408,-0.003035585628822446,0.03492343053221703,0.0176239088177681
1777498989138037760,-0.003205814398825169,0.03448794782161713,0.01876900903880596
1777498989147815168,-0.003271097550168633,0.03415057063102722,0.01986625418066978
1777498989158039808,-0.003329148981720209,0.03344247862696648,0.02092546410858631
1777498989168244736,-0.003171698888763785,0.03278109431266785,0.02197086066007614
1777498989178429696,-0.00310344947502017,0.03186134248971939,0.02305863425135612
1777498989188595968,-0.003188731847330928,0.03098591789603233,0.02415872365236282
1777498989198742784,-0.003186187008395791,0.03025286272168159,0.02525678277015686
1777498989208869632,-0.003099216613918543,0.02929284796118736,0.02625367417931557
1777498989218976768,-0.003072868334129453,0.02826521918177605,0.027186444029212
1777498989229064448,-0.002925612730905414,0.02706423401832581,0.02802992984652519
1777498989239132416,-0.002788987709209323,0.02600409649312496,0.02886229380965233
1777498989249180672,-0.002809115452691913,0.02504022791981697,0.02973850630223751
1777498989259209728,-0.00274845352396369,0.02393409796059132,0.03069334663450718
1777498989269219840,-0.002979980548843741,0.02286174148321152,0.03159999847412109
1777498989279210496,-0.003337390255182981,0.02180022746324539,0.03234595060348511
1777498989289181696,-0.003664644435048103,0.0209646001458168,0.03293507546186447
1777498989299132928,-0.003848186228424311,0.02024211175739765,0.03345616534352303
1777498989309064960,-0.004139065742492676,0.01971585117280483,0.03383764624595642
1777498989318981376,-0.004112552851438522,0.01891347207129002,0.0341174378991127
1777498989328878592,-0.004188446328043938,0.01821881160140038,0.03439581021666527
1777498989338756608,-0.004090990405529737,0.01763618364930153,0.03458288684487343
1777498989348615424,-0.003799916477873921,0.01728973537683487,0.03458725288510323
1777498989358455296,-0.00329487700946629,0.01723636873066425,0.03438785299658775
1777498989368276224,-0.003062221920117736,0.01679436676204205,0.03408651426434517
1777498989378077696,-0.003426202107220888,0.0165115725249052,0.03395522758364677
1777498989387859968,-0.00398336723446846,0.01636366173624992,0.03399981558322906
1777498989398094080,-0.004157159943133593,0.01659712567925453,0.03403566777706146
1777498989408308480,-0.003878053044900298,0.01698032580316067,0.03400510549545288
1777498989418503168,-0.003675171174108982,0.0168392937630415,0.03373457863926888
1777498989428679168,-0.003775195218622684,0.01705694943666458,0.03341694921255112
1777498989438835712,-0.004033247474581003,0.01719775795936584,0.03299619629979134
1777498989448972544,-0.003972500097006559,0.01800918206572533,0.03241294249892235
1777498989459089920,-0.003784131025895476,0.01851503364741802,0.03190354630351067
1777498989469188096,-0.00370494625531137,0.01879976503551006,0.03150151297450066
1777498989479266560,-0.003530608722940087,0.01873764395713806,0.03117808140814304
1777498989489325312,-0.003210030030459166,0.0191792119294405,0.03083654120564461
1777498989499364864,-0.002511151600629091,0.01969804801046848,0.03040148504078388
1777498989509387264,-0.001888884929940104,0.02025357820093632,0.02987636812031269
1777498989519391744,-0.001768563291989267,0.02053646370768547,0.02934364601969719
1777498989529377024,-0.001339243142865598,0.02093672007322311,0.02884153835475445
1777498989539343104,-0.001223004655912519,0.021468760445714,0.02834516018629074
1777498989549290240,-0.001325015560723841,0.0219105426222086,0.02802667766809464
1777498989559218176,-0.001580155570991337,0.02226107753813267,0.02788266539573669
1777498989569127680,-0.001579232281073928,0.02247137948870659,0.02778264693915844
1777498989579017984,-0.001748391310684383,0.02269073948264122,0.02770236134529114
1777498989588889088,-0.002170025603845716,0.02269442193210125,0.02767645940184593
1777498989598741760,-0.002614871598780155,0.02258652821183205,0.02764017134904861
1777498989608575488,-0.003067428478971124,0.02232898399233818,0.02761714346706867
1777498989618390272,-0.003454862395301461,0.02228965982794762,0.02754742279648781
1777498989628185600,-0.003976655192673206,0.02214720100164413,0.02747828140854836
1777498989638190336,-0.004796156194061041,0.02180151455104351,0.02745575271546841
1777498989648404224,-0.005402892827987671,0.02130179852247238,0.02740340679883957
1777498989658598144,-0.005675230640918016,0.02072703093290329,0.02732416242361069
1777498989668773888,-0.005914643406867981,0.02045326493680477,0.02716870233416557
1777498989678929664,-0.00587916374206543,0.0201512984931469,0.02690320089459419
1777498989689065728,-0.005800010170787573,0.01981998607516289,0.02656808122992516
1777498989699182336,-0.005609456449747086,0.01939927414059639,0.02617777697741985
1777498989709278976,-0.005296129733324051,0.0189621951431036,0.02572152018547058
1777498989719356160,-0.004907958209514618,0.01851492561399937,0.02527037262916565
1777498989729413632,-0.004384345840662718,0.01815557666122913,0.024801105260849
1777498989739451392,-0.004096187651157379,0.018054423853755,0.02434558607637882
1777498989749470208,-0.003729030257090926,0.01772826164960861,0.02388503775000572
1777498989759469824,-0.003506582463160157,0.01736294291913509,0.02342570759356022
1777498989769453568,-0.003654618049040437,0.0170066375285387,0.02305786870419979
1777498989779417856,-0.003653805935755372,0.01678404025733471,0.02274215593934059
1777498989789362944,-0.003525173990055919,0.01676673628389835,0.022506108507514
1777498989799288832,-0.003034000750631094,0.01671046949923038,0.02229489013552666
1777498989809195776,-0.002461074618622661,0.01699749007821083,0.02204754017293453
1777498989819083264,-0.001786619541235268,0.01720132865011692,0.02168207243084908
1777498989828951296,-0.001291700289584696,0.01753564365208149,0.0211502481251955
1777498989838800384,-0.001102170324884355,0.01782480999827385,0.02066473290324211
1777498989848630528,-0.00120536528993398,0.01813233271241188,0.02032940462231636
1777498989858441216,-0.00120552338194102,0.01854631677269936,0.02011669613420963
1777498989868232960,-0.001269474858418107,0.01896433345973492,0.0201041717082262
1777498989878237184,-0.001238088007085025,0.01935869269073009,0.02016694657504559
1777498989888453120,-0.001422049826942384,0.01978845335543156,0.02023403719067574
1777498989898649088,-0.001910518622025847,0.02044524438679218,0.02027428522706032
1777498989908825856,-0.001877568894997239,0.02090182714164257,0.02013048715889454
1777498989918983424,-0.002031664364039898,0.02134642191231251,0.01994554698467255
1777498989929121280,-0.002686418360099196,0.02156721614301205,0.01988540403544903
1777498989939239424,-0.003087323624640703,0.02201650850474834,0.01992316544055939
1777498989949338112,-0.003156488994136453,0.02250212244689465,0.0199588555842638
1777498989959417088,-0.003145098686218262,0.02261731587350368,0.01999020762741566
1777498989969476352,-0.003034580033272505,0.02266939915716648,0.02006401307880878
1777498989979515904,-0.002959658158943057,0.02272194251418114,0.02012404799461365
1777498989989536768,-0.002617085818201303,0.02280927076935768,0.02011310495436192
1777498989999538176,-0.002268518321216106,0.02289044484496117,0.02006999403238297
1777498990009520128,-0.001984250033274293,0.02288522012531757,0.02005159296095371
1777498990019482624,-0.00184910383541137,0.02262388542294502,0.02003107778728008
1777498990029425664,-0.001687452895566821,0.02232161536812782,0.02009113505482674
1777498990039349504,-0.001907913596369326,0.02188736200332642,0.02029269747436047
1777498990049260288,-0.00207248074002564,0.02144195884466171,0.02056226506829262
1777498990059152128,-0.002248061820864677,0.0208609327673912,0.02080686576664448
1777498990069024768,-0.002457419177517295,0.02010450884699821,0.02110172994434834
1777498990078878208,-0.002548526506870985,0.01907481625676155,0.02139963768422604
1777498990088712960,-0.002840518485754728,0.01805929467082024,0.02168765664100647
1777498990098528256,-0.002873341087251902,0.01714145578444004,0.02196722850203514
1777498990108324352,-0.002715858863666654,0.01609340496361256,0.02215328998863697
1777498990118101760,-0.002583493012934923,0.01486999448388815,0.02232038788497448
1777498990128319232,-0.002727809362113476,0.01372016966342926,0.02246703207492828
1777498990138516992,-0.002689300570636988,0.01246088277548552,0.02257551252841949
1777498990148694784,-0.002781398594379425,0.01112179085612297,0.02272249758243561
1777498990158854144,-0.002678246237337589,0.009753771126270294,0.02289214357733727
1777498990168994304,-0.002220595953986049,0.008363858796656132,0.02309455722570419
1777498990179115008,-0.001920495997183025,0.00705663301050663,0.02324658818542957
1777498990189216000,-0.001530472771264613,0.006044137757271528,0.02340886741876602
1777498990199297536,-0.001188310328871012,0.00515415845438838,0.02354029193520546
1777498990209359616,-0.001265160273760557,0.00438804691657424,0.02366844192147255
1777498990219402240,-0.00141241867095232,0.003448287257924676,0.02391061000525951
1777498990229425152,-0.001965591916814446,0.002524633193388581,0.02426203712821007
1777498990239431424,-0.002669916953891516,0.001872754306532443,0.02470192313194275
1777498990249420032,-0.003381174523383379,0.001643663388676941,0.02506804466247559
1777498990259389696,-0.003565725637599826,0.001760564395226538,0.02529499121010303
1777498990269340416,-0.00360074220225215,0.001995562110096216,0.02539456635713577
1777498990279271936,-0.003945027478039265,0.002406872808933258,0.02531947381794453
1777498990289184512,-0.003835901152342558,0.003017481649294496,0.02510790154337883
1777498990299077632,-0.003376716049388051,0.003248253604397178,0.02490000985562801
1777498990308951552,-0.002958067692816257,0.003417040221393108,0.0247417539358139
1777498990318806784,-0.00235379277728498,0.003647029399871826,0.02446108497679234
1777498990328643328,-0.002004432491958141,0.004827102180570364,0.02413409389555454
1777498990338460672,-0.001027868245728314,0.006223855540156364,0.02380550839006901
1777498990348259328,-0.0004055937461089343,0.007024931721389294,0.02363527938723564
1777498990358038784,-0.0008044395362958312,0.007900509983301163,0.0236869640648365
1777498990368257280,-0.0006011516088619828,0.008772814646363258,0.02386297099292278
1777498990378456576,-0.0003154473379254341,0.01005042716860771,0.02403267472982407
1777498990388636160,-0.0002493953215889633,0.01103554479777813,0.02432119846343994
1777498990398796800,-0.0004757785354740918,0.01197952963411808,0.02446943148970604
1777498990408937472,-0.000450791820185259,0.01277737598866224,0.02450329251587391
1777498990419058688,-0.0006773501518182456,0.01379227451980114,0.02443451434373856
1777498990429160192,-0.0009496290003880858,0.01463368721306324,0.02442608587443829
1777498990439242496,-0.001365393283776939,0.01530265901237726,0.02457021735608578
1777498990449305088,-0.001563614583574235,0.01568899117410183,0.02482214197516441
1777498990459347968,-0.0013853331329301,0.01593326404690742,0.02517280727624893
1777498990469371392,-0.001495826407335699,0.01625841856002808,0.02558064647018909
1777498990479375616,-0.001611974905245006,0.01627678424119949,0.02603010274469852
1777498990489360896,-0.001576940529048443,0.01612268574535847,0.02640547230839729
1777498990499326720,-0.001524280873127282,0.01583332009613514,0.02677135169506073
1777498990509275392,-0.001888939412310719,0.0154426321387291,0.02715596370398998
1777498990519206912,-0.001932273618876934,0.01499607134610415,0.02757716923952103
1777498990529118976,-0.00225365161895752,0.01413298957049847,0.02801830321550369
1777498990539011840,-0.002832608763128519,0.01335879042744637,0.02851924858987331
1777498990548885504,-0.003056107787415385,0.0122336745262146,0.02895507402718067
1777498990558740736,-0.003374215913936496,0.01123442314565182,0.02928999625146389
1777498990568576256,-0.003598949639126658,0.009977685287594795,0.02960513904690742
1777498990578392832,-0.003496326040476561,0.008780184201896191,0.02985692955553532
1777498990588190464,-0.00340424757450819,0.00732431560754776,0.03007444739341736
1777498990597969152,-0.003272131783887744,0.005817769560962915,0.03023734502494335
1777498990608193024,-0.003114358754828572,0.004491389263421297,0.0302849467843771
1777498990618396928,-0.003005485748872161,0.003112791106104851,0.03024405986070633
1777498990628580864,-0.003283636178821325,0.001766981091350317,0.03014942817389965
1777498990638745600,-0.003850935958325863,0.0006283835973590612,0.0300727840512991
1777498990648891136,-0.004323406144976616,-0.0005071009509265423,0.02989403903484344
1777498990659017472,-0.004736415576189756,-0.001338013564236462,0.02964393235743046
1777498990669124352,-0.004932656418532133,-0.002461171476170421,0.02929137088358402
1777498990679211264,-0.004840339533984661,-0.003314608940854669,0.02881051413714886
1777498990689278720,-0.0042032515630126,-0.00386575167067349,0.0281733013689518
1777498990699326720,-0.0030934177339077,-0.00410237442702055,0.02726775035262108
1777498990709355008,-0.001784854452125728,-0.004091605544090271,0.02619870565831661
1777498990719363584,-0.0006302131805568933,-0.003852370427921414,0.02508317120373249
1777498990729352960,-0.0001276602561119944,-0.00330183794721961,0.02392574772238731
1777498990739323136,0.0003050099476240575,-0.00278057181276381,0.02293195202946663
1777498990749274112,0.0007052010041661561,-0.002205494325608015,0.02209367230534554
1777498990759205376,0.001098991371691227,-0.001585879712365568,0.02143511176109314
1777498990769117440,0.0008030953467823565,-0.0007796332938596606,0.02089390531182289
1777498990779010304,0.0004765372432302684,0.0006557657616212964,0.02036977373063564
1777498990788883712,0.0006902657332830131,0.002015922917053103,0.01983983069658279
1777498990798737664,0.0002158111019525677,0.003519999794661999,0.01935148239135742
1777498990808573440,-0.0002333448792342097,0.004756624344736338,0.01887309551239014
1777498990818390272,-0.0005033186171203852,0.006463728845119476,0.01834986731410027
1777498990828188160,-0.0006693304749205709,0.008079026825726032,0.01789437420666218
1777498990837967104,-0.0005844059633091092,0.009592183865606785,0.01751113496720791
1777498990848192512,-0.0003378924448043108,0.01124334707856178,0.01714842952787876
1777498990858398464,1.967940261238255e-05,0.01273588556796312,0.01680156588554382
1777498990868584192,0.0003133243008051068,0.01440479420125484,0.01643363386392593
1777498990878750720,0.0006346520967781544,0.01590912602841854,0.01617481745779514
1777498990888898304,0.0007481549982912838,0.01736811548471451,0.01601395383477211
1777498990899026688,0.0007576592033728957,0.01877656765282154,0.01596948504447937
1777498990909135104,0.0007034933660179377,0.01979817450046539,0.01603763550519943
1777498990919224320,0.0003559899341780692,0.02065208740532398,0.01612490974366665
1777498990929293824,-0.0001385653886245564,0.02144602872431278,0.01627850532531738
1777498990939343360,-0.0004267518816050142,0.02207415178418159,0.01647929102182388
1777498990949373440,-0.0009306060383096337,0.02255114167928696,0.01668879948556423
1777498990959384064,-0.001326567842625082,0.02288822643458843,0.01695634983479977
1777498990969375488,-0.001630677725188434,0.0228651650249958,0.01723790727555752
1777498990979347456,-0.00218343548476696,0.02272807620465755,0.01751468144357204
1777498990989299968,-0.002505495445802808,0.02256551571190357,0.01782646030187607
1777498990999233280,-0.002669109031558037,0.02234949544072151,0.0180731937289238
1777498991009146880,-0.002539238194003701,0.02204545587301254,0.01825001090764999
1777498991019043840,-0.002241272712126374,0.02126405388116837,0.01839054748415947
1777498991028924160,-0.002190506551414728,0.02038729749619961,0.01855551265180111
1777498991038785280,-0.002049250993877649,0.01978929154574871,0.01882126927375793
1777498991048627200,-0.001505456282757223,0.01911600306630135,0.01905296184122562
1777498991058450432,-0.0008301226189360023,0.018114959821105,0.01939739286899567
1777498991068253952,-0.0005467765149660408,0.01683853007853031,0.0198273453861475
1777498991078039040,-0.0004503183008637279,0.01581194065511227,0.0203301515430212
1777498991088039168,-0.0004778396105393767,0.01510330568999052,0.02088814228773117
1777498991098254080,-0.0007254627998918295,0.0141366608440876,0.02148230746388435
1777498991108450048,-0.001609107595868409,0.0131333889439702,0.02223904058337212
1777498991118625792,-0.002576160011813045,0.01192403957247734,0.02302985824644566
1777498991128781824,-0.003429392585530877,0.01088626589626074,0.02389182895421982
1777498991138918144,-0.004392624832689762,0.009841869585216045,0.02481172606348991
1777498991149036032,-0.005353156942874193,0.008895855396986008,0.02568272687494755
1777498991159134208,-0.00609576003625989,0.008181143552064896,0.02640792354941368
1777498991169212416,-0.00657311687245965,0.007407062686979771,0.02710540406405926
1777498991179271168,-0.007184166461229324,0.006595649756491184,0.0279478132724762
1777498991189310464,-0.007516170851886272,0.005879262927919626,0.02867878973484039
1777498991199330048,-0.007413479965180159,0.00547309871762991,0.02917664125561714
1777498991209330432,-0.006989416666328907,0.005530236288905144,0.02940801717340946
1777498991219311616,-0.006124536972492933,0.005253173410892487,0.02944513782858849
1777498991229273856,-0.006117567420005798,0.005194185767322779,0.02936756052076817
1777498991239216384,-0.005763661116361618,0.005112610757350922,0.02927292697131634
1777498991249139456,-0.005199572071433067,0.005342475604265928,0.02920390293002129
1777498991259043072,-0.005056388210505247,0.005356183275580406,0.02924572862684727
1777498991268927488,-0.004823560360819101,0.005225331988185644,0.02938035316765308
1777498991278792448,-0.004760224372148514,0.005317181348800659,0.0294980350881815
1777498991288638208,-0.004735095426440239,0.005552601534873247,0.02963520586490631
1777498991298464768,-0.004713127389550209,0.005889846477657557,0.02961118705570698
1777498991308273408,-0.004765868186950684,0.006282748188823462,0.0294970516115427
1777498991318062848,-0.004815790336579084,0.006804319564253092,0.02935636043548584
1777498991328065792,-0.004607586655765772,0.00743661867454648,0.02912154421210289
1777498991338281728,-0.004764320328831673,0.008017118088901043,0.02898639254271984
1777498991348477696,-0.004976673051714897,0.008364047855138779,0.02885600551962852
1777498991358653952,-0.004488152917474508,0.008845721371471882,0.02867536060512066
1777498991368811520,-0.004357474856078625,0.009242421016097069,0.0284215472638607
1777498991378949120,-0.004429569002240896,0.009682636708021164,0.02823652513325214
1777498991389067264,-0.004457800183445215,0.009916325099766254,0.02801688760519028
1777498991399165952,-0.004550712183117867,0.01019355654716492,0.02776003256440163
1777498991409244928,-0.004819939844310284,0.01037255302071571,0.02751200646162033
1777498991419304192,-0.004945325199514627,0.0105517441406846,0.02731230668723583
1777498991429344512,-0.005132022313773632,0.01059053651988506,0.02714473009109497
1777498991439365376,-0.005187658593058586,0.01040663756430149,0.02694393694400787
1777498991449367296,-0.005309747532010078,0.009988871403038502,0.02674710750579834
1777498991459349504,-0.005834819748997688,0.009594189003109932,0.02648285217583179
1777498991469312256,-0.006129350978881121,0.0094216363504529,0.02613596990704536
1777498991479255808,-0.005984019488096237,0.009098248556256294,0.02566252276301384
1777498991489179904,-0.005825692787766457,0.008516516536474228,0.02522070147097111
1777498991499084544,-0.005479672458022833,0.00762668251991272,0.02475916966795921
1777498991508969984,-0.004769166000187397,0.006777534261345863,0.02424728684127331
1777498991518836224,-0.004347898066043854,0.005950925871729851,0.0236540175974369
1777498991528689152,-0.003773005912080407,0.005157684907317162,0.02303299121558666
1777498991538527744,-0.003388854674994946,0.004428548738360405,0.02246894873678684
1777498991548347392,-0.003186421236023307,0.003762588603422046,0.02192513085901737
1777498991558148096,-0.003097773296758533,0.002998421899974346,0.02144167385995388
1777498991567929600,-0.003171197837218642,0.002238421933725476,0.02105041220784187
1777498991578146048,-0.003114671446382999,0.001570798107422888,0.02072758786380291
1777498991588342784,-0.003181636333465576,0.0009598465985618532,0.02050177194178104
1777498991598519808,-0.003099198685958982,0.0005239519523456693,0.0202606339007616
1777498991608677888,-0.002866591326892376,0.000146372098242864,0.01995820552110672
1777498991618816512,-0.002834138926118612,-0.0002544161689002067,0.01961223967373371
1777498991628935680,-0.002847828902304173,-0.0006295692292042077,0.01930378377437592
1777498991639035392,-0.003180448664352298,-0.0007122245733626187,0.0192206222563982
1777498991649115648,-0.003305304795503616,-0.0006453292444348335,0.0192252304404974
1777498991659176448,-0.003155435202643275,-0.0003288295120000839,0.01930236257612705
1777498991669217792,-0.00296260928735137,0.0001131078315665945,0.01934866420924664
1777498991679239936,-0.002684265375137329,0.0006921161548234522,0.01934785768389702
1777498991689242880,-0.002668048487976193,0.001451339921914041,0.01927453652024269
1777498991699227648,-0.002711284440010786,0.00246955081820488,0.01911763660609722
1777498991709192960,-0.002715054899454117,0.00360818998888135,0.01903756707906723
1777498991719143680,-0.002871661446988583,0.00502926018089056,0.01910273917019367
1777498991729075456,-0.003128987038508058,0.006337977945804596,0.01924614794552326
1777498991738987776,-0.003318065777420998,0.007903019897639751,0.01941108331084251
1777498991748881152,-0.003371252445504069,0.009462200105190277,0.01959644071757793
1777498991758755328,-0.00344845256768167,0.01118510868400335,0.01969267427921295
1777498991768610304,-0.003518946003168821,0.01296569965779781,0.01977654919028282
1777498991778445568,-0.003453446086496115,0.01481698639690876,0.01979819685220718
1777498991788261888,-0.00331887835636735,0.01675002463161945,0.01979773677885532
1777498991798059776,-0.003295267233625054,0.01857568696141243,0.01977249793708324
1777498991807838208,-0.003149447031319141,0.02039503678679466,0.01974564231932163
1777498991818056960,-0.003178518963977695,0.02208865247666836,0.01976408064365387
1777498991828256000,-0.003260921919718385,0.02374725230038166,0.01983054354786873
1777498991838435328,-0.003557729534804821,0.02527208440005779,0.0199823621660471
1777498991848596480,-0.003809838322922587,0.0267360620200634,0.0201813280582428
1777498991858737664,-0.004192162305116653,0.02793044038116932,0.02039292640984058
1777498991868858880,-0.004486770834773779,0.02894030883908272,0.02058889530599117
1777498991878960640,-0.004900854546576738,0.02979285642504692,0.02079427801072598
1777498991889042688,-0.005167771130800247,0.0303992573171854,0.02098258212208748
1777498991899105024,-0.005402448587119579,0.03093725815415382,0.02115100435912609
1777498991909147904,-0.005542842671275139,0.03114645928144455,0.02125591412186623
1777498991919171072,-0.005781011190265417,0.03127897530794144,0.02134782634675503
1777498991929175552,-0.005775262601673603,0.03118767775595188,0.02140197157859802
1777498991939160320,-0.005641487427055836,0.03082926757633686,0.02138933725655079
1777498991949125632,-0.005410795100033283,0.03017913177609444,0.02141553722321987
1777498991959071488,-0.005250292830169201,0.02925898693501949,0.02149517647922039
1777498991968997632,-0.005034439265727997,0.0282825380563736,0.02157287113368511
1777498991978904576,-0.004923052154481411,0.02718647196888924,0.02162221260368824
1777498991988795648,-0.00479377806186676,0.02607123740017414,0.02173625305294991
1777498991998670592,-0.004696655552834272,0.02477050386369228,0.02185702137649059
1777498992008526336,-0.004863736219704151,0.02358283288776875,0.02197683788836002
1777498992018363136,-0.004944081883877516,0.0222418699413538,0.02208545617759228
1777498992028181248,-0.005050156731158495,0.02088513039052486,0.02227584645152092
1777498992037980160,-0.005433537065982819,0.01944658532738686,0.02258381247520447
1777498992047760384,-0.005711574107408524,0.01810708828270435,0.02299201674759388
1777498992057984768,-0.005846366286277771,0.01711160130798817,0.02340210974216461
1777498992068189696,-0.005880923941731453,0.01599457673728466,0.023755993694067
1777498992078374912,-0.006046135444194078,0.01483083330094814,0.02409481443464756
1777498992088540928,-0.007123284507542849,0.01391248684376478,0.02449716068804264
1777498992098688256,-0.008793352171778679,0.01373475696891546,0.02503838390111923
1777498992108815616,-0.00952405110001564,0.01378780044615269,0.02556719072163105
1777498992118923264,-0.00996091403067112,0.01325741875916719,0.02593336813151836
1777498992129011456,-0.01064411737024784,0.01296836882829666,0.02609807066619396
1777498992139080192,-0.01090122014284134,0.01318842452019453,0.02597779035568237
1777498992149129216,-0.0102081298828125,0.01399314217269421,0.02551702223718166
1777498992159158784,-0.009621088393032551,0.0143592581152916,0.0249396488070488
1777498992169169152,-0.009168008342385292,0.01497159153223038,0.02425509877502918
1777498992179160320,-0.007987434044480324,0.01548078376799822,0.02353755757212639
1777498992189132544,-0.007454439532011747,0.01689672283828259,0.02264540456235409
1777498992199085312,-0.007173863239586353,0.01741254515945911,0.0219085980206728
1777498992209018624,-0.006610999815165997,0.01779818907380104,0.02165001444518566
1777498992218932736,-0.00651155412197113,0.01789798773825169,0.02128554880619049
1777498992228827392,-0.00662676990032196,0.01899915002286434,0.02089322172105312
1777498992238703360,-0.006236213725060225,0.02099457941949368,0.0204416811466217
1777498992248561152,-0.005232921335846186,0.02306803502142429,0.01964433677494526
1777498992258407424,-0.005184062756597996,0.02411871217191219,0.01847423240542412
1777498992268234752,-0.005950868129730225,0.02483963035047054,0.01722853817045689
1777498992278043392,-0.006249119993299246,0.02608697488903999,0.01592965051531792
1777498992287832576,-0.006093722302466631,0.02788990363478661,0.01470199134200811
1777498992298066432,-0.005806959234178066,0.02897581271827221,0.01379507686942816
1777498992308280576,-0.005337540991604328,0.0298708863556385,0.01311022136360407
1777498992318475264,-0.005283146630972624,0.03054934926331043,0.01254343427717686
1777498992328650496,-0.005302794277667999,0.03156686201691628,0.01204863470047712
1777498992338806272,-0.005170665215700865,0.03232089057564735,0.01153620425611734
1777498992348942080,-0.005624662153422832,0.03302420303225517,0.01108008250594139
1777498992359058688,-0.005865692626684904,0.03325406089425087,0.01068612840026617
1777498992369155328,-0.00615423871204257,0.03388791531324387,0.01022788602858782
1777498992379234304,-0.006824128329753876,0.03426444157958031,0.009737457148730755
1777498992389293568,-0.00716435955837369,0.03455632552504539,0.009333593770861626
1777498992399333376,-0.007941972464323044,0.03450397402048111,0.009062733501195908
1777498992409353728,-0.00814270693808794,0.0342981219291687,0.008849472738802433
1777498992419355136,-0.008279171772301197,0.03394243121147156,0.008703980594873428
1777498992429337088,-0.008688394911587238,0.03359534963965416,0.008580077439546585
1777498992439299584,-0.009160933084785938,0.03309421241283417,0.008492277003824711
1777498992449242880,-0.009584671817719936,0.03243984282016754,0.008456483483314514
1777498992459167232,-0.009967664256691933,0.0318562239408493,0.00846220925450325
1777498992469071872,-0.01041841600090265,0.03110394068062305,0.008491674438118935
1777498992478957824,-0.01050899643450975,0.03034420125186443,0.008560921065509319
1777498992488824320,-0.01066356990486383,0.02924888394773006,0.008648182265460491
1777498992498671360,-0.01065998710691929,0.02824974246323109,0.008730710484087467
1777498992508499200,-0.01080745831131935,0.02718258649110794,0.008821379393339157
1777498992518308096,-0.01077032927423716,0.02623341605067253,0.008856745436787605
1777498992528097792,-0.01059425994753838,0.02530447579920292,0.008852235041558743
1777498992538100736,-0.01043680123984814,0.02440584078431129,0.008845636621117592
1777498992548315648,-0.01015107892453671,0.02355491556227207,0.008885364979505539
1777498992558510848,-0.009887482039630413,0.02252858690917492,0.008977871388196945
1777498992568686848,-0.009603532031178474,0.02158934436738491,0.009120238944888115
1777498992578843136,-0.009291358292102814,0.02071790024638176,0.009247804991900921
1777498992588979968,-0.009057801216840744,0.02011256106197834,0.009318066760897636
1777498992599097088,-0.008471621200442314,0.01956986449658871,0.009363381192088127
1777498992609195008,-0.008009842596948147,0.01906284876167774,0.009491081349551678
1777498992619273216,-0.00762392021715641,0.01868372224271297,0.009684022516012192
1777498992629331712,-0.007245886605232954,0.01846440508961678,0.009913110174238682
1777498992639370752,-0.006853447761386633,0.01842344552278519,0.01015985198318958
1777498992649390848,-0.006689419038593769,0.01835967227816582,0.01051424723118544
1777498992659395072,-0.006458550225943327,0.01836567744612694,0.01091594714671373
1777498992669380096,-0.006258390378206968,0.0185667909681797,0.01137182954698801
1777498992679345664,-0.006047133821994066,0.01896497420966625,0.0118296081200242
1777498992689292288,-0.005926631391048431,0.0194782018661499,0.01224642805755138
1777498992699219968,-0.006221173331141472,0.01982631161808968,0.01268607284873724
1777498992709128192,-0.007038570009171963,0.02034163475036621,0.01339688152074814
1777498992719017472,-0.007821126841008663,0.02126090973615646,0.01421570684760809
1777498992728887808,-0.008115638047456741,0.0225567314773798,0.01505654491484165
1777498992738739456,-0.008237631060183048,0.0238028708845377,0.0158087071031332
1777498992748572160,-0.008106313645839691,0.02476905472576618,0.01638124883174896
1777498992758385408,-0.008191040717065334,0.02587186545133591,0.01680691540241241
1777498992768179712,-0.008189070038497448,0.02710306830704212,0.01710623688995838
1777498992778185216,-0.007754882331937551,0.02859979495406151,0.01724093593657017
1777498992788401408,-0.007036298513412476,0.02981484495103359,0.01740067452192307
1777498992798597888,-0.006627136375755072,0.0309029333293438,0.01763536222279072
1777498992808774912,-0.006345908157527447,0.03165551647543907,0.0179593563079834
1777498992818931968,-0.006117408629506826,0.03277002647519112,0.01838887855410576
1777498992829069824,-0.00568839767947793,0.03368043899536133,0.01885388419032097
1777498992839187968,-0.005469576921314001,0.03455831855535507,0.01936144568026066
1777498992849286656,-0.0052312514744699,0.03501074761152267,0.01991301961243153
1777498992859365376,-0.005206615664064884,0.03541547805070877,0.0204599853605032
1777498992869424896,-0.005356061737984419,0.03570183366537094,0.0210804995149374
1777498992879464704,-0.005680510308593512,0.03571444377303123,0.02180364169180393
1777498992889488640,-0.005850778892636299,0.03554642572999001,0.0226107481867075
1777498992899493120,-0.005884074606001377,0.03524114191532135,0.0234949141740799
1777498992909478144,-0.006037410348653793,0.03468907251954079,0.02441053092479706
1777498992919443712,-0.006220816168934107,0.0339445024728775,0.02535347640514374
1777498992929389824,-0.006438212003558874,0.03304998949170113,0.02628588303923607
1777498992939316736,-0.006585389375686646,0.03207842260599136,0.0271611399948597
1777498992949224192,-0.006594232283532619,0.03093524277210236,0.02803920954465866
1777498992959112448,-0.006512909661978483,0.02954721823334694,0.02901433780789375
1777498992968982528,-0.006565847434103489,0.02791354618966579,0.03001106716692448
1777498992978833152,-0.006673118099570274,0.02627314813435078,0.03102689236402512
1777498992988664320,-0.006712634116411209,0.02441088110208511,0.0320265144109726
1777498992998476288,-0.006665559019893408,0.02253522723913193,0.0329713448882103
1777498993008269312,-0.006624301429837942,0.02045166678726673,0.03388594090938568
1777498993018274560,-0.006506472826004028,0.01828452385962009,0.03479219600558281
1777498993028491776,-0.006801657844334841,0.01629719696938992,0.03578313440084457
1777498993038689024,-0.006659687496721745,0.01427436340600252,0.03686287626624107
1777498993048867072,-0.006424636114388704,0.01172912772744894,0.03792376071214676
1777498993059025920,-0.007021058350801468,0.009068184532225132,0.03892092034220695
1777498993069165568,-0.007575230672955513,0.006796064786612988,0.03976402059197426
1777498993079285248,-0.00760436337441206,0.005102261435240507,0.04045891016721725
1777498993089385472,-0.0078760776668787,0.003286278340965509,0.0411134697496891
1777498993099465728,-0.007820615544915199,0.001508497167378664,0.04175562039017677
1777498993109526528,-0.007417847868055105,-0.0002283436188008636,0.0422988273203373
1777498993119567616,-0.006906419992446899,-0.001354826847091317,0.04266470298171043
1777498993129589760,-0.005983157549053431,-0.002381784375756979,0.04287345707416534
1777498993139592192,-0.004828817676752806,-0.003115932689979672,0.0429668053984642
1777498993149575168,-0.003638617694377899,-0.00369427097029984,0.04301650077104568
1777498993159538944,-0.002813458908349276,-0.003852684050798416,0.04297880828380585
1777498993169487872,-0.002117521595209837,-0.003783950116485357,0.0429866760969162
1777498993179417600,-0.001560971373692155,-0.003552771406248212,0.0431324765086174
1777498993189328384,-0.001519806683063507,-0.003056112909689546,0.0434638075530529
1777498993199220736,-0.001357836765237153,-0.002414291026070714,0.04383901879191399
1777498993209094400,-0.001257078722119331,-0.001475994125939906,0.04422439634799957
1777498993218948608,-0.001456339145079255,-0.0004562263784464449,0.04458713158965111
1777498993228784384,-0.001842199475504458,0.0006601846544072032,0.04494142904877663
1777498993238600960,-0.002150993095710874,0.002016131766140461,0.04525045678019524
1777498993248399360,-0.002626022091135383,0.003372860606759787,0.04553454369306564
1777498993258178816,-0.003011872293427587,0.004608638118952513,0.04580148681998253
1777498993268397056,-0.003585245227441192,0.005843443796038628,0.04610750824213028
1777498993278595584,-0.004242641385644674,0.007021702360361814,0.04639610275626183
1777498993288774144,-0.004507760517299175,0.008078065700829029,0.04663821309804916
1777498993298933248,-0.004661823622882366,0.008895092643797398,0.04686286300420761
1777498993309073408,-0.00459216209128499,0.009600675664842129,0.04698655381798744
1777498993319193600,-0.004169020336121321,0.01024567242711782,0.04693929851055145
1777498993329294080,-0.003592634107917547,0.01075518224388361,0.04677728191018105
1777498993339375104,-0.003232142189517617,0.01089581474661827,0.04661920666694641
1777498993349436416,-0.002862367313355207,0.01090935245156288,0.04644331336021423
1777498993359478272,-0.002449539722874761,0.01081758551299572,0.04627114534378052
1777498993369500672,-0.002056230558082461,0.01049970556050539,0.04609594494104385
1777498993379503872,-0.001739521743729711,0.009907923638820648,0.04595722630620003
1777498993389487872,-0.001527024316601455,0.009153286926448345,0.04583989456295967
1777498993399452416,-0.001281254575587809,0.008476724848151207,0.04572321847081184
1777498993409397504,-0.00114487495739013,0.007697711698710918,0.04561591520905495
1777498993419323392,-0.001012035994790494,0.006703495513647795,0.04553240165114403
1777498993429229824,-0.001106415293179452,0.005528863519430161,0.04554766044020653
1777498993439117312,-0.001471121562644839,0.004355054348707199,0.04562762379646301
1777498993448985600,-0.001663250848650932,0.003308587707579136,0.04575922340154648
1777498993458837760,-0.001787904766388237,0.002337260637432337,0.04584114626049995
1777498993468675072,-0.001685804454609752,0.001299669966101646,0.04587563127279282
1777498993478493184,-0.001506404369138181,0.0003739493258763105,0.04587900266051292
1777498993488292608,-0.001419399050064385,-0.000397785915993154,0.04583344236016273
1777498993498073344,-0.001351546263322234,-0.0007435703882947564,0.04576840251684189
1777498993508292608,-0.001083560404367745,-0.0008487978484481573,0.04578161612153053
1777498993518491904,-0.0005697748274542391,-0.0009880219586193562,0.0458422489464283
1777498993528671488,-4.940658618579619e-05,-0.000835428130812943,0.04594860970973969
1777498993538831104,0.0003070467500947416,-0.0004564663104247302,0.04602129012346268
1777498993548972544,0.000987873412668705,0.0005427037249319255,0.04607009142637253
1777498993559094272,0.001488458015955985,0.001717602601274848,0.04615942388772964
1777498993569196544,0.001659069559536874,0.003105963114649057,0.04633544757962227
1777498993579278848,0.001349180238321424,0.004534861538559198,0.04670239612460136
1777498993589341696,0.0006196749163791537,0.006505414843559265,0.04721043258905411
1777498993599384832,6.64747494738549e-05,0.008517234586179256,0.04779588431119919
1777498993609408768,-0.000673310540150851,0.01075904443860054,0.04842967167496681
1777498993619412992,-0.001137560000643134,0.01312506757676601,0.04905880242586136
1777498993629398272,-0.001595625770278275,0.01566941104829311,0.04960579052567482
1777498993639364096,-0.001918112975545228,0.01851476356387138,0.05007030442357063
1777498993649310464,-0.001807851949706674,0.02145183458924294,0.05044374614953995
1777498993659237120,-0.001410142402164638,0.02449040487408638,0.05077360197901726
1777498993669144576,-0.0007526829140260816,0.02758987806737423,0.05111654475331306
1777498993679032576,5.525511005544104e-05,0.03056962974369526,0.05147551745176315
1777498993688901632,0.0006628347327932715,0.0335359163582325,0.05183342099189758
1777498993698751744,0.001120414584875107,0.03645805269479752,0.05227454006671906
1777498993708586752,0.001398786902427673,0.03928480297327042,0.0528220608830452
1777498993718405632,0.001323419157415628,0.0420699454843998,0.05348336324095726
1777498993728205568,0.001017045695334673,0.04465664923191071,0.0542897991836071
1777498993737986560,0.0004056751495227218,0.04702946916222572,0.05520696938037872
1777498993748210688,-0.0003569787368178368,0.04920182004570961,0.05615488067269325
1777498993758415360,-0.00112173764500767,0.0509628988802433,0.05713937059044838
1777498993768600576,-0.001901154522784054,0.05261052772402763,0.05813795328140259
1777498993778766080,-0.002455828012898564,0.05416995659470558,0.05911235883831978
1777498993788911872,-0.003090466372668743,0.05544737353920937,0.05994619056582451
1777498993799038208,-0.003692708676680923,0.05655816197395325,0.06060691177845001
1777498993809146368,-0.003899781266227365,0.05709820985794067,0.0611286424100399
1777498993819235840,-0.004166578408330679,0.0573962889611721,0.06156160309910774
1777498993829306624,-0.00408754451200366,0.05744780972599983,0.06196187064051628
1777498993839358208,-0.003827099688351154,0.05727379769086838,0.0623309537768364
1777498993849390336,-0.003549511777237058,0.05700507760047913,0.06274019926786423
1777498993859403264,-0.003580407705157995,0.05623950436711311,0.06313218176364899
1777498993869396736,-0.003488902701064944,0.05527192354202271,0.06342358887195587
1777498993879370752,-0.00345328263938427,0.05404664948582649,0.0635872408747673
1777498993889325824,-0.00345413270406425,0.05272945016622543,0.0636865496635437
1777498993899261952,-0.003344177035614848,0.05119125917553902,0.06366642564535141
1777498993909178624,-0.003463143948465586,0.04944112524390221,0.06351109594106674
1777498993919076352,-0.003725276561453938,0.04741697385907173,0.06330385804176331
1777498993928954880,-0.004090007860213518,0.04540187492966652,0.06310348957777023
1777498993938814976,-0.004598864354193211,0.04334501922130585,0.06287252157926559
1777498993948656128,-0.004907263908535242,0.04133699834346771,0.06251533329486847
1777498993958478336,-0.004949162248522043,0.03924170508980751,0.06201540678739548
1777498993968282112,-0.004915749654173851,0.03700804337859154,0.06135283038020134
1777498993978067968,-0.004802077077329159,0.03480056673288345,0.06054654717445374
1777498993988068864,-0.004605405032634735,0.03266387060284615,0.05960443615913391
1777498993998284032,-0.004264379851520061,0.03062255308032036,0.05864392966032028
1777498994008479232,-0.003958964254707098,0.0283628273755312,0.05758003145456314
1777498994018654464,-0.003939661663025618,0.02610598504543304,0.05643320083618164
1777498994028809728,-0.004106326960027218,0.02382504753768444,0.05522190406918526
1777498994038946304,-0.004099754150956869,0.02202101424336433,0.05388269573450089
1777498994049063936,-0.003964477684348822,0.02022788301110268,0.05248725786805153
1777498994059162368,-0.003811401547864079,0.01862333156168461,0.05105576291680336
1777498994069241088,-0.003762464039027691,0.01723184995353222,0.0495699867606163
1777498994079300352,-0.003648629412055016,0.01596158929169178,0.04798448085784912
1777498994089339904,-0.002989820670336485,0.01492100115865469,0.04626113176345825
1777498994099359744,-0.002065917942672968,0.01399792730808258,0.04443442076444626
1777498994109360128,-0.001227324828505516,0.01319578196853399,0.04255304858088493
1777498994119341312,-0.0005573161179199815,0.01255792658776045,0.04067127406597137
1777498994129303296,-0.0001358255976811051,0.01199139840900898,0.038800910115242
1777498994139245824,-6.808985199313611e-05,0.011579311452806,0.03703821077942848
1777498994149169408,0.0002156276314053684,0.01122548151761293,0.03541615605354309
1777498994159073536,0.0004676889802794904,0.0110807353630662,0.03389552980661392
1777498994168958464,0.0006619904306717217,0.01102754287421703,0.0323859415948391
1777498994178824448,0.0008787958067841828,0.01091237459331751,0.03093813173472881
1777498994188670976,0.0008359093917533755,0.01087972056120634,0.02957622893154621
1777498994198499328,0.0006281891255639493,0.01091204676777124,0.02822422794997692
1777498994208315392,0.0005163966561667621,0.01106733735650778,0.02689139358699322
1777498994218112256,0.0003951556573156267,0.01120758708566427,0.02567855827510357
1777498994228119040,0.0004267201875336468,0.01106408517807722,0.02458692900836468
1777498994238335232,8.913956116884947e-05,0.01097438670694828,0.02358860895037651
1777498994248531712,-0.0001121899258578196,0.01068440079689026,0.02268856205046177
1777498994258708992,-9.462640446145087e-05,0.01058547385036945,0.02183383330702782
1777498994268866560,9.795656660571694e-05,0.01028379052877426,0.02107035741209984
1777498994279004672,6.938942533452064e-05,0.009796647354960442,0.02035864628851414
1777498994289122816,0.0002195693523390219,0.009216311387717724,0.01978323981165886
1777498994299221760,0.0003662151284515858,0.008538315072655678,0.01930634491145611
1777498994309300736,2.784892421914265e-05,0.007563448511064053,0.01891052722930908
1777498994319360000,-0.0003354326472617686,0.006544506642967463,0.01863874495029449
1777498994329399552,-0.000676304567605257,0.005578974261879921,0.01849876157939434
1777498994339423232,-0.001350157079286873,0.004302465822547674,0.01850619353353977
1777498994349427456,-0.002060471568256617,0.003018229035660625,0.01864566653966904
1777498994359412224,-0.002581712091341615,0.00151625438593328,0.01889814622700214
1777498994369377792,-0.003198568243533373,4.768811777466908e-05,0.01916387863457203
1777498994379324416,-0.004025295842438936,-0.00167680368758738,0.01950155198574066
1777498994389251584,-0.004977487958967686,-0.003318647155538201,0.01987565122544765
1777498994399159040,-0.005736781749874353,-0.00469658337533474,0.02017568610608578
1777498994409047296,-0.006165503989905119,-0.006223301868885756,0.02035472169518471
1777498994418916608,-0.00631963973864913,-0.007499178405851126,0.02045379020273685
1777498994428766720,-0.006400106940418482,-0.008469143882393837,0.02055832929909229
1777498994438597376,-0.004515421576797962,-0.008768793195486069,0.02050715312361717
1777498994448409088,-0.003661511698737741,-0.01043509412556887,0.01992127299308777
1777498994458201088,-0.002770786639302969,-0.0107434531673789,0.01901506818830967
1777498994467974144,-0.001530476729385555,-0.0114013534039259,0.01824196055531502
1777498994478191616,-0.001230763271450996,-0.01065846625715494,0.01767825894057751
1777498994488389376,-0.001157477963715792,-0.01096472423523664,0.0172260757535696
1777498994498567424,-0.001583101460710168,-0.01074492651969194,0.01693613640964031
1777498994508726272,-0.002742358716204762,-0.01074358820915222,0.01672456599771976
1777498994518865664,-0.003575910581275821,-0.01001551747322083,0.0164033155888319
1777498994528984832,-0.004164779093116522,-0.00977563951164484,0.01597367413341999
1777498994539084800,-0.004506407771259546,-0.008837529458105564,0.01547779701650143
1777498994549164800,-0.004391153808683157,-0.007932768203318119,0.01485819742083549
1777498994559227904,-0.004334709141403437,-0.006716036237776279,0.01404646411538124
1777498994569273856,-0.003496912308037281,-0.005649235565215349,0.01317740604281425
1777498994579300864,-0.002659039571881294,-0.00419180141761899,0.0122683010995388
1777498994589308928,-0.001916622626595199,-0.002346954774111509,0.01130540482699871
1777498994599297792,-0.0008232415420934558,-0.0009455229737795889,0.01037984061986208
1777498994609267456,8.636462007416412e-05,0.001007920131087303,0.009490285068750381
1777498994619217920,0.0009755919454619288,0.002666675485670567,0.008691951632499695
1777498994629148928,0.001743103726767004,0.004678984638303518,0.007971386425197124
1777498994639060992,0.002127315849065781,0.00663852971047163,0.007314048241823912
1777498994648954368,0.002422720193862915,0.008621497079730034,0.006748723797500134
1777498994658828544,0.00232846150174737,0.01050894521176815,0.006353839766234159
1777498994668683264,0.001831469126045704,0.01216458342969418,0.005980775225907564
1777498994678519040,0.001188880647532642,0.01402228511869907,0.005680838599801064
1777498994688335872,0.0006357642123475671,0.01571394130587578,0.005452784243971109
1777498994698133760,0.0003532048722263426,0.01740201190114021,0.005213365890085697
1777498994707912704,0.0001262032019440085,0.01874715834856033,0.004926202353090048
1777498994718131200,0.0001472115982323885,0.01989535987377167,0.00457314308732748
1777498994728329728,4.869306940236129e-05,0.02088486962020397,0.004222840536385775
1777498994738508288,-8.228215301642194e-05,0.02161306701600552,0.003900362178683281
1777498994748666880,-0.0002180440933443606,0.02208425477147102,0.003695573890581727
1777498994758807808,-0.0002007088041864336,0.02254045195877552,0.003532686503604054
1777498994768929280,-0.000152320135384798,0.02268430963158607,0.003457561368122697
1777498994779031296,-9.861683793133125e-05,0.02256048657000065,0.00331607717089355
1777498994789113856,2.428194420645013e-05,0.02213313244283199,0.003257110249251127
1777498994799176960,-0.0001650140475248918,0.02162064239382744,0.003264181548729539
1777498994809220608,-0.000151033847942017,0.02133042551577091,0.00325244409032166
1777498994819244800,-9.458150452701375e-05,0.02082500606775284,0.003215880366042256
1777498994829249536,0.0002474274078849703,0.02010473795235157,0.003230985486879945
1777498994839235840,0.0004088990099262446,0.01931154541671276,0.003451792756095529
1777498994849202688,0.0002666131476871669,0.01852807588875294,0.003715834347531199
1777498994859150080,0.0002700671029742807,0.01810396276414394,0.003963187336921692
1777498994869078272,0.0001289237115997821,0.01739227585494518,0.00423675961792469
1777498994878990848,-0.0005216295248828828,0.01681285537779331,0.00455440254881978
1777498994888883968,-0.001678967848420143,0.01624703593552113,0.004964598454535007
1777498994898758400,-0.002530726371333003,0.01635276898741722,0.005536009091883898
1777498994908613632,-0.003121376968920231,0.01536087691783905,0.006040961481630802
1777498994918450176,-0.004353953991085291,0.01471157558262348,0.006534515880048275
1777498994928267520,-0.004976918920874596,0.01383147854357958,0.006856877356767654
1777498994938065920,-0.004933201242238283,0.01424827799201012,0.007028114981949329
1777498994947845376,-0.004666292574256659,0.01401756703853607,0.00700433598831296
1777498994958069504,-0.004583198111504316,0.01404224988073111,0.006898920983076096
1777498994968274176,-0.004420032724738121,0.01362391002476215,0.006697837729007006
1777498994978458880,-0.004165199119597673,0.01359594985842705,0.006336532533168793
1777498994988624640,-0.003945667762309313,0.01369157433509827,0.005866618361324072
1777498994998770432,-0.003404450369998813,0.01393156126141548,0.005297800991684198
1777498995008897024,-0.002919394057244062,0.0141011131927371,0.004595307167619467
1777498995019003392,-0.002630813978612423,0.01432267017662525,0.003760849591344595
1777498995029090560,-0.002387118060141802,0.0145170334726572,0.002884375397115946
1777498995039158272,-0.002295001409947872,0.01467209588736296,0.002004171721637249
1777498995049206272,-0.002084003295749426,0.01507460325956345,0.001121858484111726
1777498995059234816,-0.001762721221894026,0.0154848750680685,0.0001478774065617472
1777498995069244160,-0.001514169853180647,0.01578891091048717,-0.0008568530320189893
1777498995079234048,-0.001478042919188738,0.01592127233743668,-0.001899277791380882
1777498995089204480,-0.001697549247182906,0.0163362231105566,-0.003022410674020648
1777498995099155456,-0.001673861523158848,0.01696448400616646,-0.004242244176566601
1777498995109086976,-0.001438634004443884,0.01733875460922718,-0.005571776535362005
1777498995118999552,-0.001203820807859302,0.0176266934722662,-0.00688716396689415
1777498995128898816,-0.0008501009433530271,0.01765156537294388,-0.008212734013795853
1777498995138778624,-0.0007780476007610559,0.01782355457544327,-0.009516987949609756
1777498995148639744,-0.0006446752231568098,0.01787488907575607,-0.01078514009714127
1777498995158481920,-0.0001814632269088179,0.01786354742944241,-0.01205337047576904
1777498995168305152,0.0001823625643737614,0.01766658946871758,-0.01332073099911213
1777498995178109440,0.0004961163504049182,0.01737103797495365,-0.01461855787783861
1777498995187894784,0.0005062756245024502,0.01699795015156269,-0.01589258760213852
1777498995198119936,0.0004368050722405314,0.0165008045732975,-0.01710671558976173
1777498995208325376,0.0003797395620495081,0.01585689187049866,-0.01833180524408817
1777498995218511360,0.0002482401905581355,0.01513723842799664,-0.01951144449412823
1777498995228677888,1.822165540943388e-05,0.01416251622140408,-0.02066950313746929
1777498995238824960,-0.0003420787688810378,0.0133288512006402,-0.02177766524255276
1777498995248952576,-0.0006514894193969667,0.01239088457077742,-0.02288893237709999
1777498995259061504,-0.00104211934376508,0.01126997638493776,-0.02402432449162006
1777498995269151488,-0.001305303885601461,0.009951032698154449,-0.02511999383568764
1777498995279221760,-0.001667999080382288,0.008762679062783718,-0.02622531168162823
1777498995289272576,-0.002024651505053043,0.007456519640982151,-0.02735941857099533
1777498995299304192,-0.002220937050879002,0.006233329884707928,-0.02849595062434673
1777498995309317376,-0.002149356761947274,0.005102654919028282,-0.02970880083739758
1777498995319311104,-0.002064811298623681,0.003971670754253864,-0.03107471019029617
1777498995329285632,-0.001939304056577384,0.002894649282097816,-0.03260350972414017
1777498995339241472,-0.001585880643688142,0.001773440395481884,-0.03413715213537216
1777498995349178112,-0.00124167394824326,0.0004351197276264429,-0.03562992811203003
1777498995359095552,-0.001198882586322725,-0.0009861097205430269,-0.03702932596206665
1777498995368993792,-0.0009418576373718679,-0.001920230803079903,-0.03845080360770226
1777498995378875136,-0.0004320594598539174,-0.002584242494776845,-0.03987623751163483
1777498995388739840,-4.113840986974537e-05,-0.003202915424481034,-0.04137977585196495
1777498995398585600,0.0005564990569837391,-0.003817897755652666,-0.04295342043042183
1777498995408412672,0.001163647975772619,-0.004137562122195959,-0.04455264285206795
1777498995418220544,0.001793191186152399,-0.004276398103684187,-0.04615195840597153
1777498995428009984,0.002569942269474268,-0.004361855331808329,-0.0476045198738575
1777498995438012672,0.00296916626393795,-0.004383392166346312,-0.04888361692428589
1777498995448228096,0.003287753323093057,-0.004311392549425364,-0.04998669028282166
1777498995458423552,0.003312981221824884,-0.003918171394616365,-0.05099209025502205
1777498995468599808,0.003146870294585824,-0.003420988330617547,-0.05189945548772812
1777498995478756352,0.002961900550872087,-0.002923143329098821,-0.05274131521582603
1777498995488893696,0.002714123344048858,-0.002208206802606583,-0.05354113876819611
1777498995499011072,0.00242624175734818,-0.001580014475621283,-0.05432846024632454
1777498995509108736,0.002155269961804152,-0.000547126866877079,-0.05508345365524292
1777498995519186944,0.001982996705919504,0.0004002604109700769,-0.05579410120844841
1777498995529245696,0.001921963528729975,0.001693983795121312,-0.05646836385130882
1777498995539284736,0.001845851424150169,0.002931389957666397,-0.05705581232905388
1777498995549304576,0.001787623739801347,0.004303667694330215,-0.05754366517066956
1777498995559304960,0.001965517643839121,0.005601616110652685,-0.05794265866279602
1777498995569285888,0.002134129637852311,0.006873797159641981,-0.0582883358001709
1777498995579247104,0.002370385685935616,0.007984355092048645,-0.05861421301960945
1777498995589189120,0.002330672228708863,0.009082525968551636,-0.0589325875043869
1777498995599114496,0.002238045213744044,0.01004570908844471,-0.05916902050375938
1777498995609022976,0.001774333533830941,0.01091981865465641,-0.05933589115738869
1777498995618912512,0.001304644392803311,0.01186976488679647,-0.05943624675273895
1777498995628783104,0.0007771234377287328,0.01260558236390352,-0.05941170081496239
1777498995638634752,0.0001584376877872273,0.01326905563473701,-0.059370256960392
1777498995648467456,-0.000381612975616008,0.01364617608487606,-0.0592900738120079
1777498995658280960,-0.001081252354197204,0.01396108511835337,-0.05918468907475471
1777498995668075264,-0.001674345461651683,0.01408400014042854,-0.05907803401350975
1777498995678080512,-0.002067827386781573,0.01426408905535936,-0.05898995697498322
1777498995688296192,-0.002163230674341321,0.01429728884249926,-0.05884553119540215
1777498995698492672,-0.002018056577071548,0.014265944249928,-0.05875001475214958
1777498995708669696,-0.001702699228189886,0.01414801087230444,-0.05868114903569221
1777498995718827520,-0.001501585822552443,0.0139113450422883,-0.05865452438592911
1777498995728965632,-0.001290240907110274,0.01380790397524834,-0.05858800560235977
1777498995739084544,-0.001066866563633084,0.01356561575084925,-0.05854003876447678
1777498995749185792,-0.0006840026471763849,0.0133980056270957,-0.05843513831496239
1777498995759267328,-0.0006261796224862337,0.01276824902743101,-0.05821157619357109
1777498995769329152,-0.0009271352319046855,0.01230269949883223,-0.0578383207321167
1777498995779371520,-0.001608811784535646,0.01189059112221003,-0.05737007781863213
1777498995789394176,-0.002354735974222422,0.01180344354361296,-0.05683242157101631
1777498995799397888,-0.00346988090313971,0.01169668324291706,-0.05617391690611839
1777498995809382144,-0.004015966784209013,0.01161785982549191,-0.05535832047462463
1777498995819346944,-0.004419622011482716,0.01103054638952017,-0.05468656122684479
1777498995829293056,-0.006502715870738029,0.01039828173816204,-0.05435307323932648
1777498995839219712,-0.007295629940927029,0.01007323525846004,-0.05437024682760239
1777498995849126912,-0.007914969697594643,0.009747523814439774,-0.05463731288909912
1777498995859014912,-0.008520606905221939,0.009459080174565315,-0.05508333072066307
1777498995868883712,-0.007957947440445423,0.009384692646563053,-0.05568615347146988
1777498995878733056,-0.007042105309665203,0.008996624499559402,-0.05641494691371918
1777498995888563200,-0.006238941568881273,0.008614516817033291,-0.05730240419507027
1777498995898374400,-0.00553449522703886,0.008206515572965145,-0.058307234197855
1777498995908167168,-0.004919599276036024,0.007768427021801472,-0.05943102389574051
1777498995918172160,-0.004228855483233929,0.007746516726911068,-0.06074263527989388
1777498995928388864,-0.00356226391158998,0.007736873347312212,-0.06213986501097679
1777498995938585856,-0.002966754836961627,0.00775898015126586,-0.06366654485464096
1777498995948763648,-0.002268023556098342,0.007664178963750601,-0.06537385284900665
1777498995958922240,-0.001404429785907269,0.007750035729259253,-0.0671406164765358
1777498995969060864,-0.00100510660558939,0.007977627217769623,-0.06887764483690262
1777498995979180544,-0.0007299273274838924,0.008450974710285664,-0.07061423361301422
1777498995989280768,-0.0002700891345739365,0.008985463529825211,-0.07225257158279419
1777498995999361280,-0.0002003216941375285,0.0095862140879035,-0.07374712824821472
1777498996009423104,-0.0001178013772005215,0.01025000493973494,-0.07522790879011154
1777498996019466240,0.0002176624402636662,0.01121880114078522,-0.07675685733556747
1777498996029489664,0.0006285316194407642,0.01225206907838583,-0.0783393383026123
1777498996039493632,0.0009170348639599979,0.01327363960444927,-0.07982885837554932
1777498996049478144,0.001131024677306414,0.01424928847700357,-0.08126639574766159
1777498996059443456,0.001357335364446044,0.01544342562556267,-0.08264021575450897
1777498996069389056,0.001582842669449747,0.01660825684666634,-0.08390523493289948
1777498996079315456,0.001677763066254556,0.01767176948487759,-0.08500522375106812
1777498996089222912,0.001467937137931585,0.01857831515371799,-0.08598861843347549
1777498996099111168,0.001267009531147778,0.019583685323596,-0.0868438333272934
1777498996108980480,0.0008647615904919803,0.02067632228136063,-0.08754853159189224
1777498996118830592,0.0006421448779292405,0.02152458764612675,-0.0881585031747818
1777498996128661248,0.0003843134909402579,0.0223284475505352,-0.08873072266578674
1777498996138472960,6.845035386504605e-05,0.02311276458203793,-0.08921684324741364
1777498996148265472,-0.0002642685431055725,0.02387496456503868,-0.08964759856462479
1777498996158038528,-0.000568617950193584,0.02463112771511078,-0.09004123508930206
1777498996168256512,-0.0008012466714717448,0.02516982518136501,-0.09037040174007416
1777498996178454528,-0.0010207713348791,0.02537017501890659,-0.09062798321247101
1777498996188632576,-0.001501408871263266,0.02548004873096943,-0.09084933251142502
1777498996198791168,-0.001826008665375412,0.02551517821848392,-0.09104757755994797
1777498996208931840,-0.001901622978039086,0.02544214949011803,-0.09123542159795761
1777498996219053056,-0.00177174573764205,0.02519877254962921,-0.09138544648885727
1777498996229154816,-0.001759017701260746,0.02460521645843983,-0.09150322526693344
1777498996239237376,-0.001950330566614866,0.02407453395426273,-0.09158238023519516
1777498996249300480,-0.00231613521464169,0.02375728636980057,-0.09160944819450378
1777498996259344128,-0.002422194927930832,0.02355672419071198,-0.09160658717155457
1777498996269368064,-0.002175913192331791,0.02291112951934338,-0.09162493050098419
1777498996279372288,-0.002113750204443932,0.02207041531801224,-0.09161628037691116
1777498996289357824,-0.00250460091046989,0.0212418120354414,-0.09162711352109909
1777498996299323904,-0.00271506467834115,0.02094724774360657,-0.09170296043157578
1777498996309270272,-0.002394937444478273,0.0206164475530386,-0.09194689244031906
1777498996319197184,-0.001982517540454865,0.0200626365840435,-0.09210126847028732
1777498996329104896,-0.001681260764598846,0.01924281194806099,-0.09213239699602127
1777498996338993408,-0.001373998122289777,0.01892297901213169,-0.09217124432325363
1777498996348862464,-0.0008753143483772874,0.01894481852650642,-0.09226471930742264
1777498996358712320,-0.0005879632662981749,0.01857589185237885,-0.09232492744922638
1777498996368551168,-0.0009753590566106141,0.01817287690937519,-0.09224092215299606
1777498996378371072,-0.001615931512787938,0.01770012266933918,-0.09206949919462204
1777498996388171520,-0.00238977768458426,0.01774283312261105,-0.09187206625938416
1777498996397953024,-0.003212454495951533,0.01772937551140785,-0.09161844849586487
1777498996408177152,-0.004100725054740906,0.01785814389586449,-0.09138011932373047
1777498996418381824,-0.004654472693800926,0.01805387809872627,-0.09122122079133987
1777498996428566528,-0.005178695078939199,0.0184220727533102,-0.09115365147590637
1777498996438732032,-0.00543711893260479,0.01892694272100925,-0.09118138998746872
1777498996448878592,-0.005306858569383621,0.01952843926846981,-0.09135958552360535
1777498996459005440,-0.00473072612658143,0.02020192518830299,-0.09166065603494644
1777498996469112576,-0.003924585413187742,0.02096030488610268,-0.09200909733772278
1777498996479200512,-0.003074621548876166,0.02192416600883007,-0.09234905242919922
1777498996489269248,-0.002319650491699576,0.02279779314994812,-0.09264018386602402
1777498996499319040,-0.001522305770777166,0.023621566593647,-0.09281257539987564
1777498996509349120,-0.001198112964630127,0.02436730824410915,-0.09282499551773071
1777498996519360256,-0.001067087752744555,0.02518759481608868,-0.09264751523733139
1777498996529352448,-0.001348748221062124,0.02612265199422836,-0.09235617518424988
1777498996539325184,-0.001942032598890364,0.02699418365955353,-0.09197857230901718
1777498996549278720,-0.002500282600522041,0.02785665728151798,-0.09148509055376053
1777498996559216128,-0.003003260353580117,0.02868148125708103,-0.09089542925357819
1777498996569134592,-0.003647094126790762,0.02948341704905033,-0.09031402319669724
1777498996579033856,-0.004187866114079952,0.03025115467607975,-0.08974546194076538
1777498996588914176,-0.004417676478624344,0.03092819638550282,-0.08912337571382523
1777498996598775552,-0.004750064574182034,0.03159989416599274,-0.08839820325374603
1777498996608617472,-0.005124200601130724,0.03196240589022636,-0.08760236948728561
1777498996618440448,-0.005158558487892151,0.03259482234716415,-0.08670680969953537
1777498996628244480,-0.005510470364242792,0.03305443376302719,-0.08574825525283813
1777498996638029568,-0.005700614769011736,0.03343601897358894,-0.08475694805383682
1777498996648253952,-0.005884474609047174,0.03378301113843918,-0.08378691971302032
1777498996658458624,-0.006170415785163641,0.03408043831586838,-0.08275248110294342
1777498996668643584,-0.006579569075256586,0.03429385647177696,-0.0816616415977478
1777498996678809600,-0.007112436462193727,0.03427819535136223,-0.08058469742536545
1777498996688955392,-0.007646329235285521,0.03407289460301399,-0.07946917414665222
1777498996699081472,-0.008885595016181469,0.03386012464761734,-0.07833007723093033
1777498996709188096,-0.009840894490480423,0.03351963683962822,-0.07720915228128433
1777498996719276032,-0.0106767388060689,0.03328218311071396,-0.07610099017620087
1777498996729345280,-0.01120960619300604,0.03305367007851601,-0.07505200803279877
1777498996739394816,-0.01139428000897169,0.03241152688860893,-0.07423339039087296
1777498996749424896,-0.0111286947503686,0.03178755566477776,-0.07381052523851395
1777498996759435520,-0.01049038022756577,0.03100419044494629,-0.07372952252626419
1777498996769426688,-0.009617662988603115,0.03049473278224468,-0.07392745465040207
1777498996779398400,-0.008712324313819408,0.02988842502236366,-0.0742025151848793
1777498996789350656,-0.008140108548104763,0.02924568951129913,-0.07448176294565201
1777498996799283968,-0.007821876555681229,0.02871561795473099,-0.07472227513790131
1777498996809197824,-0.007779749110341072,0.0282230582088232,-0.07498442381620407
1777498996819092224,-0.007920828647911549,0.02772506326436996,-0.07537595182657242
1777498996828967424,-0.007877708412706852,0.02725222706794739,-0.07591479271650314
1777498996838823168,-0.007587392814457417,0.02668629959225655,-0.07662896066904068
1777498996848659968,-0.00704477820545435,0.02642285265028477,-0.07751667499542236
1777498996858477056,-0.00649813748896122,0.02616857923567295,-0.07857200503349304
1777498996868274944,-0.005557748954743147,0.02635888941586018,-0.07981268316507339
1777498996878054656,-0.004446378909051418,0.02660429663956165,-0.08113029599189758
1777498996888051968,-0.003570284694433212,0.02689354680478573,-0.08238227665424347
1777498996898266624,-0.002953442046418786,0.02729259431362152,-0.08355715870857239
1777498996908461568,-0.00234755058772862,0.02763205580413342,-0.08467022329568863
1777498996918636544,-0.001955262618139386,0.02836357802152634,-0.08569484949111938
1777498996928791552,-0.001997645478695631,0.02906903997063637,-0.08666461706161499
1777498996938927616,-0.002203691517934203,0.0299492571502924,-0.08756707608699799
1777498996949044992,-0.002483109477907419,0.03089160285890102,-0.08843744546175003
1777498996959142656,-0.002839828142896295,0.03194746375083923,-0.08925338834524155
1777498996969220608,-0.003089113859459758,0.03303298354148865,-0.09000054001808167
1777498996979279104,-0.002964211162179708,0.03431851789355278,-0.09071844071149826
1777498996989318144,-0.002736923284828663,0.03546814247965813,-0.09139666706323624
1777498996999337728,-0.00243901670910418,0.03667990118265152,-0.0920177549123764
1777498997009338112,-0.002293253084644675,0.03786429762840271,-0.09250552952289581
1777498997019319552,-0.002377628581598401,0.03910346329212189,-0.09287382662296295
1777498997029281792,-0.002393346047028899,0.04035200551152229,-0.09305284917354584
1777498997039224320,-0.00243417383171618,0.04151612520217896,-0.0930725559592247
1777498997049147648,-0.002422682242467999,0.04277257993817329,-0.09288047254085541
1777498997059051520,-0.002442695433273911,0.04393072053790092,-0.0925491601228714
1777498997068936192,-0.00266456906683743,0.04507770761847496,-0.09211999177932739
1777498997078801664,-0.002995003247633576,0.04607433453202248,-0.09160753339529037
1777498997088647424,-0.0034265061840415,0.04699043557047844,-0.0910157784819603
1777498997098474752,-0.003930633887648582,0.04781496524810791,-0.09032744914293289
1777498997108283136,-0.004664263222366571,0.04860315471887589,-0.08950945734977722
1777498997118072320,-0.005366470199078321,0.04930651932954788,-0.08854246884584427
1777498997128075264,-0.005938603077083826,0.04982131347060204,-0.0874452143907547
1777498997138291712,-0.006576654501259327,0.05018766224384308,-0.08626244962215424
1777498997148488704,-0.007082340773195028,0.05037514120340347,-0.08505647629499435
1777498997158665984,-0.007483243010938168,0.05047514289617538,-0.08390006422996521
1777498997168823808,-0.007956689223647118,0.05044803395867348,-0.08269152790307999
1777498997178961920,-0.008448324166238308,0.05028741434216499,-0.08145537972450256
1777498997189080320,-0.009107920341193676,0.04998188465833664,-0.08015801757574081
1777498997199179520,-0.009807576425373554,0.04956608265638351,-0.07886321097612381
1777498997209258752,-0.01135003566741943,0.04852922260761261,-0.07772136479616165
1777498997219321088,-0.01371632143855095,0.04582893848419189,-0.07654764503240585
1777498997229363968,-0.01837143115699291,0.04341557621955872,-0.07437311112880707
1777498997239387648,-0.02209645695984364,0.04088365659117699,-0.07208450138568878
1777498997249391872,-0.02495548687875271,0.03964906185865402,-0.06938226521015167
1777498997259377152,-0.02673438005149364,0.03825211897492409,-0.06673869490623474
1777498997269342976,-0.02521443739533424,0.03872025385499001,-0.06382812559604645
1777498997279289344,-0.02447088621556759,0.04103691130876541,-0.06229149550199509
1777498997289216256,-0.0258495956659317,0.04148773103952408,-0.06165878847241402
1777498997299124480,-0.0267685241997242,0.03937165439128876,-0.0608203113079071
1777498997309013504,-0.02710931561887264,0.04039692506194115,-0.06017698347568512
1777498997318883328,-0.02435444854199886,0.03956015780568123,-0.05993443727493286
1777498997328733952,-0.02315776236355305,0.03873858600854874,-0.05994211882352829
1777498997338565632,-0.02019980922341347,0.03974099457263947,-0.05981135368347168
1777498997348378112,-0.01733322255313396,0.04278222471475601,-0.05996398627758026
1777498997358171136,-0.01605125144124031,0.0431913249194622,-0.05990691855549812
1777498997367945472,-0.01427652407437563,0.04487111419439316,-0.05951477959752083
1777498997378163200,-0.01422419026494026,0.04560565203428268,-0.05879513919353485
1777498997388361472,-0.0143542867153883,0.047441266477108,-0.05780015140771866
1777498997398540288,-0.01425975561141968,0.0493798665702343,-0.05651175975799561
1777498997408699904,-0.01542448252439499,0.05113092064857483,-0.05519826337695122
1777498997418840064,-0.01721782051026821,0.05259961634874344,-0.05372921004891396
1777498997428960256,-0.01831695809960365,0.05398726090788841,-0.05216711759567261
1777498997439061248,-0.01910398527979851,0.05588111653923988,-0.05069802701473236
1777498997449142272,-0.02000254392623901,0.05759337916970253,-0.0494098998606205
1777498997459203840,-0.02101775072515011,0.05915161594748497,-0.04823407903313637
1777498997469245952,-0.02131442353129387,0.06051933765411377,-0.04728006199002266
1777498997479268864,-0.02131664380431175,0.06198754161596298,-0.04654737934470177
1777498997489272576,-0.02089880593121052,0.06297716498374939,-0.04586071521043777
1777498997499260160,-0.01996328495442867,0.06407372653484344,-0.04529601708054543
1777498997509228288,-0.01899987272918224,0.06477605551481247,-0.04485594481229782
1777498997519177472,-0.01823088154196739,0.06523419916629791,-0.04451672732830048
1777498997529107456,-0.01776586100459099,0.06545495986938477,-0.04414903745055199
1777498997539018240,-0.01756859943270683,0.06561396270990372,-0.04381385073065758
1777498997548910080,-0.0173181276768446,0.06576886773109436,-0.04352409020066261
1777498997558782720,-0.01709147170186043,0.06587284803390503,-0.04329479113221169
1777498997568635904,-0.01677851192653179,0.06560745090246201,-0.04300969839096069
1777498997578471168,-0.01669904589653015,0.06500100344419479,-0.04271719232201576
1777498997588287232,-0.01637091115117073,0.06437529623508453,-0.04240285605192184
1777498997598084096,-0.01525325514376163,0.0635869950056076,-0.04199414327740669
1777498997607862016,-0.01407236699014902,0.0617586188018322,-0.04204738512635231
1777498997618080256,-0.01270006224513054,0.05988479033112526,-0.04243949055671692
1777498997628278784,-0.01128942519426346,0.05823524296283722,-0.04299850016832352
1777498997638457344,-0.009326535277068615,0.0580766573548317,-0.04376166313886642
1777498997648616704,-0.007745924405753613,0.05753424018621445,-0.04453388229012489
1777498997658756864,-0.006373243406414986,0.05722611397504807,-0.04484758153557777
1777498997668877056,-0.006316193845123053,0.05489354208111763,-0.04470647498965263
1777498997678977792,-0.007046428509056568,0.05326630920171738,-0.04435480758547783
1777498997689058816,-0.006896928418427706,0.05232776701450348,-0.04414372146129608
1777498997699120384,-0.005421095993369818,0.0508769154548645,-0.0442042350769043
1777498997709161984,-0.005481090862303972,0.04980966448783875,-0.04428564012050629
1777498997719183872,-0.005432130303233862,0.04863963276147842,-0.04457353055477142
1777498997729186816,-0.004476804286241531,0.04804496839642525,-0.04494066163897514
1777498997739170304,-0.003238954115658998,0.047530397772789,-0.04537737369537354
1777498997749134080,-0.002844142727553844,0.04701477289199829,-0.04577095434069633
1777498997759078400,-0.001581511693075299,0.04624373465776443,-0.04605854675173759
1777498997769003776,0.001284943777136505,0.04700776934623718,-0.04665974155068398
1777498997778909696,0.003876678412780166,0.04655282199382782,-0.04755157232284546
1777498997788796416,0.004779744427651167,0.04552594944834709,-0.04823137819766998
1777498997798663936,0.004455712158232927,0.04500836133956909,-0.04865116253495216
1777498997808516352,0.003608082421123981,0.04535814002156258,-0.04884401708841324
1777498997818352640,0.00401826947927475,0.04610210657119751,-0.04871892556548119
1777498997828169984,0.003799214959144592,0.04609943181276321,-0.04832136631011963
1777498997837968128,0.002976679475978017,0.04635743424296379,-0.04768186062574387
1777498997847747328,0.001656151260249317,0.04606049135327339,-0.04701849073171616
1777498997857971968,0.0005545978201553226,0.04760537669062614,-0.04666296765208244
1777498997868176896,-0.0005491628544405103,0.04847856238484383,-0.04648967459797859
1777498997878362624,-0.001804343773983419,0.04912776499986649,-0.04626122117042542
1777498997888528896,-0.00254214252345264,0.0500827319920063,-0.04603394120931625
1777498997898675712,-0.002421512501314282,0.05126819014549255,-0.04586988687515259
1777498997908802816,-0.001951550715602934,0.05233684182167053,-0.04570596292614937
1777498997918909952,-0.002107834676280618,0.05290599167346954,-0.04552420973777771
1777498997928997888,-0.002107925713062286,0.05357618629932404,-0.04534760490059853
1777498997939066112,-0.001426466042175889,0.05451641604304314,-0.04521100595593452
1777498997949114624,-0.000681776728015393,0.05567832663655281,-0.04502295330166817
1777498997959144192,-0.0004518726491369307,0.05627065896987915,-0.04472227022051811
1777498997969154816,-0.000678549928124994,0.0567447766661644,-0.04432251304388046
1777498997979145728,-0.0005900384276174009,0.0574299544095993,-0.04386505484580994
1777498997989119488,-0.0007528348942287266,0.05798784270882607,-0.04335609078407288
1777498997999076096,-0.001281695440411568,0.0582052655518055,-0.0427081324160099
1777498998009014016,-0.001777247409336269,0.05819012597203255,-0.04188241064548492
1777498998018932480,-0.00207633338868618,0.05825359374284744,-0.0409172847867012
1777498998028831744,-0.002337575424462557,0.05811675637960434,-0.03982914984226227
1777498998038711808,-0.002705482766032219,0.05759258568286896,-0.03863652795553207
1777498998048572672,-0.003118571359664202,0.05676727741956711,-0.03741969540715218
1777498998058414336,-0.003324856515973806,0.05588512122631073,-0.03622835502028465
1777498998068237312,-0.003510957583785057,0.05489590764045715,-0.03509432077407837
1777498998078041344,-0.00370001676492393,0.053691565990448,-0.03393023833632469
1777498998087826432,-0.003991375211626291,0.05226145684719086,-0.03271476924419403
1777498998098051840,-0.00399491935968399,0.0506613701581955,-0.03144513070583344
1777498998108257792,-0.003841865342110395,0.0486384779214859,-0.03019185364246368
1777498998118444032,-0.00366955972276628,0.04683152586221695,-0.02903042174875736
1777498998128610304,-0.00340938288718462,0.04494176059961319,-0.02796521410346031
1777498998138757120,-0.003098767716437578,0.0433022603392601,-0.02687134966254234
1777498998148884224,-0.003102583345025778,0.04134993627667427,-0.02565583027899265
1777498998158991872,-0.003603448858484626,0.03941091150045395,-0.024357995018363
1777498998169081088,-0.003932578954845667,0.03776690363883972,-0.02299751527607441
1777498998179150848,-0.004346267320215702,0.03614456951618195,-0.02160634659230709
1777498998189201152,-0.004608187824487686,0.03437343612313271,-0.02021717466413975
1777498998199231744,-0.004855778999626637,0.03261355683207512,-0.01891713589429855
1777498998209242880,-0.004729166626930237,0.03113329224288464,-0.01783309876918793
1777498998219234560,-0.004433672409504652,0.03022928722202778,-0.01694760844111443
1777498998229206784,-0.003963714465498924,0.02954311668872833,-0.01622642390429974
1777498998239159552,-0.003722494002431631,0.02884301543235779,-0.0155534241348505
1777498998249093376,-0.003867644118145108,0.0283727440983057,-0.01487977337092161
1777498998259007744,-0.004175157751888037,0.02823372185230255,-0.01429974939674139
1777498998268902656,-0.004667443223297596,0.02853317745029926,-0.0137212248519063
1777498998278778368,-0.00554543174803257,0.02897330746054649,-0.01312620285898447
1777498998288634880,-0.006049429532140493,0.02987020276486874,-0.01244028098881245
1777498998298472448,-0.005682301241904497,0.03060335852205753,-0.01186522003263235
1777498998308290816,-0.005654262844473124,0.03126584738492966,-0.01155550591647625
1777498998318090240,-0.006060064304620028,0.03211256861686707,-0.01154095027595758
1777498998327872000,-0.006157950963824987,0.03378244489431381,-0.01172621827572584
1777498998337870848,-0.005643292330205441,0.03584500774741173,-0.01204701326787472
1777498998348086528,-0.005383429583162069,0.037064079195261,-0.01228779926896095
1777498998358282496,-0.005141308531165123,0.03785693272948265,-0.01246984489262104
1777498998368459008,-0.004976979456841946,0.03870721906423569,-0.01270369347184896
1777498998378616064,-0.004629107657819986,0.04028455913066864,-0.01304675824940205
1777498998388754944,-0.003834998002275825,0.04180358350276947,-0.01344985701143742
1777498998398874112,-0.003645756980404258,0.04268736392259598,-0.01379953417927027
1777498998408973568,-0.003742161206901073,0.0432017408311367,-0.01409425679594278
1777498998419053056,-0.00371527555398643,0.04405525699257851,-0.01442261226475239
1777498998429113344,-0.003543049795553088,0.04493890330195427,-0.01480638515204191
1777498998439153920,-0.003822396509349346,0.04541704803705215,-0.01518733613193035
1777498998449174784,-0.0041729467920959,0.04544569924473763,-0.01553712505847216
1777498998459175936,-0.004591073375195265,0.04542481526732445,-0.01582961529493332
1777498998469158144,-0.004711199086159468,0.04577722027897835,-0.01613405533134937
1777498998479120896,-0.004567505791783333,0.04569960385560989,-0.01643948443233967
1777498998489064192,-0.004531438462436199,0.0450265035033226,-0.01677427254617214
1777498998498988288,-0.004540422931313515,0.04394377768039703,-0.01722249761223793
1777498998508892928,-0.00398058257997036,0.04321277514100075,-0.01788921467959881
1777498998518778368,-0.003061118302866817,0.04247052595019341,-0.01871019974350929
1777498998528644352,-0.002231922466307878,0.04134782776236534,-0.01956584677100182
1777498998538491136,-0.001613602507859468,0.03983217105269432,-0.02035687677562237
1777498998548325632,-0.0009013528469949961,0.03844494372606277,-0.02113639004528522
1777498998558141184,-6.13664960837923e-05,0.03721196949481964,-0.02190056256949902
1777498998567938048,0.0007000639452598989,0.03577441722154617,-0.02258417010307312
1777498998577944320,0.001433109398931265,0.03422566130757332,-0.02319445833563805
1777498998588160000,0.002144366968423128,0.03274854272603989,-0.02378897741436958
1777498998598355968,0.002701404504477978,0.03130108490586281,-0.02439101971685886
1777498998608533248,0.003101076930761337,0.02975023351609707,-0.02489549480378628
1777498998618690560,0.00270215212367475,0.02819242142140865,-0.02529856003820896
1777498998628828160,0.001831679604947567,0.02673666924238205,-0.02558599784970284
1777498998638946304,0.001072062528692186,0.02565604820847511,-0.02563631534576416
1777498998649044992,0.0008844083640724421,0.02412191033363342,-0.02549746446311474
1777498998659123968,-0.0003651310689747334,0.02180563658475876,-0.02543783374130726
1777498998669182976,-0.0009542032494209707,0.02002846263349056,-0.02557594142854214
1777498998679222528,-0.0006693757022731006,0.01892572641372681,-0.02596086822450161
1777498998689243392,0.0001152127588284202,0.01785802096128464,-0.02655636519193649
1777498998699246336,0.0005560239660553634,0.0164071936160326,-0.02722651138901711
1777498998709231872,0.001155147328972816,0.01519805658608675,-0.02789639309048653
1777498998719197952,0.001688782125711441,0.01424814946949482,-0.02859967201948166
1777498998729145088,0.001915022497996688,0.01354436110705137,-0.02929400093853474
1777498998739073024,0.002219602232798934,0.0130926351994276,-0.02993034385144711
1777498998748981760,0.003026304300874472,0.01233343500643969,-0.03046554327011108
1777498998758871296,0.003386448603123426,0.01130052376538515,-0.03105504065752029
1777498998768741632,0.003998820204287767,0.01080381870269775,-0.03177075460553169
1777498998778593792,0.004292187746614218,0.01034935284405947,-0.03269857540726662
1777498998788426752,0.004274392500519753,0.01048701070249081,-0.03364474698901176
1777498998798240512,0.004414768889546394,0.01099558919668198,-0.03444747626781464
1777498998808035328,0.004643974825739861,0.01149110961705446,-0.03517664968967438
1777498998818041344,0.004173036199063063,0.01156684476882219,-0.03563540801405907
1777498998828258560,0.003485588356852531,0.01126694679260254,-0.03589280322194099
1777498998838456064,0.002921845065429807,0.0113769331946969,-0.03611675277352333
1777498998848634112,0.0025339275598526,0.01176845375448465,-0.03644268214702606
1777498998858792704,0.002152282511815429,0.01218153163790703,-0.03669864684343338
1777498998868931072,0.001448857947252691,0.01284170988947153,-0.03690175712108612
1777498998879050240,0.0006051741074770689,0.01322156097739935,-0.03697073459625244
1777498998889149696,-9.530490933684632e-05,0.01379634905606508,-0.03694088011980057
1777498998899229696,-0.0004124802071601152,0.01440400630235672,-0.03688755631446838
1777498998909289984,-0.00102561351377517,0.01478190626949072,-0.03684010729193687
1777498998919330560,-0.001230919733643532,0.01488520577549934,-0.0367775596678257
1777498998929352192,-0.0007886146195232868,0.01527364179491997,-0.03679430857300758
1777498998939354624,0.0002250897232443094,0.01567379012703896,-0.0369691476225853
1777498998949337600,0.000924689753446728,0.01581235602498055,-0.03734630718827248
1777498998959301120,0.001297961571253836,0.01610385440289974,-0.03760933876037598
1777498998969245184,0.001558463787660003,0.01651901751756668,-0.03771407902240753
1777498998979173632,0.001911412458866835,0.01751646213233471,-0.03758359327912331
1777498998989083136,0.001928078709170222,0.01825739070773125,-0.03722237795591354
1777498998998973184,0.00116818118840456,0.01842866651713848,-0.03641372919082642
1777498999008843776,-0.0002195945708081126,0.01855797134339809,-0.03547244891524315
1777498999018695424,-0.001074676751159132,0.01924284547567368,-0.03462190553545952
1777498999028527872,-0.00169062486384064,0.01998431235551834,-0.03388888388872147
1777498999038341120,-0.003282873425632715,0.02018674649298191,-0.03315724059939384
1777498999048135424,-0.003927523735910654,0.0203308742493391,-0.03247030079364777
1777498999057911296,-0.003755551995709538,0.02071903645992279,-0.0319821685552597
1777498999068129536,-0.003348504425957799,0.02093379013240337,-0.03154566884040833
1777498999078328320,-0.003140771761536598,0.0211267676204443,-0.03117179684340954
1777498999088507648,-0.003044683253392577,0.02124271169304848,-0.03082486614584923
1777498999098667264,-0.00280073145404458,0.02115931361913681,-0.03051117435097694
1777498999108807168,-0.002748440485447645,0.02113745547831059,-0.03019740246236324
1777498999118927872,-0.002836649771779776,0.02077498286962509,-0.02979094535112381
1777498999129029632,-0.00299203023314476,0.02037006430327892,-0.02939708158373833
1777498999139112960,-0.002931195544078946,0.01999301090836525,-0.02903597243130207
1777498999149177344,-0.003056329907849431,0.019725376740098,-0.02875099144876003
1777498999159222016,-0.003115086583420634,0.01905796863138676,-0.02852114103734493
1777498999169247232,-0.003141572000458837,0.01852455362677574,-0.02836340665817261
1777498999179253248,-0.002989788772538304,0.01779510639607906,-0.02824537642300129
1777498999189239808,-0.002760885749012232,0.01744622923433781,-0.02818537689745426
1777498999199206656,-0.002457574009895325,0.0166185162961483,-0.02809577435255051
1777498999209154560,-0.001974416431039572,0.0158038642257452,-0.02803139761090279
1777498999219083264,-0.001327623846009374,0.01484750956296921,-0.02795910835266113
1777498999228992768,-0.0004054534656461328,0.01407904364168644,-0.0279037170112133
1777498999238882816,0.000613786221947521,0.01342698745429516,-0.02782214991748333
1777498999248753920,0.001470966497436166,0.01294541079550982,-0.02766004763543606
1777498999258606336,0.002162638818845153,0.01249029394239187,-0.02738338895142078
1777498999268439808,0.002585409907624125,0.01226781588047743,-0.02696423046290874
1777498999278254080,0.002451982581987977,0.01214905921369791,-0.02642868831753731
1777498999288050176,0.002294166246429086,0.01211896166205406,-0.02580286376178265
1777498999297827840,0.002258980879560113,0.01224809139966965,-0.02498983033001423
1777498999308051456,0.002183545613661408,0.01252489723265171,-0.02405698224902153
1777498999318255360,0.002157188253477216,0.01302445027977228,-0.0230442862957716
1777498999328439808,0.002064709085971117,0.01359321270138025,-0.02196714840829372
1777498999338604032,0.001940482179634273,0.01444511860609055,-0.02087727934122086
1777498999348749312,0.001692999270744622,0.01543024834245443,-0.01968353800475597
1777498999358875904,0.001779700047336519,0.01648383960127831,-0.01843372918665409
1777498999368983296,0.001044320641085505,0.01759861782193184,-0.01701287738978863
1777498999379070976,-0.0002525697054807097,0.01859600096940994,-0.01528643444180489
1777498999389139200,-0.001141504035331309,0.01977523602545261,-0.01331855077296495
1777498999399187968,-0.002369521418586373,0.020478131249547,-0.01134881936013699
1777498999409217024,-0.002991127083078027,0.02111345902085304,-0.009328246116638184
1777498999419226624,-0.002939243335276842,0.02175344154238701,-0.007334297522902489
1777498999429216768,-0.002569311065599322,0.02252207882702351,-0.005557029508054256
1777498999439187968,-0.002668648259714246,0.02278630807995796,-0.003860448952764273
1777498999449139712,-0.002819825429469347,0.02312116883695126,-0.002233101986348629
1777498999459071744,-0.002573685487732291,0.0234447680413723,-0.0005787053960375488
1777498999468984320,-0.002470309380441904,0.02372569218277931,0.001104558818042278
1777498999478877696,-0.003564591519534588,0.0234316773712635,0.002913419855758548
1777498999488751872,-0.004701639525592327,0.02269220165908337,0.004608364310115576
1777498999498606848,-0.004972083494067192,0.02292120829224586,0.006244048941880465
1777498999508445696,-0.006271538324654102,0.02295610867440701,0.007804155815392733
1777498999518269440,-0.006428838707506657,0.02183354645967484,0.009207042865455151
1777498999528074240,-0.006544574163854122,0.0206365343183279,0.01052618492394686
1777498999537860352,-0.006032513454556465,0.01991044543683529,0.01175792049616575
1777498999548084992,-0.005160173401236534,0.01805719174444675,0.01301620807498693
1777498999558289920,-0.004564155824482441,0.01672385632991791,0.01422618795186281
1777498999568475136,-0.003947435412555933,0.01505622826516628,0.01542927138507366
1777498999578640384,-0.00332113984040916,0.01330141723155975,0.01666852459311485
1777498999588785920,-0.002743106102570891,0.01130409445613623,0.01805147901177406
1777498999598912000,-0.002150982385501266,0.008956324309110641,0.01958988234400749
1777498999609018112,-0.00200854055583477,0.006501609459519386,0.0212076622992754
1777498999619105024,-0.002240873174741864,0.004008175805211067,0.02277313359081745
1777498999629172224,-0.002687796019017696,0.001590835861861706,0.02419964969158173
1777498999639219968,-0.003635551547631621,-0.0008619406726211309,0.02546912990510464
1777498999649251328,-0.004882385488599539,-0.003462684340775013,0.02659275941550732
1777498999659263488,-0.006366024725139141,-0.00588143989443779,0.0273229293525219
1777498999669255936,-0.01093314215540886,-0.009863666258752346,0.02675607427954674
1777498999679228928,-0.01186796557158232,-0.01095026358962059,0.02682063914835453
1777498999689183232,-0.01154437195509672,-0.01183430571109056,0.0280467476695776
1777498999699118336,-0.007199349347501993,-0.01051468588411808,0.02821439318358898
1777498999709034240,-0.004972339607775211,-0.01119407452642918,0.02394953370094299
1777498999718931200,-0.003637608140707016,-0.01261202432215214,0.01859688572585583
1777498999728809216,-0.00363058433867991,-0.01423480361700058,0.01475055143237114
1777498999738668032,-0.003207961563020945,-0.01504055690020323,0.01214415114372969
1777498999748507392,-0.004281066823750734,-0.01481698732823133,0.01011498738080263
1777498999758327808,-0.004245592281222343,-0.01409473177045584,0.009088754653930664
1777498999768128768,-0.004600415006279945,-0.01402232423424721,0.008600860834121704
1777498999777910784,-0.004273243714123964,-0.01503344532102346,0.008593019098043442
1777498999787909376,-0.003972547128796577,-0.01461683958768845,0.008841613307595253
1777498999798123776,-0.005162076093256474,-0.01541743520647287,0.00900238286703825
1777498999808318464,-0.004895363003015518,-0.01514826621860266,0.009111533872783184
1777498999818492928,-0.005008058622479439,-0.01534351799637079,0.009044008329510689
1777498999828647680,-0.005159677471965551,-0.01520546153187752,0.00912216491997242
1777498999838782720,-0.005098837427794933,-0.01541046146303415,0.009662761352956295
1777498999848898304,-0.004549488425254822,-0.01548277400434017,0.01051792781800032
1777498999858993920,-0.004561593290418386,-0.01543519645929337,0.01176378410309553
1777498999869069824,-0.004037836566567421,-0.01541395485401154,0.0132519667968154
1777498999879126016,-0.003014006186276674,-0.01574290171265602,0.01464326865971088
1777498999889164800,-0.002574267564341426,-0.01587950251996517,0.01583048328757286
1777498999899185408,-0.002604487584903836,-0.01591845788061619,0.01676797680556774
1777498999909186816,-0.002038157312199473,-0.01578554697334766,0.01770232431590557
1777498999919168512,-0.002914821961894631,-0.0156336035579443,0.01842893101274967
1777498999929131520,-0.003477861639112234,-0.01583855226635933,0.01910822838544846
1777498999939075072,-0.004154072608798742,-0.01541116554290056,0.01958438567817211
1777498999948998912,-0.00386598939076066,-0.01555488910526037,0.01992470026016235
1777498999958903552,-0.003876046743243933,-0.01531610451638699,0.02005383744835854
1777498999968789248,-0.003748869989067316,-0.01571768522262573,0.01995849795639515
1777498999978655744,-0.003628210863098502,-0.01559634227305651,0.01956023648381233
1777498999988503296,-0.003448700299486518,-0.0156521387398243,0.01891637593507767
1777498999998331392,-0.003084241645410657,-0.01573733612895012,0.01813088543713093
1777499000008140288,-0.002478820038959384,-0.01597310602664948,0.01723446510732174
1777499000017930240,-0.002175883390009403,-0.01591030694544315,0.01627478934824467
1777499000027933184,-0.002417355077341199,-0.01608807221055031,0.01536655146628618
1777499000038149632,-0.002535968786105514,-0.0160919725894928,0.01451840344816446
1777499000048346624,-0.002340489998459816,-0.01601981930434704,0.01373039465397596
1777499000058524160,-0.002231567865237594,-0.01595740020275116,0.013020945712924
1777499000068681984,-0.002079321537166834,-0.01599288359284401,0.01229030825197697
1777499000078819840,-0.002059526741504669,-0.0159678366035223,0.01163906138390303
1777499000088938240,-0.002240695990622044,-0.01593981310725212,0.01120782643556595
1777499000099036928,-0.00227230042219162,-0.01593375205993652,0.01093876734375954
1777499000109116160,-0.002328976057469845,-0.01587872207164764,0.01078939065337181
1777499000119175680,-0.002372521674260497,-0.01587174274027348,0.01076679769903421
1777499000129217280,-0.00221019983291626,-0.01592635922133923,0.01089919451624155
1777499000139241216,-0.002180540934205055,-0.01593323238193989,0.01123810186982155
1777499000149245696,-0.002139438176527619,-0.01600766554474831,0.01168256811797619
1777499000159230464,-0.00211740517988801,-0.01608802191913128,0.01217740308493376
1777499000169196032,-0.002201030030846596,-0.01605918817222118,0.01269430946558714
1777499000179142144,-0.002282057190313935,-0.01613275706768036,0.01327951811254025
1777499000189068800,-0.00240580178797245,-0.01615293696522713,0.01385131478309631
1777499000198976256,-0.002442794851958752,-0.01622721552848816,0.01436969265341759
1777499000208864512,-0.002382000209763646,-0.01620836183428764,0.01480201818048954
1777499000218733568,-0.002303279936313629,-0.01619758084416389,0.01515879109501839
1777499000228583168,-0.002335017547011375,-0.01620442606508732,0.01546239387243986
1777499000238413568,-0.002384362509474158,-0.01621829718351364,0.01566723547875881
1777499000248224768,-0.002446695463731885,-0.01623163186013699,0.01572629623115063
1777499000258017024,-0.002418012823909521,-0.01621139980852604,0.01564488746225834
1777499000268021760,-0.002400970086455345,-0.01620640978217125,0.01546516735106707
1777499000278238976,-0.002420302713289857,-0.01621693558990955,0.01523946318775415
1777499000288436224,-0.002456010552123189,-0.01620991341769695,0.01497416570782661
1777499000298614272,-0.002521048299968243,-0.01620470918715,0.01468339096754789
1777499000308772352,-0.002573730191215873,-0.01619371771812439,0.01437603961676359
1777499000318910720,-0.002513615414500237,-0.01619310118257999,0.01404566038399935
1777499000329029376,-0.002542934380471706,-0.01616260781884193,0.01376293133944273
1777499000339128064,-0.002564396942034364,-0.01623033918440342,0.01356086973100901
1777499000349207296,-0.002631359733641148,-0.01618509367108345,0.01340517681092024
1777499000359266816,-0.002646405017003417,-0.01613919995725155,0.01329348236322403
1777499000369306624,-0.0025624162517488,-0.0161279421299696,0.01325656473636627
1777499000379327232,-0.002598742954432964,-0.01618183590471745,0.0133225079625845
1777499000389329664,-0.002556090475991368,-0.01620444841682911,0.01343070901930332
1777499000399314432,-0.002447515493258834,-0.01616498827934265,0.01355584617704153
1777499000409279744,-0.002448550425469875,-0.01616823859512806,0.01373543310910463
1777499000419225344,-0.0024424500297755,-0.01615137606859207,0.0139369610697031
1777499000429152256,-0.002436990151181817,-0.01618014834821224,0.01410157140344381
1777499000439059968,-0.00241831480525434,-0.01618572697043419,0.0142577076330781
1777499000448947968,-0.002440061187371612,-0.01618345268070698,0.01439637970179319
1777499000458817024,-0.002438615309074521,-0.01619714871048927,0.01448202691972256
1777499000468666880,-0.002413146197795868,-0.01617181859910488,0.01449520327150822
1777499000478498048,-0.00240416219457984,-0.01618264615535736,0.01445816922932863
1777499000488309760,-0.002417354844510555,-0.01618835516273975,0.01438022777438164
1777499000498102528,-0.002388509456068277,-0.01619104109704494,0.01426092721521854
1777499000507876352,-0.002420302480459213,-0.01617110334336758,0.01413732394576073
1777499000518094592,-0.002463652519509196,-0.01617209240794182,0.01401756796985865
1777499000528292864,-0.002502867020666599,-0.01618974469602108,0.01391409803181887
1777499000538471680,-0.002546811010688543,-0.01617883332073689,0.01383015047758818
1777499000548631040,-0.00258919969201088,-0.01617415994405746,0.01377263572067022
1777499000558771456,-0.002608323004096746,-0.0161677747964859,0.01374788582324982
1777499000568892416,-0.002605880610644817,-0.01616953313350677,0.01375872641801834
1777499000578993664,-0.002592403441667557,-0.01618331857025623,0.0138014480471611
1777499000589075712,-0.002557915868237615,-0.01618405058979988,0.01387210190296173
1777499000599138304,-0.002527159405872226,-0.01617765799164772,0.01396261807531118
1777499000609181184,-0.002489675302058458,-0.01616878062486649,0.01406645588576794
1777499000619204608,-0.002452997257933021,-0.01617604121565819,0.01415429264307022
1777499000629209088,-0.002419405383989215,-0.01616336964070797,0.01422715559601784
1777499000639195136,-0.002414414426311851,-0.0161625575274229,0.01427635364234447
1777499000649161472,-0.00240704114548862,-0.01615848764777184,0.01429449766874313
1777499000659108608,-0.002415871014818549,-0.01615429110825062,0.0142847653478384
1777499000669036288,-0.002406877931207418,-0.01614255271852016,0.01423420384526253
1777499000678944512,-0.002389254746958613,-0.01613340340554714,0.01415401138365269
1777499000688838912,-0.002422763034701347,-0.01612817496061325,0.01406187377870083
1777499000698714112,-0.002447405597195029,-0.01614558510482311,0.01397382747381926
1777499000708570368,-0.002486373763531446,-0.01613718643784523,0.01388573925942183
1777499000718407680,-0.002507311059162021,-0.01613043062388897,0.01380663271993399
1777499000728225536,-0.002523161005228758,-0.01613245718181133,0.01375553570687771
1777499000738024448,-0.002548153046518564,-0.01612580753862858,0.01374235283583403
1777499000747804160,-0.00253407983109355,-0.0161218736320734,0.01375779137015343
1777499000758023168,-0.002514844294637442,-0.01611349172890186,0.01378966029733419
1777499000768222720,-0.002509499434381723,-0.01612751930952072,0.01385878399014473
1777499000778402816,-0.002472701016813517,-0.01611064374446869,0.01393688470125198
1777499000788563712,-0.002449295483529568,-0.01612604781985283,0.01401968952268362
1777499000798705152,-0.00243238965049386,-0.01610875874757767,0.01409740466624498
1777499000808827392,-0.002417814219370484,-0.016124052926898,0.01417083665728569
1777499000818930176,-0.002399408258497715,-0.01612446829676628,0.01421975623816252
1777499000829013760,-0.002403426449745893,-0.01612523011863232,0.0142423352226615
1777499000839077376,-0.002406924730166793,-0.01612373813986778,0.0142397740855813
1777499000849121792,-0.002411333378404379,-0.01612048223614693,0.01420754287391901
1777499000859147264,-0.002427635714411736,-0.01612292975187302,0.01416073366999626
1777499000869153792,-0.002439791802316904,-0.01612723991274834,0.01409295666962862
1777499000879140608,-0.002464671852067113,-0.01612315699458122,0.01402043085545301
1777499000889107968,-0.002480019815266132,-0.01612630486488342,0.01394844055175781
1777499000899058176,-0.002490492537617683,-0.01613027602434158,0.01389650162309408
1777499000908991232,-0.002504494274035096,-0.0161282867193222,0.01385567523539066
1777499000918904832,-0.002495433669537306,-0.01612521708011627,0.01383785810321569
1777499000928799744,-0.0024887565523386,-0.01611919701099396,0.01384238619357347
1777499000938675712,-0.002487580990418792,-0.01611827313899994,0.01386876683682203
1777499000948532480,-0.002465123310685158,-0.01611053571105003,0.01390470564365387
1777499000958370048,-0.002454067813232541,-0.01611016690731049,0.01394913624972105
1777499000968188416,-0.002446025842800736,-0.01611251942813396,0.01400487218052149
1777499000977987840,-0.002438046270981431,-0.01611133851110935,0.01405593939125538
1777499000987768576,-0.002426606137305498,-0.01610530912876129,0.01409399881958961
1777499000997993728,-0.002430415246635675,-0.01612037420272827,0.01411001570522785
1777499001008199168,-0.002487149322405457,-0.01626456342637539,0.01392311695963144
1777499001018385152,-0.001934120897203684,-0.01629678159952164,0.01375249028205872
1777499001028551424,-0.002350419526919723,-0.01665475405752659,0.01361307501792908
1777499001038698240,-0.002426148392260075,-0.0164373517036438,0.01346849277615547
1777499001048826368,-0.002135404152795672,-0.01618502102792263,0.01348478253930807
1777499001058936064,-0.00237107090651989,-0.01598040573298931,0.01374785974621773
1777499001069025792,-0.002541827270761132,-0.01596313714981079,0.01411070208996534
1777499001079096320,-0.002391287125647068,-0.01615960337221622,0.01428670808672905
1777499001089147392,-0.00245616864413023,-0.01637556217610836,0.01434327755123377
1777499001099178752,-0.00246302830055356,-0.01617352105677128,0.01426914427429438
1777499001109190656,-0.002521098824217916,-0.0162375308573246,0.01404222100973129
1777499001119182848,-0.00258226809091866,-0.01603131182491779,0.01371485646814108
1777499001129155840,-0.002529459074139595,-0.01601323671638966,0.01343026384711266
1777499001139109632,-0.002507507568225265,-0.01610350236296654,0.01328762248158455
1777499001149044480,-0.002568693133071065,-0.0161450058221817,0.01330884266644716
1777499001158960128,-0.002490233164280653,-0.01612565107643604,0.01350833289325237
1777499001168856320,-0.002557365223765373,-0.01605507917702198,0.01380928792059422
1777499001178733312,-0.002528514945879579,-0.01608029939234257,0.01407048106193542
1777499001188591104,-0.002419651485979557,-0.01615604013204575,0.01417264062911272
1777499001198429696,-0.002502183895558119,-0.01616684533655643,0.01413459982722998
1777499001208249856,-0.002521133748814464,-0.01612612791359425,0.01402513589709997
1777499001218051584,-0.002414203714579344,-0.01603228785097599,0.01393875386565924
1777499001227834112,-0.002441928023472428,-0.0160389319062233,0.01395161543041468
1777499001237837056,-0.002485333476215601,-0.01610246300697327,0.01403140556067228
1777499001248051968,-0.002429871121421456,-0.01610612310469151,0.01410432066768408
1777499001258247168,-0.0024200021289289,-0.01610470563173294,0.01415233500301838
1777499001268422656,-0.002446491504088044,-0.01615414954721928,0.01412848010659218
1777499001278578688,-0.002526880940422416,-0.01612461172044277,0.0140090212225914
1777499001288714752,-0.002539541805163026,-0.01606854051351547,0.01382623799145222
1777499001298831360,-0.00250019901432097,-0.01605574041604996,0.01366523001343012
1777499001308930304,-0.002565891714766622,-0.01610569655895233,0.01360005792230368
1777499001319009792,-0.002558700507506728,-0.01608839258551598,0.01360949873924255
1777499001329070080,-0.002515512052923441,-0.01606592535972595,0.01366537716239691
1777499001339111424,-0.002512023784220219,-0.01606797985732555,0.0137317618355155
1777499001349133824,-0.002532205544412136,-0.01610615290701389,0.01376031804829836
1777499001359136512,-0.002512681065127254,-0.01610548421740532,0.01374650374054909
1777499001369119744,-0.002491055754944682,-0.0160655714571476,0.01373384054750204
1777499001379083776,-0.002501434879377484,-0.01605906896293163,0.01375336106866598
1777499001389029120,-0.002495424123480916,-0.01606611348688602,0.01379084121435881
1777499001398955520,-0.002472348744049668,-0.01607263647019863,0.01385405939072371
1777499001408862464,-0.002470359904691577,-0.01608936488628387,0.01393279060721397
1777499001418750208,-0.002459802431985736,-0.01610250771045685,0.01398816239088774
1777499001428618496,-0.002463938435539603,-0.01610005460679531,0.0139909265562892
1777499001438468096,-0.002475596265867352,-0.01608953438699245,0.01395229436457157
1777499001448298240,-0.002484714146703482,-0.01609881594777107,0.01391222700476646
1777499001458109440,-0.002491857390850782,-0.0161008145660162,0.01387615874409676
1777499001467903232,-0.002496839733794332,-0.01609841920435429,0.01385542098432779
1777499001477911552,-0.002485057804733515,-0.01609345711767673,0.01385752856731415
1777499001488127488,-0.002488679951056838,-0.01609295420348644,0.01387438550591469
1777499001498324224,-0.002491054823622108,-0.01610106788575649,0.01387657504528761
1777499001508501248,-0.002485585864633322,-0.01609157584607601,0.01386187877506018
1777499001518658304,-0.002491419902071357,-0.01608256995677948,0.01384174637496471
1777499001528795392,-0.002489678328856826,-0.01608181558549404,0.01383902039378881
1777499001538913536,-0.002497151959687471,-0.01608016155660152,0.01384422928094864
1777499001549013504,-0.002487580990418792,-0.01608288288116455,0.01385435648262501
1777499001559094272,-0.002483788644894958,-0.01609570346772671,0.01387425139546394
1777499001569155584,-0.002491340739652514,-0.01609498634934425,0.01389154884964228
1777499001579197440,-0.002496436703950167,-0.01609532721340656,0.01388319116085768
1777499001589220352,-0.00249921646900475,-0.01608674041926861,0.01385303400456905
1777499001599224064,-0.002505786251276731,-0.01609210483729839,0.01382814534008503
1777499001609208064,-0.002505713375285268,-0.01609446667134762,0.01381066162139177
1777499001619172608,-0.002509519457817078,-0.01609218865633011,0.01379921473562717
1777499001629118976,-0.002515583764761686,-0.01608802750706673,0.01379406079649925
1777499001639045888,-0.002513117389753461,-0.01609156839549541,0.01379627641290426
1777499001648953856,-0.002514258725568652,-0.01609678566455841,0.01379926968365908
1777499001658842368,-0.002511393511667848,-0.01609307527542114,0.01379722822457552
1777499001668711680,-0.002503796480596066,-0.01609339937567711,0.01379925478249788
1777499001678562048,-0.002500962466001511,-0.01609390787780285,0.01381122879683971
1777499001688393216,-0.002489353530108929,-0.0160966943949461,0.01383732631802559
1777499001698205440,-0.002488146768882871,-0.01609824784100056,0.01386605110019445
1777499001707999744,-0.002473956672474742,-0.01610097102820873,0.01389541197568178
1777499001718005248,-0.002470923122018576,-0.01609925739467144,0.01391811110079288
1777499001728221952,-0.002476500580087304,-0.01608949899673462,0.01392757054418325
1777499001738418944,-0.002484476426616311,-0.01608671247959137,0.01392022240906954
1777499001748596736,-0.00248617772012949,-0.0160810723900795,0.01390507724136114
1777499001758755072,-0.002479847753420472,-0.01608128100633621,0.01389299891889095
1777499001768893952,-0.002485048025846481,-0.01608016528189182,0.01388017926365137
1777499001779013120,-0.002489656675606966,-0.01607469469308853,0.01385599467903376
1777499001789112832,-0.002495930064469576,-0.01607382111251354,0.01382878981530666
1777499001799193088,-0.002490630373358727,-0.01607082225382328,0.01380809769034386
1777499001809253888,-0.002488990779966116,-0.01607368513941765,0.01379030011594296
1777499001819294976,-0.002491927240043879,-0.01607939228415489,0.01377699617296457
1777499001829318144,-0.002490094862878323,-0.01607795059680939,0.01376976724714041
1777499001839325184,-0.002490656450390816,-0.01608250290155411,0.01377423759549856
1777499001849312768,-0.002482005627825856,-0.01608696207404137,0.01379059720784426
1777499001859281152,-0.0024748002178967,-0.01608475111424923,0.01381231565028429
1777499001869230336,-0.002477304078638554,-0.01608886756002903,0.01383059099316597
1777499001879160576,-0.00247523351572454,-0.01609579473733902,0.01385318487882614
1777499001889071616,-0.002465153345838189,-0.01610028930008411,0.01387717667967081
1777499001898963200,-0.002455551410093904,-0.01609588973224163,0.01388710550963879
1777499001908835584,-0.002456191228702664,-0.01609346829354763,0.01390097104012966
1777499001918689792,-0.00244784215465188,-0.0160909965634346,0.01390742044895887
1777499001928524800,-0.0024482780136168,-0.01608914881944656,0.01390495337545872
1777499001938340864,-0.00245131622068584,-0.01608898118138313,0.01389424782246351
1777499001948138240,-0.002457702998071909,-0.01608914695680141,0.01388109009712934
1777499001957916416,-0.002454690868034959,-0.01609660685062408,0.01386956218630075
1777499001968134144,-0.002457901136949658,-0.01609236747026443,0.01385628897696733
1777499001978332416,-0.00246199150569737,-0.01608799025416374,0.01384476572275162
1777499001988510976,-0.002466025063768029,-0.01609079539775848,0.01384300366044044
1777499001998670848,-0.002470362465828657,-0.01609687134623528,0.01384181808680296
1777499002008811008,-0.002465378260239959,-0.01609514839947224,0.01384051144123077
1777499002018932224,-0.002464566146954894,-0.01608969829976559,0.01383915916085243
1777499002029033728,-0.002474387641996145,-0.01608175784349442,0.01384693942964077
1777499002039116544,-0.002477601170539856,-0.01607865653932095,0.01385609805583954
1777499002049179904,-0.002476772759109735,-0.01606906019151211,0.01385883055627346
1777499002059223808,-0.002470602281391621,-0.01606850884854794,0.01386347599327564
1777499002069248256,-0.002474055159837008,-0.01607727073132992,0.01386618986725807
1777499002079255552,-0.002472275402396917,-0.01607530191540718,0.01386679243296385
1777499002089244928,-0.002469033701345325,-0.01607816480100155,0.01386387925595045
1777499002099214848,-0.002473753876984119,-0.01607589796185493,0.01386391837149858
1777499002109165312,-0.002469998085871339,-0.01607822626829147,0.01386167295277119
1777499002119096832,-0.002472083084285259,-0.01607724837958813,0.01385110151022673
1777499002129009152,-0.002471423242241144,-0.01608113944530487,0.01384911593049765
1777499002138902272,-0.002475311513990164,-0.01608007401227951,0.01384617388248444
1777499002148775680,-0.002476681489497423,-0.01607516780495644,0.0138471582904458
1777499002158630400,-0.002474368782714009,-0.01607483066618443,0.01385377068072557
1777499002168466176,-0.002478238195180893,-0.01607883162796497,0.01385896746069193
1777499002178283008,-0.002476858673617244,-0.01608312129974365,0.01387006416916847
1777499002188080384,-0.002473060274496675,-0.01608236506581306,0.01387698482722044
1777499002197858560,-0.002472428372129798,-0.01607973501086235,0.0138816274702549
1777499002208082432,-0.00246997456997633,-0.01607809960842133,0.01388108264654875
1777499002218286592,-0.0024604182690382,-0.01608086004853249,0.01388234086334705
1777499002228470528,-0.002457342343404889,-0.016084099188447,0.01387849636375904
1777499002238635008,-0.002460602438077331,-0.01608487404882908,0.01387347374111414
1777499002248780800,-0.002460690448060632,-0.01608648709952831,0.01386448461562395
1777499002258907392,-0.002463182667270303,-0.01608397625386715,0.01385662890970707
1777499002269014528,-0.002464127726852894,-0.01608612388372421,0.0138496607542038
1777499002279102208,-0.002466876059770584,-0.01608497835695744,0.01384466141462326
1777499002289170688,-0.002463017823174596,-0.01607953198254108,0.01383790280669928
1777499002299219456,-0.002464876975864172,-0.01607977971434593,0.01383647229522467
1777499002309249024,-0.002468417398631573,-0.01607474870979786,0.01383454538881779
1777499002319258880,-0.002467195270583034,-0.01608173921704292,0.01383618731051683
1777499002329249536,-0.002468669321388006,-0.01608659885823727,0.01384316757321358
1777499002339221248,-0.00246959668584168,-0.0160846896469593,0.01385262329131365
1777499002349173504,-0.002465414581820369,-0.01608638651669025,0.01386385783553123
1777499002359106304,-0.002457238966599107,-0.01608495786786079,0.0138706099241972
1777499002369019392,-0.002459888812154531,-0.01607830449938774,0.01387733034789562
1777499002378913280,-0.002452420070767403,-0.01607990078628063,0.01388055365532637
1777499002388787968,-0.002454305533319712,-0.01608146540820599,0.01388248149305582
1777499002398643200,-0.002454875269904733,-0.01607438549399376,0.01388112548738718
1777499002408480000,-0.002457458060234785,-0.01607910729944706,0.01387133169919252
1777499002418297856,-0.002458792645484209,-0.01607704721391201,0.01386548858135939
1777499002428096768,-0.002456016605719924,-0.01607678271830082,0.01385757513344288
1777499002437876736,-0.002450245432555676,-0.01607106812298298,0.0138463331386447
1777499002448102144,-0.002450941130518913,-0.01607155613601208,0.01383986137807369
1777499002458307840,-0.002449911087751389,-0.01607481576502323,0.01383375748991966
1777499002468493824,-0.00244822446256876,-0.01607776992022991,0.0138313677161932
1777499002478659840,-0.002450879197567701,-0.01607511192560196,0.01382813043892384
1777499002488805632,-0.002449755324050784,-0.01606928557157516,0.0138282123953104
1777499002498932992,-0.002445335034281015,-0.01607596129179001,0.01382962241768837
1777499002509041408,-0.002439235104247928,-0.01607850380241871,0.01383494772017002
1777499002519130368,-0.002436227630823851,-0.01608126051723957,0.01384302042424679
1777499002529199360,-0.002436037641018629,-0.01607940346002579,0.01384309399873018
1777499002539249152,-0.002437318908050656,-0.01607335172593594,0.01384868938475847
1777499002549279232,-0.002431804081425071,-0.01607224904000759,0.01385129522532225
1777499002559289600,-0.002428616397082806,-0.01607102528214455,0.01385446824133396
1777499002569280512,-0.002435368485748768,-0.01607275009155273,0.01385082583874464
1777499002579251968,-0.002433548681437969,-0.01606644503772259,0.01385179907083511
1777499002589204480,-0.002431423403322697,-0.01606769487261772,0.01384820602834225
1777499002599137536,-0.002432662760838866,-0.0160672515630722,0.01383942924439907
1777499002609051392,-0.002428482053801417,-0.01606478914618492,0.01383678801357746
1777499002618946048,-0.00242911372333765,-0.01607124507427216,0.01382997818291187
1777499002628821248,-0.002432443201541901,-0.01607708632946014,0.01382335368543863
1777499002638676992,-0.002441787160933018,-0.0160737968981266,0.0138147147372365
1777499002648514048,-0.00243782764300704,-0.01606926880776882,0.01381339505314827
1777499002658332672,-0.002434828085824847,-0.01607146672904491,0.01381047442555428
1777499002668132608,-0.00243495381437242,-0.01607785001397133,0.0138180535286665
1777499002677920256,-0.002426556078717113,-0.01607293635606766,0.01381833199411631
1777499002687921664,-0.002426299499347806,-0.01606283336877823,0.01382245216518641
1777499002698135552,-0.00241940445266664,-0.01606808044016361,0.01382536720484495
1777499002708329472,-0.002413781825453043,-0.01606940850615501,0.01382981427013874
1777499002718504448,-0.002412257948890328,-0.01606839708983898,0.01382676605135202
1777499002728659456,-0.002408596687018871,-0.01606817357242107,0.01382430270314217
1777499002738795264,-0.002405376406386495,-0.01606862805783749,0.01382261235266924
1777499002748910848,-0.002407553140074015,-0.01606475003063679,0.01382049452513456
1777499002759007488,-0.002408288884907961,-0.01606663502752781,0.01382198184728622
1777499002769083904,-0.002408608794212341,-0.0160641185939312,0.01381766237318516
1777499002779141120,-0.002406625542789698,-0.01605897583067417,0.01380802970379591
1777499002789178624,-0.002405145205557346,-0.01605645753443241,0.01380883529782295
1777499002799196928,-0.00239957426674664,-0.01605657301843166,0.01381056755781174
1777499002809195776,-0.002402652520686388,-0.01605754345655441,0.01381687168031931
1777499002819174912,-0.002399674616754055,-0.0160614512860775,0.01382072642445564
1777499002829134592,-0.002394664334133267,-0.01606799848377705,0.01381798926740885
1777499002839074816,-0.002398313255980611,-0.01606907695531845,0.01382236741483212
1777499002848995840,-0.002397187985479832,-0.0160674974322319,0.01382589247077703
1777499002858903040,-0.002399136079475284,-0.01606231741607189,0.01382469106465578
1777499002868791040,-0.00240033701993525,-0.01606076955795288,0.01382347289472818
1777499002878659584,-0.00240784976631403,-0.01605952903628349,0.0138214873149991
1777499002888508928,-0.002411000896245241,-0.01606430299580097,0.01381975784897804
1777499002898339328,-0.002414168789982796,-0.01606528460979462,0.01380918174982071
1777499002908150528,-0.002417235169559717,-0.01606963388621807,0.01380892470479012
1777499002917942272,-0.002417061710730195,-0.01606627367436886,0.01380891725420952
1777499002927946240,-0.002416890347376466,-0.0160641260445118,0.01380730606615543
1777499002938161664,-0.002414772054180503,-0.01606884598731995,0.01380814053118229
1777499002948357120,-0.002418377669528127,-0.01606683991849422,0.01381234172731638
1777499002958533632,-0.00241733924485743,-0.01606550812721252,0.01381447538733482
1777499002968690432,-0.002421603538095951,-0.01606623642146587,0.01381825283169746
1777499002978827264,-0.002423618221655488,-0.01606544852256775,0.01381349563598633
1777499002988944384,-0.002414609538391232,-0.0160613227635622,0.01381569169461727
1777499002999042048,-0.002408405300229788,-0.01605340652167797,0.01381697226315737
1777499003009119744,-0.00240806583315134,-0.01605553552508354,0.01382063422352076
1777499003019177728,-0.002407315419986844,-0.0160498321056366,0.01382186636328697
1777499003029216512,-0.002410530811175704,-0.0160521324723959,0.01381911709904671
1777499003039239168,-0.002422106917947531,-0.0160514060407877,0.01381590031087399
1777499003049242112,-0.002417950658127666,-0.0160521287471056,0.01381744910031557
1777499003059225600,-0.002419117605313659,-0.0160468053072691,0.01381482090801001
1777499003069189632,-0.002419641939923167,-0.01604180224239826,0.01381324697285891
1777499003079134720,-0.00241792225278914,-0.01603572256863117,0.01381378155201674
1777499003089060352,-0.00242049852386117,-0.01603756286203861,0.01381958555430174
1777499003098966784,-0.002424717415124178,-0.01603646948933601,0.0138184567913413
1777499003108854272,-0.002427414292469621,-0.01603632420301437,0.01381692476570606
1777499003118723072,-0.002430260647088289,-0.01603857986629009,0.01381287164986134
1777499003128572672,-0.002428655978292227,-0.01604189909994602,0.01381128374487162
1777499003138402816,-0.002425257349386811,-0.01604270748794079,0.01381203532218933
1777499003148214016,-0.002423797734081745,-0.01603914797306061,0.01381465885788202
1777499003158005760,-0.002427459694445133,-0.01604755409061909,0.01381677575409412
1777499003168010240,-0.002420419128611684,-0.01604482345283031,0.0138225881382823
1777499003178226944,-0.002420079428702593,-0.01604079827666283,0.01382360979914665
1777499003188424448,-0.002422699937596917,-0.01604332774877548,0.01381795108318329
1777499003198602752,-0.002417797688394785,-0.01604671776294708,0.01381735410541296
1777499003208761344,-0.002419273601844907,-0.01604925841093063,0.01381964609026909
1777499003218899968,-0.002418274525552988,-0.01604448817670345,0.01381274033337831
1777499003229019136,-0.002420285483822227,-0.0160428024828434,0.01381377410143614
1777499003239118592,-0.00240795430727303,-0.01605036668479443,0.01380577869713306
1777499003249198336,-0.002400533528998494,-0.01604406349360943,0.01380753796547651
1777499003259258368,-0.002394718118011951,-0.01604064553976059,0.01380671188235283
1777499003269298944,-0.002395367715507746,-0.01604248583316803,0.01381455641239882
1777499003279320320,-0.002399540040642023,-0.01604329794645309,0.01381678599864244
1777499003289322496,-0.002401039935648441,-0.01604156941175461,0.01381941325962543
1777499003299308800,-0.002400553319603205,-0.01604196056723595,0.01382409501820803
1777499003309275904,-0.002396230585873127,-0.01604285463690758,0.01381667517125607
1777499003319223552,-0.002389153465628624,-0.0160470400005579,0.01381885167211294
1777499003329151744,-0.002388649852946401,-0.01604464277625084,0.01381469983607531
1777499003339060992,-0.002386847510933876,-0.01603944972157478,0.01381291076540947
1777499003348950784,-0.002387129934504628,-0.01603980548679829,0.01380929350852966
1777499003358821632,-0.00239015556871891,-0.01604094542562962,0.01380973216146231
1777499003368673280,-0.0023882279638201,-0.01604324206709862,0.01380682736635208
1777499003378506240,-0.002384717110544443,-0.0160434152930975,0.0138041665777564
1777499003388320000,-0.002388029126450419,-0.01604335382580757,0.01380161195993423
1777499003398114560,-0.002393984468653798,-0.01603970676660538,0.01379901636391878
1777499003407889664,-0.002390320179983974,-0.01603563316166401,0.01379888784140348
1777499003418108160,-0.002384811639785767,-0.01603607833385468,0.01379758585244417
1777499003428307200,-0.002384349470958114,-0.01603339612483978,0.01380006317049265
1777499003438487040,-0.002373224589973688,-0.01603328436613083,0.01379806362092495
1777499003448647680,-0.00237453798763454,-0.01603398844599724,0.01379648130387068
1777499003458788608,-0.002373776864260435,-0.01603410765528679,0.01379758212715387
1777499003468910080,-0.002374083967879415,-0.0160363707691431,0.01379609759896994
1777499003479011584,-0.002377771539613605,-0.01603680104017258,0.01378926169127226
1777499003489093888,-0.002378866774961352,-0.01603228598833084,0.01378676202148199
1777499003499156480,-0.002375773387029767,-0.01603348925709724,0.01378777623176575
1777499003509199360,-0.002375609241425991,-0.01603934541344643,0.01378370635211468
1777499003519222528,-0.00237453100271523,-0.01603667624294758,0.01378417015075684
1777499003529226752,-0.002372226445004344,-0.0160352811217308,0.01378371007740498
1777499003539211520,-0.002374307485297322,-0.0160358864814043,0.01378045417368412
1777499003549176832,-0.002374971052631736,-0.01603038236498833,0.01377987675368786
1777499003559122944,-0.002381358295679092,-0.01603048481047153,0.01378012634813786
1777499003569053952,-0.002379173645749688,-0.01603330858051777,0.01378186699002981
1777499003578965760,-0.002378880744799972,-0.01603385992348194,0.01378823537379503
1777499003588858880,-0.002371476730331779,-0.01603534631431103,0.01378840953111649
1777499003598732544,-0.002368153538554907,-0.01603373140096664,0.0137886144220829
1777499003608587776,-0.002371812704950571,-0.01603458635509014,0.01379195880144835
1777499003618423296,-0.002367372391745448,-0.01603467203676701,0.01379368174821138
1777499003628239616,-0.002362623112276196,-0.01603789813816547,0.01379429362714291
1777499003638036992,-0.002358509926125407,-0.0160394161939621,0.01378730963915586
1777499003647815680,-0.002349958987906575,-0.01604052819311619,0.01378930080682039
1777499003658035968,-0.002345684450119734,-0.01604084670543671,0.01378958392888308
1777499003668237312,-0.00235071056522429,-0.01604410633444786,0.01379105541855097
1777499003678419456,-0.002355898497626185,-0.0160404983907938,0.01378938090056181
1777499003688582656,-0.002355538308620453,-0.01604229025542736,0.01379064563661814
1777499003698728192,-0.002355949254706502,-0.01603826880455017,0.0137912929058075
1777499003708854528,-0.002353422343730927,-0.016036257147789,0.01378799416124821
1777499003718963712,-0.002358279190957546,-0.01603373140096664,0.01379004586488008
1777499003729054464,-0.002357131335884333,-0.01602962799370289,0.01379140093922615
1777499003739126528,-0.002357352757826447,-0.01602562703192234,0.0137904342263937
1777499003749178880,-0.002353964140638709,-0.01602393575012684,0.01378899347037077
1777499003759211776,-0.00235056085512042,-0.01602399535477161,0.0137890400364995
1777499003769225984,-0.002355266362428665,-0.0160343125462532,0.01379056181758642
1777499003779220736,-0.002358186524361372,-0.01603227108716965,0.01379076950252056
1777499003789196544,-0.002354971831664443,-0.0160320121794939,0.01378744281828403
1777499003799155456,-0.002352480310946703,-0.0160305593162775,0.01378810126334429
1777499003809095680,-0.002357244724407792,-0.01603819988667965,0.01378607098013163
1777499003819016448,-0.002355685457587242,-0.01603947579860687,0.01378189865499735
1777499003828917760,-0.002363284351304173,-0.01603487320244312,0.01377746090292931
1777499003838799872,-0.002370344707742333,-0.01603389903903008,0.01377859152853489
1777499003848663040,-0.002373968716710806,-0.01603139005601406,0.01377420127391815
1777499003858507008,-0.002372679766267538,-0.01603214628994465,0.01377561129629612
1777499003868331776,-0.002372152404859662,-0.01602919958531857,0.01377438940107822
1777499003878138368,-0.00237397663295269,-0.01603412441909313,0.01377236284315586
1777499003887925504,-0.002374110743403435,-0.01603896543383598,0.01376885548233986
1777499003898149888,-0.002375920535996556,-0.01603284664452076,0.01376737281680107
1777499003908354560,-0.002374715637415648,-0.0160322692245245,0.01376635488122702
1777499003918539776,-0.002371491398662329,-0.01602616347372532,0.01376658491790295
1777499003928705024,-0.002369798021391034,-0.01602274551987648,0.01376638654619455
1777499003938851840,-0.00236579729244113,-0.01602574624121189,0.01376563590019941
1777499003948979200,-0.002364632440730929,-0.0160258486866951,0.01376422960311174
1777499003959087104,-0.002364481566473842,-0.0160231851041317,0.013765181414783
1777499003969175296,-0.002364330925047398,-0.01601793989539146,0.01376370806246996
1777499003979244032,-0.002358133671805263,-0.01601775549352169,0.01376496534794569
1777499003989293312,-0.002367370296269655,-0.01601413078606129,0.01376379560679197
1777499003999322624,-0.002363117644563317,-0.01600952073931694,0.01376222632825375
1777499004009332480,-0.002363520907238126,-0.0160079337656498,0.01376127731055021
1777499004019323392,-0.002364793559536338,-0.01601384207606316,0.01375991478562355
1777499004029294592,-0.00236619939096272,-0.01601376943290234,0.01375918835401535
1777499004039246592,-0.002368189161643386,-0.01601213961839676,0.01375863794237375
1777499004049179136,-0.002371235052123666,-0.01601167395710945,0.01375962607562542
1777499004059092224,-0.002379073994234204,-0.01601464673876762,0.01375900954008102
1777499004068985600,-0.002375409472733736,-0.0160151906311512,0.01375824119895697
1777499004078859776,-0.002373458351939917,-0.01600916683673859,0.01375655177980661
1777499004088713984,-0.002379123819991946,-0.01600772514939308,0.01375803630799055
1777499004098553856,-0.002379464684054255,-0.01601111702620983,0.01375730149447918
1777499004108378368,-0.002374474424868822,-0.01601346768438816,0.0137580344453454
1777499004118183680,-0.002376479795202613,-0.01601834408938885,0.01375632826238871
1777499004127970304,-0.002377957571297884,-0.01602024585008621,0.01376099139451981
1777499004137971200,-0.002378190401941538,-0.01602174527943134,0.01375530287623405
1777499004148186368,-0.00237931520678103,-0.01602849923074245,0.01375554222613573
1777499004158382080,-0.002382999053224921,-0.01602488942444324,0.01375231053680182
1777499004168557568,-0.002384755527600646,-0.01601503975689411,0.0137488879263401
1777499004178713088,-0.002378464909270406,-0.0160138513892889,0.01374859735369682
1777499004188848640,-0.002377809723839164,-0.01600958406925201,0.01374610420316458
1777499004198964736,-0.00237936363555491,-0.01601292751729488,0.01374749466776848
1777499004209061120,-0.002374158008024096,-0.01601740904152393,0.0137474425137043
1777499004219137792,-0.002373875584453344,-0.01602105423808098,0.01374667324125767
1777499004229196800,-0.002376757329329848,-0.01602757535874844,0.01374533213675022
1777499004239237888,-0.002375317038968205,-0.01602056995034218,0.01373705733567476
1777499004249259264,-0.002371514216065407,-0.016019431874156,0.013732117600739
1777499004259261440,-0.002377357799559832,-0.01601929031312466,0.01373277325183153
1777499004269244160,-0.002377300057560205,-0.01601929403841496,0.01373837515711784
1777499004279207680,-0.002378072356805205,-0.0160177331417799,0.01373534370213747
1777499004289151744,-0.002377951052039862,-0.01601162180304527,0.01373381447046995
1777499004299076608,-0.002374339383095503,-0.01600942760705948,0.01373148988932371
1777499004308982272,-0.002373716793954372,-0.01601245440542698,0.01373076718300581
1777499004318868992,-0.002373072085902095,-0.01601974107325077,0.01372613199055195
1777499004328736512,-0.002378446981310844,-0.01602046750485897,0.01372666750103235
1777499004338584576,-0.002375224139541388,-0.0160216111689806,0.01373210269957781
1777499004348413696,-0.002373218070715666,-0.0160196740180254,0.01372927334159613
1777499004358223360,-0.0023683225736022,-0.01601678505539894,0.01372808311134577
1777499004368014080,-0.002364766784012318,-0.01602435111999512,0.01373106613755226
1777499004378017792,-0.00236132787540555,-0.01602308638393879,0.01373251061886549
1777499004388233984,-0.002363040577620268,-0.01602097228169441,0.01373194437474012
1777499004398430208,-0.002359439851716161,-0.01601677946746349,0.0137299532070756
1777499004408607232,-0.002358941826969385,-0.0160160381346941,0.01373017765581608
1777499004418764800,-0.002357227494940162,-0.0160208884626627,0.01372462045401335
1777499004428902912,-0.002358469879254699,-0.01602348312735558,0.0137243177741766
1777499004439021056,-0.002349048387259245,-0.01602695696055889,0.01372096408158541
1777499004449120000,-0.002350333845242858,-0.01603959873318672,0.01371734123677015
1777499004459198976,-0.002350144321098924,-0.01604306697845459,0.01371539384126663
1777499004469258240,-0.002347757807001472,-0.01604240946471691,0.01371245365589857
1777499004479297792,-0.002345914952456951,-0.01604068279266357,0.01371270511299372
1777499004489318144,-0.002349042100831866,-0.0160343237221241,0.01371476799249649
1777499004499319296,-0.00235113687813282,-0.01602896489202976,0.01371614076197147
1777499004509300736,-0.002350302645936608,-0.01603091321885586,0.01370974443852901
1777499004519263232,-0.002346840454265475,-0.01602653600275517,0.01370981149375439
1777499004529206272,-0.00234522926621139,-0.01602596789598465,0.01371187437325716
1777499004539129856,-0.002353501971811056,-0.01602249778807163,0.0137149216607213
1777499004549039872,-0.00235749501734972,-0.01602435298264027,0.01371597032994032
1777499004558931200,-0.002356276847422123,-0.01602465845644474,0.01371540687978268
1777499004568803328,-0.002356922253966331,-0.0160190537571907,0.01371455006301403
1777499004578656512,-0.002351254457607865,-0.01601238176226616,0.01371465902775526
1777499004588490752,-0.002346945460885763,-0.01601181551814079,0.01371806394308805
1777499004598305792,-0.002347097964957356,-0.01601035892963409,0.01372269820421934
1777499004608101888,-0.002348784590139985,-0.01601338759064674,0.01372368168085814
1777499004617879040,-0.002349539194256067,-0.01601900346577168,0.01372339017689228
1777499004628096256,-0.00234201573766768,-0.0160211231559515,0.0137280561029911
1777499004638293760,-0.002342151710763574,-0.0160176083445549,0.01372344605624676
1777499004648471552,-0.002332136500626802,-0.01601042784750462,0.01372129935771227
1777499004658630912,-0.002328600734472275,-0.01600535027682781,0.01372135430574417
1777499004668770816,-0.002325358102098107,-0.0160017441958189,0.01371756941080093
1777499004678891008,-0.002323772292584181,-0.01600666716694832,0.01371485739946365
1777499004688991744,-0.002322268905118108,-0.01600705832242966,0.01371783297508955
1777499004699073024,-0.002321010921150446,-0.01601017639040947,0.01371395122259855
1777499004709135104,-0.002318561309948564,-0.01601147465407848,0.01370400283485651
1777499004719177728,-0.002318715443834662,-0.01601137034595013,0.01369794644415379
1777499004729201408,-0.002316316589713097,-0.01601345092058182,0.01369560975581408
1777499004739205888,-0.002317063976079226,-0.01601268537342548,0.01369711477309465
1777499004749190912,-0.00231495569460094,-0.01601109839975834,0.01370149478316307
1777499004759156480,-0.002318534068763256,-0.01601621322333813,0.01370235625654459
